Resource,Zone,AnnualSum,Capacity,CapacityFactor
BASN_batteries_1,1,744764.1007071943,936.0,0.0
BASN_biomass_2,1,183456.0,21.0,1.0
BASN_conventional_hydroelectric_1,1,8.031388503607348e6,2490.0,0.3692144265527011
BASN_conventional_steam_coal_1,1,1497.5146878642456,1178.0,0.00014551681311143142
BASN_conventional_steam_coal_2,1,1566.6212327825417,1822.0,9.842445311165211e-5
BASN_geothermal_1,1,3.591750871081716e6,433.0,0.9495234264844776
BASN_natural_gas_fired_combined_cycle_1,1,538543.6349630926,925.0,0.06664484147152418
BASN_natural_gas_fired_combined_cycle_2,1,1.3944090796591876e7,7294.0,0.21883249787998574
BASN_natural_gas_fired_combustion_turbine_1,1,1985.3455491316092,1947.0,0.00011672329254617847
BASN_natural_gas_fired_combustion_turbine_2,1,5334.205434735728,236.0,0.002587289995584086
BASN_natural_gas_internal_combustion_engine_1,1,35049.44581975105,221.0,0.018154164087103578
BASN_natural_gas_steam_turbine_1,1,876.0733839426405,242.0,0.00041439308037731227
BASN_onshore_wind_turbine_1,1,3.4650467493021376e6,2029.9999999999998,0.19538914616952996
BASN_petroleum_liquids_1,1,371.56203987219163,26.0,0.0016358571070732586
BASN_small_hydroelectric_1,1,1.511328e6,173.0,1.0
BASN_solar_photovoltaic_1,1,1.975474346964277e7,8006.0,0.2824510433229732
CANO_batteries_1,2,2.8758132070074636e6,2651.0,0.0
CANO_biomass_1,2,1.292928e6,148.0,1.0
CANO_biomass_2,2,628992.0,72.0,1.0
CANO_conventional_hydroelectric_1,2,1.8350209883208927e7,6973.0,0.3012372993110942
CANO_hydroelectric_pumped_storage_1,2,3.0256494164986867e6,2277.0,0.0
CANO_natural_gas_fired_combined_cycle_1,2,77713.48515081324,3113.0,0.0028576210726410384
CANO_natural_gas_fired_combined_cycle_2,2,1.9962201145285927e7,8297.0,0.2754068334819749
CANO_natural_gas_fired_combustion_turbine_1,2,2370.5000936592546,2249.0,0.00012065293639151254
CANO_natural_gas_fired_combustion_turbine_2,2,2328.2761619731514,2421.0,0.00011008472880255788
CANO_natural_gas_internal_combustion_engine_1,2,10171.573456973994,444.0,0.002622361404237512
CANO_onshore_wind_turbine_1,2,2.393128315352408e6,1442.0,0.18997134589922107
CANO_petroleum_liquids_1,2,495.53795057411514,177.0,0.00032047269210987145
CANO_small_hydroelectric_1,2,1.886976e6,216.0,1.0
CANO_solar_photovoltaic_1,2,1.5302626929267535e7,6328.0,0.27681326295573977
CASO_batteries_1,3,1.0192720519307917e7,8920.0,0.0
CASO_biomass_1,3,1.022112e6,117.0,1.0
CASO_biomass_2,3,104832.0,12.0,1.0
CASO_conventional_hydroelectric_1,3,2.3613173367032837e6,971.0,0.2783700455026449
CASO_geothermal_1,3,198975.1403714567,24.0,0.9490190989938985
CASO_hydroelectric_pumped_storage_1,3,2.587746725235682e6,1665.0,0.0
CASO_natural_gas_fired_combined_cycle_1,3,296845.71820925374,2105.0,0.016142324126298242
CASO_natural_gas_fired_combined_cycle_2,3,2.667813280993348e7,7482.0,0.4081549811417592
CASO_natural_gas_fired_combustion_turbine_1,3,2748.017662665794,1872.0,0.00016803550287699599
CASO_natural_gas_fired_combustion_turbine_2,3,47514.87985356759,4573.0,0.0011893667925240339
CASO_natural_gas_internal_combustion_engine_1,3,33067.80583540673,50.0,0.07570468368911798
CASO_onshore_wind_turbine_1,3,1.201999955321053e7,3945.0,0.348774575354187
CASO_petroleum_liquids_1,3,400.5349087432027,14.0,0.0032749125845696193
CASO_small_hydroelectric_1,3,585312.0,67.0,1.0
CASO_solar_photovoltaic_1,3,3.155159318054492e7,13797.0,0.26177248992973434
FRCC_batteries_1,4,528986.1244214094,555.0,0.0
FRCC_biomass_1,4,471744.0,54.0,1.0
FRCC_biomass_2,4,995904.0,114.0,1.0
FRCC_conventional_hydroelectric_1,4,115976.42276429002,44.0,0.3017202140679373
FRCC_conventional_steam_coal_1,4,1505.5366538548567,3135.0,5.497195253046868e-5
FRCC_conventional_steam_coal_2,4,707.0734639872481,442.0,0.0001831174129382055
FRCC_natural_gas_fired_combined_cycle_1,4,6.498750955526891e7,29926.0,0.24858138152279327
FRCC_natural_gas_fired_combined_cycle_2,4,12776.849653258096,2699.0,0.0005418864287876469
FRCC_natural_gas_fired_combustion_turbine_1,4,8420.792743570428,7864.0,0.00012257357366278747
FRCC_natural_gas_fired_combustion_turbine_2,4,1364.3398356865441,939.0,0.00016631994860561857
FRCC_natural_gas_internal_combustion_engine_1,4,137816.05519653304,251.0,0.06285118463715332
FRCC_natural_gas_steam_turbine_1,4,1048.4484607805825,232.0,0.0005173047618951813
FRCC_nuclear_1,4,3.1485802029088143e7,3737.0,0.9644484894731573
FRCC_petroleum_liquids_1,4,486.44299242986995,452.0,0.00012319154197407888
FRCC_solar_photovoltaic_1,4,1.8554027015449345e7,9458.0,0.2245568200235907
ISNE_batteries_1,5,355186.25580581033,366.0,0.0
ISNE_biomass_1,5,358176.0,41.0,1.0
ISNE_biomass_2,5,978432.0,112.0,1.0
ISNE_conventional_hydroelectric_1,5,2.2368832447735216e6,593.0,0.4317933979403947
ISNE_conventional_steam_coal_2,5,1220.4176414584072,330.0,0.0004233327927136777
ISNE_hydroelectric_pumped_storage_1,5,3.456458703765129e6,1801.0,0.0
ISNE_natural_gas_fired_combined_cycle_1,5,963119.9796056063,3371.0,0.032704612996953326
ISNE_natural_gas_fired_combined_cycle_2,5,2.1000916863832694e7,10513.0,0.22866461582877912
ISNE_natural_gas_fired_combustion_turbine_1,5,200465.8444783074,1338.0,0.017150297146654586
ISNE_natural_gas_fired_combustion_turbine_2,5,21522.301923409952,438.0,0.00562473393134428
ISNE_natural_gas_internal_combustion_engine_1,5,35952.68316039787,60.0,0.06859104693299349
ISNE_natural_gas_steam_turbine_1,5,6853.519216916308,21.0,0.03735783630361672
ISNE_nuclear_1,5,2.684848350591975e7,3356.0,0.9157674075189722
ISNE_offshore_wind_turbine_1,5,100120.15902201255,29.0,0.3951945142652384
ISNE_onshore_wind_turbine_1,5,3.06493532897261e6,1542.0,0.22752248169779524
ISNE_petroleum_liquids_1,5,6666.9474542247945,1042.0,0.0007323972212655461
ISNE_small_hydroelectric_1,5,2.218944e6,254.0,1.0
ISNE_solar_photovoltaic_1,5,5.094267661347826e6,2682.0,0.2174254416461385
MISC_batteries_1,6,33574.81213838723,36.0,0.0
MISC_biomass_1,6,331968.0,38.0,1.0
MISC_biomass_2,6,366912.0,42.0,1.0
MISC_conventional_hydroelectric_1,6,1.3905233275192962e6,452.0,0.3521496157491167
MISC_conventional_steam_coal_1,6,1447.876911228904,1337.0,0.00012396172469637958
MISC_conventional_steam_coal_2,6,1540.1084596495677,12309.0,1.4322403650579087e-5
MISC_hydroelectric_pumped_storage_1,6,1.0863855507014636e6,471.0,0.0
MISC_natural_gas_fired_combined_cycle_1,6,2.0940451060960891e6,1584.0,0.1513276296978549
MISC_natural_gas_fired_combined_cycle_2,6,1.0525677843871154e7,3192.0,0.3774631549351556
MISC_natural_gas_fired_combustion_turbine_1,6,377887.5676121278,578.0,0.07483799439699225
MISC_natural_gas_fired_combustion_turbine_2,6,1.5661169952847052e6,8900.0,0.020142880233216875
MISC_natural_gas_internal_combustion_engine_1,6,37177.67923410078,75.0,0.05674248967353599
MISC_natural_gas_steam_turbine_1,6,113937.97231421547,201.0,0.06488731497857295
MISC_nuclear_1,6,1.843605853422543e7,2373.0,0.8893192944350202
MISC_onshore_wind_turbine_1,6,1.3907437987695266e7,6437.0,0.24731530746040495
MISC_petroleum_liquids_1,6,692.0917531234793,433.0,0.00018296294939563595
MISC_small_hydroelectric_1,6,122304.0,14.0,1.0
MISC_solar_photovoltaic_1,6,7.893295288092332e6,3922.0,0.23037647846643744
MISE_biomass_1,7,620256.0,71.0,1.0
MISE_biomass_2,7,428064.0,49.0,1.0
MISE_conventional_hydroelectric_1,7,92845.52476568047,32.0,0.33212255596697743
MISE_conventional_steam_coal_1,7,1577.6288100758368,3088.0,5.8481016335086425e-5
MISE_hydroelectric_pumped_storage_1,7,4.310228684709151e6,2115.0,0.0
MISE_natural_gas_fired_combined_cycle_1,7,1.2803718034971127e7,6017.0,0.24358103115217977
MISE_natural_gas_fired_combined_cycle_2,7,797385.0177842396,744.0,0.12268246979871937
MISE_natural_gas_fired_combustion_turbine_1,7,12547.8197779255,428.0,0.003355922153128718
MISE_natural_gas_fired_combustion_turbine_2,7,679316.4294403794,3972.0,0.019577185370866997
MISE_natural_gas_internal_combustion_engine_1,7,108489.7772576928,133.0,0.09337369630953482
MISE_nuclear_1,7,9.699863936640935e6,1161.0,0.9563586652280597
MISE_onshore_wind_turbine_1,7,8.935613538717937e6,3677.0,0.2781750163474718
MISE_petroleum_liquids_1,7,509.8890270387217,45.0,0.001297031509561258
MISE_small_hydroelectric_1,7,104832.0,12.0,1.0
MISE_solar_photovoltaic_1,7,2.4609866542137507e6,1181.0,0.23853204723190352
MISS_batteries_1,8,14848.550331158105,10.0,0.0
MISS_biomass_2,8,655200.0,75.0,1.0
MISS_conventional_hydroelectric_1,8,1.267803571039416e6,583.0,0.24892630385326464
MISS_conventional_steam_coal_1,8,1257.990472163554,1574.0,9.148712888260018e-5
MISS_conventional_steam_coal_2,8,1515.1997795951022,4521.0,3.836390139653286e-5
MISS_natural_gas_fired_combined_cycle_1,8,5.278206180392217e7,17522.0,0.3448180960518431
MISS_natural_gas_fired_combined_cycle_2,8,601798.5404847336,2225.0,0.03096053733407075
MISS_natural_gas_fired_combustion_turbine_1,8,243945.54929645927,4346.0,0.006425257712885203
MISS_natural_gas_fired_combustion_turbine_2,8,141910.6271689226,972.0,0.016712292539188225
MISS_natural_gas_internal_combustion_engine_1,8,101682.43056636314,108.0,0.10777289225338652
MISS_natural_gas_steam_turbine_1,8,1528.4603739649078,62.0,0.0028219536031196604
MISS_natural_gas_steam_turbine_2,8,14403.413904228215,3312.0,0.0004978087059456695
MISS_nuclear_1,8,4.265337075590078e7,5426.0,0.8998309834495823
MISS_onshore_wind_turbine_1,8,288432.8284181629,184.0,0.17943792578570614
MISS_petroleum_liquids_1,8,398.55746018327136,41.0,0.0011127419486042375
MISS_solar_photovoltaic_1,8,4.708356300011181e6,2208.0,0.2440942931055725
MISW_batteries_1,9,35398.929309026855,31.0,0.0
MISW_biomass_1,9,690144.0,79.0,1.0
MISW_biomass_2,9,87360.0,10.0,1.0
MISW_conventional_hydroelectric_1,9,264521.6292996095,99.0,0.30585343973111323
MISW_conventional_steam_coal_1,9,78293.91457592805,11886.0,0.0007540144284308228
MISW_conventional_steam_coal_2,9,383.94774688416,331.0,0.00013277964532087247
MISW_natural_gas_fired_combined_cycle_1,9,2.244008779431284e6,1408.0,0.18243546650544148
MISW_natural_gas_fired_combined_cycle_2,9,2.1785483913421877e7,7025.0,0.35498357373297024
MISW_natural_gas_fired_combustion_turbine_1,9,5407.0030630115125,316.0,0.0019586503189955693
MISW_natural_gas_fired_combustion_turbine_2,9,2.2861815540617197e6,5486.0,0.04770262604139791
MISW_natural_gas_fired_combustion_turbine_3,9,352531.0056441612,615.0,0.06561597383114469
MISW_natural_gas_internal_combustion_engine_1,9,943301.2300158049,736.0,0.14671008240759825
MISW_natural_gas_steam_turbine_1,9,79130.36076055722,111.0,0.08160326613759077
MISW_nuclear_1,9,2.162727315784325e7,2928.0,0.8455086748416222
MISW_onshore_wind_turbine_1,9,6.307659256628125e7,23321.0,0.30960533105902116
MISW_petroleum_liquids_1,9,8147.422758526308,1206.0,0.0007733219166801739
MISW_small_hydroelectric_1,9,3.878784e6,444.0,1.0
MISW_solar_photovoltaic_1,9,6.369622926536522e6,3132.0,0.23279805347876148
NWPP_batteries_1,10,74917.90219605333,135.0,0.0
NWPP_biomass_1,10,410592.0,47.0,1.0
NWPP_biomass_2,10,637728.0,73.0,1.0
NWPP_conventional_hydroelectric_1,10,1.3688306812568447e8,31573.0,0.4962736950356735
NWPP_conventional_steam_coal_1,10,1465.4275608906516,1482.0,0.00011318881839172108
NWPP_conventional_steam_coal_2,10,837.3508284678296,148.0,0.000647639179032266
NWPP_geothermal_1,10,175551.0289517859,22.0,0.913414860929622
NWPP_hydroelectric_pumped_storage_1,10,441857.8056658705,314.0,0.0
NWPP_natural_gas_fired_combined_cycle_1,10,609612.488080845,2899.0,0.024070938005054672
NWPP_natural_gas_fired_combined_cycle_2,10,5.578442089922122e6,4016.0,0.1590034690086415
NWPP_natural_gas_fired_combustion_turbine_1,10,1693.8466371872182,1018.0,0.0001904643429697697
NWPP_natural_gas_fired_combustion_turbine_2,10,1040.17575034607,324.0,0.0003674930154017397
NWPP_natural_gas_internal_combustion_engine_1,10,34063.68887028794,310.0,0.012578167047105022
NWPP_nuclear_1,10,8.1923696279671e6,1172.0,0.8001461165721908
NWPP_onshore_wind_turbine_1,10,2.0373597647881914e7,8708.0,0.2678160987481133
NWPP_petroleum_liquids_1,10,494.24788339337925,21.0,0.002694094951341898
NWPP_small_hydroelectric_1,10,3.651648e6,418.0,1.0
NWPP_solar_photovoltaic_1,10,3.233219354488408e6,1629.0,0.22719640766546537
NYCW_batteries_1,11,44161.863465501534,24.0,0.0
NYCW_biomass_2,11,104832.0,12.0,1.0
NYCW_natural_gas_fired_combined_cycle_1,11,4.141446069461e6,1505.0,0.3149944377609586
NYCW_natural_gas_fired_combined_cycle_2,11,5.208971211322874e6,2828.0,0.2108433591269925
NYCW_natural_gas_fired_combustion_turbine_2,11,372112.3243903793,1084.0,0.03929453434302256
NYCW_natural_gas_fired_combustion_turbine_3,11,905646.3201457002,1010.9999999999999,0.10254036189662118
NYCW_natural_gas_internal_combustion_engine_1,11,60157.86771130429,37.0,0.18611358934543698
NYCW_petroleum_liquids_1,11,1693.2676415243827,330.0,0.0005873528005065707
NYCW_solar_photovoltaic_1,11,280346.2371929838,157.0,0.20440073522038085
NYUP_batteries_1,12,170261.51937047963,170.0,0.0
NYUP_biomass_1,12,663936.0,76.0,1.0
NYUP_biomass_2,12,419328.0,48.0,1.0
NYUP_conventional_hydroelectric_1,12,1.7798333965613317e7,3443.0,0.5917383324081841
NYUP_hydroelectric_pumped_storage_1,12,2.494035095772177e6,1407.0,0.0
NYUP_natural_gas_fired_combined_cycle_1,12,1.3926996829485295e7,6566.0,0.24279736712346292
NYUP_natural_gas_fired_combined_cycle_2,12,677015.8746056492,1837.0,0.04218684724741633
NYUP_natural_gas_fired_combustion_turbine_2,12,9927.526770376026,58.0,0.019592977868779258
NYUP_natural_gas_internal_combustion_engine_1,12,24766.73775994937,20.0,0.1417510173989776
NYUP_natural_gas_steam_turbine_1,12,17017.78734940154,49.0,0.03975524068691023
NYUP_nuclear_1,12,2.748692002786496e7,3358.0,0.9369852660322187
NYUP_onshore_wind_turbine_1,12,7.066263912591936e6,3371.0,0.23994874105954145
NYUP_petroleum_liquids_1,12,631.6189264585807,76.0,0.0009513250169573283
NYUP_small_hydroelectric_1,12,3.310944e6,379.0,1.0
NYUP_solar_photovoltaic_1,12,3.281770192932037e6,1743.0,0.2155252480967852
PJMC_batteries_1,13,34844.99542296055,40.0,0.0
PJMC_biomass_1,13,96096.0,11.0,1.0
PJMC_biomass_2,13,139776.0,16.0,1.0
PJMC_conventional_hydroelectric_1,13,29693.73936892364,11.0,0.30900078430864597
PJMC_conventional_steam_coal_1,13,1296.2580202782442,1538.0,9.647671237965469e-5
PJMC_natural_gas_fired_combined_cycle_1,13,1.891805429547792e7,4843.0,0.4471460237794097
PJMC_natural_gas_fired_combined_cycle_2,13,33678.69277656914,195.0,0.019770060097074965
PJMC_natural_gas_fired_combustion_turbine_1,13,73080.70318335589,102.0,0.0820143638037733
PJMC_natural_gas_fired_combustion_turbine_2,13,1.6070626782105397e6,8524.0,0.02158125761438909
PJMC_natural_gas_internal_combustion_engine_1,13,142557.98177936283,111.0,0.14701306572303363
PJMC_natural_gas_steam_turbine_1,13,384.08455303126703,44.0,0.000999220969216375
PJMC_nuclear_1,13,8.615240910522898e7,10898.0,0.9049154378356231
PJMC_onshore_wind_turbine_1,13,1.0075655216709496e7,4489.0,0.2569277815630489
PJMC_petroleum_liquids_1,13,747.8161857037609,55.0,0.0015563939928899453
PJMC_solar_photovoltaic_1,13,679051.1166008366,344.0,0.22595991346980304
PJMD_batteries_1,14,38260.14361736627,40.0,0.0
PJMD_biomass_1,14,349440.0,40.0,1.0
PJMD_conventional_hydroelectric_1,14,616089.8566271659,613.0,0.11504585040603131
PJMD_conventional_steam_coal_2,14,1229.8829333869364,881.0,0.00015979943565770568
PJMD_hydroelectric_pumped_storage_1,14,5.864987506560878e6,3003.0,0.0
PJMD_natural_gas_fired_combined_cycle_1,14,1.8534068705452677e7,6969.0,0.3044301619602647
PJMD_natural_gas_fired_combined_cycle_2,14,958435.9273873282,730.0,0.15028914010163083
PJMD_natural_gas_fired_combustion_turbine_1,14,22812.864260717604,1874.0,0.001393469939811465
PJMD_natural_gas_fired_combustion_turbine_2,14,29862.16572220844,60.0,0.0569714700133708
PJMD_natural_gas_fired_combustion_turbine_3,14,369767.073274953,2627.0,0.01611222573116074
PJMD_natural_gas_steam_turbine_1,14,15652.606103641408,20.0,0.08958680233311245
PJMD_nuclear_1,14,3.1369039178517144e7,3708.0,0.9683868107454635
PJMD_onshore_wind_turbine_1,14,340587.41809208837,208.0,0.18743584135280644
PJMD_petroleum_liquids_1,14,434.6167802105681,116.0,0.0004288800802570498
PJMD_solar_photovoltaic_1,14,1.0315410555406248e7,4754.0,0.2483789088783113
PJME_batteries_1,15,65754.9695365019,88.0,0.0
PJME_biomass_1,15,646464.0,74.0,1.0
PJME_biomass_2,15,1.039584e6,119.0,1.0
PJME_conventional_hydroelectric_1,15,2.450362686951861e6,812.0,0.3454313230446492
PJME_conventional_steam_coal_1,15,1587.6936805546884,7440.0,2.4427619991597746e-5
PJME_conventional_steam_coal_2,15,961.2847920960099,869.0,0.00012662506165986043
PJME_hydroelectric_pumped_storage_1,15,3.6275550479656053e6,1942.0,0.0
PJME_natural_gas_fired_combined_cycle_1,15,877597.9722672767,4186.0,0.023998481449023692
PJME_natural_gas_fired_combined_cycle_2,15,1.0188477514965135e8,22981.0,0.5074902971170171
PJME_natural_gas_fired_combustion_turbine_1,15,653.2633682263737,268.0,0.00027902356701484576
PJME_natural_gas_fired_combustion_turbine_2,15,197631.5460549663,3978.0,0.005686942850713445
PJME_natural_gas_fired_combustion_turbine_3,15,92268.07291676868,888.0,0.01189394316837038
PJME_natural_gas_internal_combustion_engine_1,15,294781.0515237203,265.0,0.1273330273013513
PJME_natural_gas_steam_turbine_1,15,1472.0832754780354,90.0,0.0018723077883064146
PJME_nuclear_1,15,1.0920220945558436e8,12829.0,0.9743746912364046
PJME_onshore_wind_turbine_1,15,2.805871598231374e6,1314.0,0.2444329799809614
PJME_petroleum_liquids_1,15,512.7118775436306,641.0,9.155935479269718e-5
PJME_small_hydroelectric_1,15,594048.0,68.0,1.0
PJME_solar_photovoltaic_1,15,4.133135678298709e6,2210.0,0.21407934289167563
PJMW_batteries_1,16,30713.65314262879,32.0,0.0
PJMW_biomass_1,16,174720.0,20.0,1.0
PJMW_conventional_hydroelectric_1,16,2.210074972756793e6,833.0,0.30370320831035613
PJMW_conventional_steam_coal_1,16,1503.3883293570711,17158.0,1.0029791054741063e-5
PJMW_conventional_steam_coal_3,16,1076.4683934379505,550.0,0.00022404020842448186
PJMW_hydroelectric_pumped_storage_1,16,511133.04997060867,238.0,0.0
PJMW_natural_gas_fired_combined_cycle_1,16,6.549790790495936e7,18211.0,0.41170013414787543
PJMW_natural_gas_fired_combined_cycle_2,16,890565.617052486,1121.0,0.090938478964328
PJMW_natural_gas_fired_combustion_turbine_1,16,4635.860047790555,669.0,0.0007932161965727362
PJMW_natural_gas_fired_combustion_turbine_2,16,655288.7833461912,10942.0,0.006855251592836981
PJMW_natural_gas_internal_combustion_engine_1,16,63323.79853721629,83.0,0.08733257002903963
PJMW_natural_gas_steam_turbine_1,16,47829.08940081654,50.0,0.10949883104582542
PJMW_nuclear_1,16,5.252367212870421e7,6326.0,0.9504149709623326
PJMW_onshore_wind_turbine_1,16,9.011446818392044e6,4454.0,0.23159633689333156
PJMW_petroleum_liquids_1,16,670.373498170067,197.0,0.00038952737617029427
PJMW_small_hydroelectric_1,16,1.764672e6,202.0,1.0
PJMW_solar_photovoltaic_1,16,8.514289494266426e6,4144.0,0.2351884773571091
RMRG_batteries_1,17,161227.25985401063,240.0,0.0
RMRG_conventional_hydroelectric_1,17,1.620828774354977e6,707.0,0.2624249353590885
RMRG_conventional_steam_coal_1,17,1410.978960448191,3596.0,4.4914671688532604e-5
RMRG_conventional_steam_coal_2,17,1281.3283205475873,2654.0,5.526458095888451e-5
RMRG_hydroelectric_pumped_storage_1,17,1.3321234701345968e6,581.0,0.0
RMRG_natural_gas_fired_combined_cycle_1,17,936648.3602847622,1606.0,0.0667603201795894
RMRG_natural_gas_fired_combined_cycle_2,17,2.5794813693397976e6,1955.0,0.15103340320558478
RMRG_natural_gas_fired_combustion_turbine_1,17,27890.68515438495,2674.0,0.0011939472920273228
RMRG_natural_gas_fired_combustion_turbine_2,17,2606.133930896604,382.0,0.0007809455280720218
RMRG_natural_gas_internal_combustion_engine_1,17,105791.22679475244,243.0,0.04983457449367663
RMRG_onshore_wind_turbine_1,17,3.2549195760044355e7,11455.0,0.3252614123113972
RMRG_petroleum_liquids_1,17,409.9878850920547,18.0,0.002607269314026599
RMRG_small_hydroelectric_1,17,882336.0,101.0,1.0
RMRG_solar_photovoltaic_1,17,4.999633624626174e6,2310.0,0.24774994968455027
SPPC_conventional_hydroelectric_1,18,57257.15569997776,52.0,0.12604156914795048
SPPC_conventional_steam_coal_1,18,1380.0555114402157,4667.0,3.384902234809503e-5
SPPC_conventional_steam_coal_2,18,1845.6255362663662,2338.0,9.036212975669374e-5
SPPC_natural_gas_fired_combined_cycle_1,18,3.3575678841274455e6,1560.0,0.24636986094435678
SPPC_natural_gas_fired_combined_cycle_2,18,246469.41806822715,313.0,0.09013761793153927
SPPC_natural_gas_fired_combustion_turbine_1,18,34307.64327760283,3083.0,0.001273810239568624
SPPC_natural_gas_fired_combustion_turbine_2,18,664.9017785837807,70.0,0.0010872935939687674
SPPC_natural_gas_fired_combustion_turbine_3,18,14449.243192814616,438.0,0.0037762293623652033
SPPC_natural_gas_internal_combustion_engine_1,18,71326.9561552644,389.0,0.0209889863164874
SPPC_natural_gas_steam_turbine_1,18,4992.225244413152,10.0,0.057145435490077286
SPPC_nuclear_1,18,9.05315341586659e6,1255.0,0.8257403915351953
SPPC_onshore_wind_turbine_1,18,2.506420977985271e7,8380.0,0.34237131650467156
SPPC_petroleum_liquids_1,18,416.3310568875104,188.0,0.0002534943793884869
SPPC_solar_photovoltaic_1,18,176739.4960445025,102.0,0.19834479822562318
SPPN_biomass_2,19,139776.0,16.0,1.0
SPPN_conventional_hydroelectric_1,19,8.978046277049834e6,2510.0,0.4094449252919565
SPPN_conventional_steam_coal_1,19,1365.649755728093,4289.0,3.6447744649190236e-5
SPPN_conventional_steam_coal_2,19,857.1092248909227,727.0,0.00013495504772909563
SPPN_natural_gas_fired_combined_cycle_1,19,536257.8375455096,300.0,0.20461608575454426
SPPN_natural_gas_fired_combined_cycle_2,19,349056.7634493553,345.0,0.11581487347021663
SPPN_natural_gas_fired_combustion_turbine_1,19,750998.5993429747,2324.0,0.03699051501054132
SPPN_natural_gas_fired_combustion_turbine_2,19,720.8210472119238,120.0,0.0006875963896633887
SPPN_natural_gas_internal_combustion_engine_1,19,399785.8874968541,391.0,0.11704101425177006
SPPN_nuclear_1,19,5.390354233311053e6,770.0,0.801334711911757
SPPN_onshore_wind_turbine_1,19,1.9620432869487107e7,7508.0,0.29913807551382166
SPPN_petroleum_liquids_1,19,574.0649027356866,58.0,0.0011329751301307443
SPPN_small_hydroelectric_1,19,541632.0,62.0,1.0
SPPN_solar_photovoltaic_1,19,237061.1177600003,126.0,0.21536600761672217
SPPS_batteries_1,20,190356.3365816889,222.0,0.0
SPPS_biomass_2,20,104832.0,12.0,1.0
SPPS_conventional_hydroelectric_1,20,2.612864451965296e6,2008.0,0.14895001336032337
SPPS_conventional_steam_coal_1,20,1353.658426504691,4269.0,3.6296964853760086e-5
SPPS_conventional_steam_coal_2,20,1276.597778249075,2447.0,5.9718307339455196e-5
SPPS_hydroelectric_pumped_storage_1,20,1.0776742681742841e6,474.0,0.0
SPPS_natural_gas_fired_combined_cycle_1,20,1.7557224516969498e6,2095.0,0.09593105268173775
SPPS_natural_gas_fired_combined_cycle_2,20,1.933623084840817e7,6888.0,0.3213409390715899
SPPS_natural_gas_fired_combustion_turbine_1,20,49689.41375646024,332.0,0.01713220111092041
SPPS_natural_gas_fired_combustion_turbine_2,20,301126.60185762297,3263.0,0.010563781849834494
SPPS_natural_gas_fired_combustion_turbine_3,20,1865.9148560000851,136.0,0.00157050849089643
SPPS_natural_gas_internal_combustion_engine_1,20,275602.16157253284,433.0,0.07285881404243036
SPPS_natural_gas_steam_turbine_1,20,19092.113808042723,552.0,0.003959153238980033
SPPS_onshore_wind_turbine_1,20,5.726569363294024e7,19174.0,0.34187644326611827
SPPS_petroleum_liquids_1,20,422.3799220270898,46.0,0.0010510728271497496
SPPS_small_hydroelectric_1,20,340704.0,39.0,1.0
SPPS_solar_photovoltaic_1,20,701625.2692412349,335.0,0.23974402344091178
SRCA_batteries_1,21,160890.73022875097,161.0,0.0
SRCA_biomass_1,21,393120.0,45.0,1.0
SRCA_biomass_2,21,611520.0,70.0,1.0
SRCA_conventional_hydroelectric_1,21,1.7064425684318147e6,1216.0,0.1606369597777322
SRCA_conventional_steam_coal_1,21,1478.9377543220419,11844.0,1.4293509402007479e-5
SRCA_conventional_steam_coal_2,21,727.6598626354602,698.0,0.00011933294870408456
SRCA_hydroelectric_pumped_storage_1,21,5.794879089531793e6,2876.0,0.0
SRCA_natural_gas_fired_combined_cycle_1,21,2.911390545372876e7,9004.0,0.3701283537918938
SRCA_natural_gas_fired_combined_cycle_2,21,451055.8868658483,316.0,0.16339194677699448
SRCA_natural_gas_fired_combustion_turbine_1,21,1739.0858007273255,817.0,0.0002436611711422067
SRCA_natural_gas_fired_combustion_turbine_2,21,441597.0370780917,9825.0,0.005144947723882361
SRCA_natural_gas_steam_turbine_1,21,342837.35211783624,566.0,0.06933604663328792
SRCA_nuclear_1,21,1.0342430960884915e8,12107.0,0.9778527529033808
SRCA_petroleum_liquids_1,21,532.833725607133,182.0,0.00033512566769759906
SRCA_small_hydroelectric_1,21,270816.0,31.0,1.0
SRCA_solar_photovoltaic_1,21,1.6294796375469722e7,7941.0,0.2348881548736164
SRCE_batteries_1,22,118659.87235520848,122.0,0.0
SRCE_biomass_1,22,218400.0,25.0,1.0
SRCE_biomass_2,22,87360.0,10.0,1.0
SRCE_conventional_hydroelectric_1,22,1.3550480370458545e7,4439.0,0.3494273712579472
SRCE_conventional_steam_coal_1,22,1451.9057344308667,7174.0,2.3166713233361306e-5
SRCE_conventional_steam_coal_2,22,1448.741370304795,511.0,0.0003245318582541224
SRCE_hydroelectric_pumped_storage_1,22,3.6445882993508843e6,1684.0,0.0
SRCE_natural_gas_fired_combined_cycle_1,22,6.839636959564763e6,3978.0,0.19681384518367398
SRCE_natural_gas_fired_combined_cycle_2,22,2.6897649765033606e7,7536.0,0.40856467960252335
SRCE_natural_gas_fired_combustion_turbine_1,22,69522.7137238007,5859.0,0.0013582840236827797
SRCE_natural_gas_fired_combustion_turbine_2,22,66557.5672165615,124.0,0.06144168662169286
SRCE_natural_gas_fired_combustion_turbine_3,22,767.04783794752,734.0,0.00011962274523589943
SRCE_natural_gas_steam_turbine_1,22,56940.06628444558,64.0,0.10184163641191188
SRCE_nuclear_1,22,6.681761124822047e7,8431.0,0.9071920396282556
SRCE_onshore_wind_turbine_1,22,17603.97122460772,27.0,0.07463357763790412
SRCE_petroleum_liquids_1,22,429.12530394892747,70.0,0.0007017355179698579
SRCE_small_hydroelectric_1,22,401855.9999999622,46.0,0.9999999999999061
SRCE_solar_photovoltaic_1,22,3.904264871825428e6,1937.0,0.2307262604354845
SRSE_batteries_1,23,156109.18929086401,152.0,0.0
SRSE_biomass_1,23,1.362816e6,156.0,1.0
SRSE_biomass_2,23,681408.0,78.0,1.0
SRSE_conventional_hydroelectric_1,23,4.817907882242874e6,3430.0,0.16078730157315843
SRSE_conventional_steam_coal_1,23,1683.816790038955,6810.0,2.8303171208424018e-5
SRSE_conventional_steam_coal_2,23,1403.4254619527715,3698.0,4.344200081028267e-5
SRSE_hydroelectric_pumped_storage_1,23,3.6916562075830176e6,1896.0,0.0
SRSE_natural_gas_fired_combined_cycle_1,23,6.14655501564445e7,20107.0,0.3499225011370287
SRSE_natural_gas_fired_combined_cycle_2,23,878112.3636183623,1336.0,0.07523692001456929
SRSE_natural_gas_fired_combustion_turbine_1,23,5174.784008490415,12161.0,4.870912337172407e-5
SRSE_natural_gas_fired_combustion_turbine_2,23,40294.65739599702,357.0,0.012920122342525799
SRSE_natural_gas_internal_combustion_engine_1,23,24243.52786370935,21.0,0.13214900501324214
SRSE_natural_gas_steam_turbine_1,23,43052.80245193206,87.0,0.056646039182471346
SRSE_nuclear_1,23,6.720618375904015e7,8080.0,0.9521058836860355
SRSE_petroleum_liquids_1,23,406.6354208228389,146.0,0.00031881571831787135
SRSE_solar_photovoltaic_1,23,1.3963024644776586e7,7193.0,0.22220653074354868
SRSG_batteries_1,24,1.6265704311900816e6,2075.0,0.0
SRSG_biomass_1,24,87360.0,10.0,1.0
SRSG_biomass_2,24,227136.0,26.0,1.0
SRSG_conventional_hydroelectric_1,24,6.809870623861177e6,2766.0,0.28182145968664735
SRSG_conventional_steam_coal_1,24,1399.9024315827853,3540.0,4.5267017432340014e-5
SRSG_conventional_steam_coal_2,24,1524.640457977991,446.0,0.00039130910750679394
SRSG_geothermal_1,24,1.17480432228962e6,142.0,0.9470318080676527
SRSG_hydroelectric_pumped_storage_1,24,411247.3810281463,216.0,0.0
SRSG_natural_gas_fired_combined_cycle_1,24,1.674941530130709e7,11247.0,0.17047093003094566
SRSG_natural_gas_fired_combined_cycle_2,24,1.9666516393885096e6,861.0,0.2614638559426637
SRSG_natural_gas_fired_combustion_turbine_1,24,7262.258987483158,2813.0,0.00029552169917383664
SRSG_natural_gas_fired_combustion_turbine_2,24,1650.7638253301684,683.0,0.0002766633390802684
SRSG_natural_gas_internal_combustion_engine_1,24,41709.80386425366,197.0,0.024235908048528793
SRSG_natural_gas_steam_turbine_1,24,669.6250343122922,98.0,0.0007821552785474745
SRSG_nuclear_1,24,2.955290216263959e7,4003.0,0.8450879721001257
SRSG_onshore_wind_turbine_1,24,1.273885059044349e7,4607.0,0.3165187240561298
SRSG_petroleum_liquids_1,24,497.86539391767,172.0,0.00033133771104709063
SRSG_small_hydroelectric_1,24,541632.0,62.0,1.0
SRSG_solar_photovoltaic_1,24,1.931115629650639e7,7667.0,0.2883169600680643
TRE_batteries_1,25,1.8870985094392747e6,2830.0,0.0
TRE_biomass_1,25,192192.0,22.0,1.0
TRE_conventional_hydroelectric_1,25,366814.30768507853,479.0,0.08765932624560252
TRE_conventional_steam_coal_1,25,1579.026475092981,7071.0,2.5562065842195906e-5
TRE_conventional_steam_coal_2,25,1317.1880539685403,3660.0,4.119590733052792e-5
TRE_natural_gas_fired_combined_cycle_1,25,7.366230276348469e7,31955.0,0.2638723251916066
TRE_natural_gas_fired_combined_cycle_2,25,285897.3046241473,5898.0,0.005548718178201963
TRE_natural_gas_fired_combustion_turbine_1,25,1.9796458886595878e6,7554.0,0.029998387202186803
TRE_natural_gas_fired_combustion_turbine_2,25,626229.3418077325,1480.0,0.0484349740904159
TRE_natural_gas_internal_combustion_engine_1,25,1.1489539495135841e6,900.0,0.14613272658648557
TRE_natural_gas_steam_turbine_1,25,972.2851275388136,336.0,0.0003312392097896817
TRE_nuclear_1,25,3.680494558673564e7,5120.0,0.8228555328421824
TRE_onshore_wind_turbine_1,25,2.970559907956309e7,12328.0,0.2758246426837226
TRE_petroleum_liquids_1,25,748.8300330853288,132.0,0.0006493766936928772
TRE_small_hydroelectric_1,25,174720.0,20.0,1.0
TRE_solar_photovoltaic_1,25,2.69985211807073e7,12507.0,0.247100828487579
TREW_batteries_1,26,1.3480062268117352e6,1876.0,0.0
TREW_natural_gas_fired_combined_cycle_1,26,1.1032317471343175e7,3197.0,0.39501309146220437
TREW_natural_gas_fired_combined_cycle_2,26,204268.75644707505,393.0,0.0594972330711545
TREW_natural_gas_fired_combustion_turbine_1,26,1458.282639608225,872.0,0.00019143114430116037
TREW_natural_gas_fired_combustion_turbine_2,26,7045.630567750858,336.0,0.0024003134838022668
TREW_onshore_wind_turbine_1,26,7.006973809859082e7,25978.0,0.30875368980585194
TREW_petroleum_liquids_1,26,640.8400367085175,54.0,0.001358448727929804
TREW_solar_photovoltaic_1,26,2.2112499136349432e7,9872.0,0.2564012020569961
BASN_distributed_generation_1,1,3.5367882167727067e6,1641.0,0.24671062220647885
CANO_distributed_generation_1,2,1.24946866462491e7,5319.0,0.2688950164110583
CASO_distributed_generation_1,3,1.945585247320757e7,8263.0,0.2695255161420572
FRCC_distributed_generation_1,4,1.1139995838114705e7,5591.0,0.22807774526504498
ISNE_distributed_generation_1,5,8.129199163227802e6,5006.0,0.1858849774782121
MISC_distributed_generation_1,6,2.4620973101792457e6,1486.0,0.1896591408533404
MISE_distributed_generation_1,7,1.9538274688743392e6,1564.0,0.14300026325455323
MISS_distributed_generation_1,8,6.171033988206379e6,3250.0,0.21735115483961606
MISW_distributed_generation_1,9,4.092241892201336e6,2764.0,0.16947694737055144
NWPP_distributed_generation_1,10,3.7751887363221175e6,2187.0,0.19759559570299048
NYCW_distributed_generation_1,11,2.1347027665492436e6,1290.0,0.18942403229878713
NYUP_distributed_generation_1,12,1.7447382761556173e6,1075.0,0.1857843807133931
PJMC_distributed_generation_1,13,2.8313947520012697e6,1903.0,0.1703134745794469
PJMD_distributed_generation_1,14,3.375986375902707e6,2041.0,0.1893411694815972
PJME_distributed_generation_1,15,1.5106393209390542e7,9090.0,0.19023230768967
PJMW_distributed_generation_1,16,4.648529005177952e6,2804.0,0.18976884332143382
RMRG_distributed_generation_1,17,2.4092337903109714e6,1386.0,0.19897709683760118
SPPC_distributed_generation_1,18,608174.4920128182,382.0,0.1822435693707743
SPPN_distributed_generation_1,19,443497.184617534,339.0,0.14975403869707216
SPPS_distributed_generation_1,20,2.927612147305336e6,1620.0,0.20686446796746652
SRCA_distributed_generation_1,21,6.239366563611158e6,3265.0,0.2187483018504044
SRCE_distributed_generation_1,22,1.3755420780306233e6,823.0,0.1913204613624637
SRSE_distributed_generation_1,23,1.7971260783555731e6,865.0,0.23782078785750985
SRSG_distributed_generation_1,24,5.949353819891628e6,2531.0,0.2690698443644788
TRE_distributed_generation_1,25,1.1402951303400218e7,5519.0,0.2365071366722198
TREW_distributed_generation_1,26,476521.30934107257,300.0,0.18182284391829692
BASN_landbasedwind_class3_moderate_0_anyQual_0,1,2.9518321819814563e7,8527.0,0.3962623173144926
BASN_landbasedwind_class3_moderate_1_anyQual_1,1,3.0431396856909476e7,8167.999999999999,0.42647495622083736
BASN_landbasedwind_class3_moderate_2_anyQual_0,1,2.036538716475965e7,6344.0,0.3674657539752245
CANO_naturalgas_hframe_cc_95_ccs_moderate_0,2,2.6336022449907534e7,3859.0,0.7812009806860424
CANO_utilitypv_class1_moderate_2_anyQual_0,2,9.889235199754382e6,3885.0,0.29137954280087724
CANO_offshorewind_class12_moderate_floating_1_1,2,0.0,0.0,0.0
CANO_offshorewind_class12_moderate_floating_1_2,2,0.0,0.0,0.0
CANO_offshorewind_class12_moderate_floating_1_3,2,0.0,0.0,0.0
CANO_offshorewind_class3_moderate_fixed_0_1,2,0.0,0.0,0.0
CANO_offshorewind_class3_moderate_fixed_0_2,2,0.0,0.0,0.0
CANO_offshorewind_class3_moderate_fixed_0_3,2,0.0,0.0,0.0
CANO_offshorewind_class12_moderate_floating_0_1,2,0.0,0.0,0.0
CANO_offshorewind_class12_moderate_floating_0_2,2,0.0,0.0,0.0
CANO_offshorewind_class12_moderate_floating_0_3,2,0.0,0.0,0.0
CASO_landbasedwind_class3_moderate_0_anyQual_0,3,2.013856448145034e6,588.0,0.392047382351127
CASO_landbasedwind_class3_moderate_1_anyQual_1,3,1.07420803604702e6,322.9,0.3808094583141264
CASO_utilitypv_class1_moderate_0_anyQual_0,3,6.047249294518735e6,2327.0,0.2974738976810062
CASO_utilitypv_class1_moderate_1_anyQual_1,3,1.1508616055215644e7,4392.0,0.29994950169596474
CASO_offshorewind_class12_moderate_floating_1_1,3,0.0,0.0,0.0
CASO_offshorewind_class12_moderate_floating_1_2,3,0.0,0.0,0.0
CASO_offshorewind_class12_moderate_floating_1_3,3,0.0,0.0,0.0
CASO_offshorewind_class3_moderate_fixed_0_1,3,0.0,0.0,0.0
CASO_offshorewind_class12_moderate_floating_0_1,3,0.0,0.0,0.0
CASO_offshorewind_class12_moderate_floating_0_2,3,0.0,0.0,0.0
CASO_offshorewind_class12_moderate_floating_0_3,3,0.0,0.0,0.0
FRCC_naturalgas_hframe_cc_95_ccs_moderate_0,4,6.348351281150966e7,8284.0,0.8772194138131484
FRCC_landbasedwind_class3_moderate_0_anyQual_0,4,6.911945572411775e6,2785.0,0.28409427682031285
FRCC_landbasedwind_class3_moderate_1_anyQual_0,4,2.0541028841239053e6,779.0,0.301836745375973
FRCC_landbasedwind_class3_moderate_2_anyQual_0,4,890659.5719185877,310.0,0.3288799671801473
FRCC_landbasedwind_class3_moderate_3_anyQual_1,4,94038.60703443704,35.7,0.30152640233797695
FRCC_landbasedwind_class3_moderate_5_anyQual_1,4,154818.21084019964,60.6,0.292440013101962
FRCC_landbasedwind_class3_moderate_6_anyQual_0,4,5.447550707647655e6,2302.0,0.27088398941832587
FRCC_landbasedwind_class3_moderate_7_anyQual_0,4,2.9489970369696757e6,995.6,0.3390602070550068
FRCC_landbasedwind_class3_moderate_8_anyQual_0,4,1.6533754519392778e6,591.6,0.31991212056150226
FRCC_landbasedwind_class3_moderate_9_anyQual_1,4,224683.35330382132,99.6,0.2582253847163164
FRCC_landbasedwind_class3_moderate_10_anyQual_1,4,50362.821996593586,18.8,0.3066476087977456
FRCC_landbasedwind_class3_moderate_12_anyQual_0,4,6.1910556042352505e6,2163.9,0.32750270570747664
FRCC_landbasedwind_class3_moderate_13_anyQual_0,4,3.1600885840070336e6,1387.0,0.26080155142920475
FRCC_landbasedwind_class3_moderate_14_anyQual_0,4,467634.86010905297,182.0,0.2941188539710966
FRCC_landbasedwind_class3_moderate_15_anyQual_1,4,296519.630212295,111.6,0.304142162752052
FRCC_landbasedwind_class3_moderate_16_anyQual_1,4,158769.83312651046,71.0,0.25597468323806694
FRCC_landbasedwind_class3_moderate_18_anyQual_0,4,6.555210208053054e6,2389.0,0.31409270358750185
FRCC_landbasedwind_class3_moderate_19_anyQual_0,4,2.368730064400416e6,1052.0,0.25774319458666906
FRCC_landbasedwind_class3_moderate_20_anyQual_0,4,830315.7294674609,332.0,0.2862810201890877
FRCC_landbasedwind_class3_moderate_21_anyQual_1,4,113825.06335014444,53.0,0.24583822169410557
FRCC_landbasedwind_class3_moderate_22_anyQual_1,4,124119.67784867076,50.8,0.2796818618420987
FRCC_landbasedwind_class3_moderate_23_anyQual_1,4,238869.95565612556,92.0,0.2972083976052685
FRCC_utilitypv_class1_moderate_1_anyQual_0,4,1.6190353304901304e7,7635.0,0.24273626171077659
FRCC_utilitypv_class1_moderate_2_anyQual_0,4,1.4170512652433777e7,6613.0,0.24528693365579482
FRCC_utilitypv_class1_moderate_3_anyQual_1,4,589794.8904186307,292.6,0.2307353088713568
FRCC_offshorewind_class3_moderate_fixed_1_1,4,0.0,0.0,0.0
FRCC_offshorewind_class3_moderate_fixed_1_2,4,0.0,0.0,0.0
FRCC_offshorewind_class3_moderate_fixed_1_3,4,0.0,0.0,0.0
FRCC_offshorewind_class3_moderate_fixed_0_1,4,0.0,0.0,0.0
FRCC_offshorewind_class3_moderate_fixed_0_2,4,0.0,0.0,0.0
FRCC_offshorewind_class3_moderate_fixed_0_3,4,0.0,0.0,0.0
FRCC_offshorewind_class12_moderate_floating_0_1,4,0.0,0.0,0.0
FRCC_offshorewind_class12_moderate_floating_0_2,4,0.0,0.0,0.0
FRCC_offshorewind_class12_moderate_floating_0_3,4,0.0,0.0,0.0
ISNE_naturalgas_hframe_cc_moderate_0,5,3.5632775563734006e6,750.0,0.5438457808872712
ISNE_battery_moderate_0,5,45427.142042907035,73.0,0.0
ISNE_utilitypv_class1_moderate_2_anyQual_0,5,1.1952383062280773e6,592.6,0.2308767662565253
ISNE_landbasedwind_class3_moderate_0_anyQual_0,5,4.261244720113423e7,9723.0,0.5016762772141599
ISNE_landbasedwind_class3_moderate_1_anyQual_1,5,1.1905489452144906e6,273.0,0.49919701777768155
ISNE_landbasedwind_class3_moderate_2_anyQual_0,5,3.96941456947011e7,9833.0,0.46209130313577745
ISNE_landbasedwind_class3_moderate_3_anyQual_1,5,650113.6421223469,188.8,0.3941619194357139
ISNE_landbasedwind_class3_moderate_4_anyQual_0,5,4.1115613909477666e6,1122.0,0.419470377554203
ISNE_landbasedwind_class3_moderate_5_anyQual_1,5,919062.6472857685,272.8,0.38564537247269215
ISNE_offshorewind_class3_moderate_fixed_1_1,5,0.0,0.0,0.0
ISNE_offshorewind_class3_moderate_fixed_1_2,5,0.0,0.0,0.0
ISNE_offshorewind_class3_moderate_fixed_1_3,5,0.0,0.0,0.0
ISNE_offshorewind_class12_moderate_floating_1_1,5,0.0,0.0,0.0
ISNE_offshorewind_class12_moderate_floating_1_2,5,0.0,0.0,0.0
ISNE_offshorewind_class12_moderate_floating_1_3,5,0.0,0.0,0.0
ISNE_offshorewind_class3_moderate_fixed_0_1,5,0.0,0.0,0.0
ISNE_offshorewind_class3_moderate_fixed_0_2,5,0.0,0.0,0.0
ISNE_offshorewind_class3_moderate_fixed_0_3,5,0.0,0.0,0.0
ISNE_offshorewind_class12_moderate_floating_0_1,5,0.0,0.0,0.0
ISNE_offshorewind_class12_moderate_floating_0_2,5,0.0,0.0,0.0
ISNE_offshorewind_class12_moderate_floating_0_3,5,0.0,0.0,0.0
MISC_utilitypv_class1_moderate_1_anyQual_0,6,4.694221815973443e6,2142.6,0.250789807168604
MISC_utilitypv_class1_moderate_2_anyQual_1,6,4.174740466020024e6,1939.0,0.24645580226793717
MISC_landbasedwind_class3_moderate_0_anyQual_0,6,2.346295197945479e7,6115.0,0.43921136061744653
MISC_landbasedwind_class3_moderate_1_anyQual_1,6,1.0889914464597851e7,2914.7,0.42767905545187435
MISC_landbasedwind_class3_moderate_2_anyQual_0,6,1.506053481434531e7,4027.0,0.4281008985577125
MISC_landbasedwind_class3_moderate_3_anyQual_1,6,1.8195630361554015e7,4962.6,0.41970603026282227
MISC_landbasedwind_class3_moderate_4_anyQual_0,6,1.5589142700045833e7,4154.9,0.42948601961956595
MISC_landbasedwind_class3_moderate_5_anyQual_1,6,1.7757949834901717e7,4866.6,0.41769045183418785
MISC_landbasedwind_class3_moderate_7_anyQual_1,6,1.7316806344122168e7,4790.0,0.41382779925655383
MISC_landbasedwind_class3_moderate_9_anyQual_1,6,1.0997194991127128e7,3192.0,0.39437231296272135
MISE_naturalgas_hframe_cc_95_ccs_moderate_0,7,2.298569950574501e7,3226.0,0.8156066092514478
MISE_landbasedwind_class3_moderate_0_anyQual_0,7,334126.7125908674,91.6,0.4175448185479393
MISE_landbasedwind_class3_moderate_1_anyQual_0,7,227105.53849652046,59.7,0.43545248084232296
MISE_landbasedwind_class3_moderate_2_anyQual_0,7,325881.3560023832,86.9,0.4292666141906395
MISE_landbasedwind_class3_moderate_3_anyQual_1,7,2.649537745111489e6,674.0,0.4499845356829493
MISE_landbasedwind_class3_moderate_4_anyQual_1,7,1.9488183226565325e6,469.0,0.4756482312379752
MISE_landbasedwind_class3_moderate_5_anyQual_1,7,543177.8612972789,148.8,0.41785586685030834
MISE_landbasedwind_class3_moderate_6_anyQual_0,7,387335.66828964173,105.0,0.42226546778480045
MISE_landbasedwind_class3_moderate_7_anyQual_0,7,52567.882446573574,16.0,0.3760866131995019
MISE_landbasedwind_class3_moderate_8_anyQual_0,7,176960.7941694644,50.0,0.40513002328174086
MISE_landbasedwind_class3_moderate_9_anyQual_1,7,3.8620907989376197e6,1018.0,0.43427224777017576
MISE_landbasedwind_class3_moderate_10_anyQual_1,7,901694.816681562,223.9,0.46099143261723674
MISE_landbasedwind_class3_moderate_11_anyQual_1,7,409536.5857740506,116.0,0.40413093044837317
MISE_landbasedwind_class3_moderate_12_anyQual_0,7,42185.7072707237,13.0,0.37145769293043557
MISE_landbasedwind_class3_moderate_13_anyQual_0,7,50767.45595099194,15.0,0.3874195356455429
MISE_landbasedwind_class3_moderate_15_anyQual_1,7,2.2144529819704406e6,557.9,0.4543572652192994
MISE_landbasedwind_class3_moderate_16_anyQual_1,7,1.296843630687448e6,374.0,0.39692036844511125
MISE_landbasedwind_class3_moderate_17_anyQual_1,7,2.0352154604001583e6,555.7,0.41923484380328113
MISE_landbasedwind_class3_moderate_20_anyQual_1,7,1.2801940481734523e6,379.0,0.38665530077628985
MISE_landbasedwind_class3_moderate_21_anyQual_1,7,2.7820401143357838e6,766.8,0.41530643296145936
MISE_landbasedwind_class3_moderate_22_anyQual_1,7,1.4194497776485507e6,368.9,0.44045216648959545
MISE_utilitypv_class1_moderate_2_anyQual_1,7,1.1561540391922671e7,5297.0,0.24984640365759833
MISE_offshorewind_class3_moderate_fixed_0_1,7,0.0,0.0,0.0
MISE_offshorewind_class3_moderate_fixed_0_2,7,0.0,0.0,0.0
MISE_offshorewind_class3_moderate_fixed_0_3,7,0.0,0.0,0.0
MISE_offshorewind_class12_moderate_floating_0_1,7,0.0,0.0,0.0
MISE_offshorewind_class12_moderate_floating_0_2,7,0.0,0.0,0.0
MISE_offshorewind_class12_moderate_floating_0_3,7,0.0,0.0,0.0
MISS_utilitypv_class1_moderate_0_anyQual_0,8,1.3592507018656893e7,6106.0,0.25481802222579836
MISS_utilitypv_class1_moderate_1_anyQual_1,8,1.6362574129386127e6,771.0,0.24293194298034354
MISS_landbasedwind_class3_moderate_0_anyQual_0,8,4.999209930627371e6,1517.7,0.37705335968925735
MISS_landbasedwind_class3_moderate_1_anyQual_1,8,9.914570998686112e6,3113.7,0.3644890914075007
MISS_landbasedwind_class3_moderate_2_anyQual_0,8,5.01653423548546e6,1739.8,0.33005918927762024
MISS_landbasedwind_class3_moderate_3_anyQual_1,8,8.70830571481241e6,2905.9,0.3430365348505797
MISS_landbasedwind_class3_moderate_4_anyQual_0,8,1.3314674394505916e6,528.0,0.28865826869540867
MISS_offshorewind_class3_moderate_fixed_1_1,8,0.0,0.0,0.0
MISS_offshorewind_class3_moderate_fixed_1_2,8,0.0,0.0,0.0
MISS_offshorewind_class3_moderate_fixed_1_3,8,0.0,0.0,0.0
MISS_offshorewind_class12_moderate_floating_1_1,8,0.0,0.0,0.0
MISS_offshorewind_class12_moderate_floating_1_2,8,0.0,0.0,0.0
MISS_offshorewind_class12_moderate_floating_1_3,8,0.0,0.0,0.0
MISS_offshorewind_class3_moderate_fixed_0_1,8,0.0,0.0,0.0
MISS_offshorewind_class3_moderate_fixed_0_2,8,0.0,0.0,0.0
MISS_offshorewind_class3_moderate_fixed_0_3,8,0.0,0.0,0.0
MISS_offshorewind_class12_moderate_floating_0_1,8,0.0,0.0,0.0
MISS_offshorewind_class12_moderate_floating_0_2,8,0.0,0.0,0.0
MISS_offshorewind_class12_moderate_floating_0_3,8,0.0,0.0,0.0
MISW_landbasedwind_class3_moderate_0_anyQual_0,9,2.91925372468671e7,6829.0,0.48933029574079784
MISW_landbasedwind_class3_moderate_1_anyQual_0,9,3.718821917151522e6,1163.7,0.3658067560524708
MISW_landbasedwind_class3_moderate_3_anyQual_0,9,2.0613056760360815e7,5416.0,0.43566344176343286
MISW_landbasedwind_class3_moderate_4_anyQual_0,9,3.491299594337374e7,8357.0,0.47821598669906235
MISW_landbasedwind_class3_moderate_5_anyQual_0,9,6.971449999996994e6,2033.9999999999998,0.3923372493614165
MISW_landbasedwind_class3_moderate_6_anyQual_1,9,4.201425230683249e6,1167.0,0.4121100045476851
MISW_landbasedwind_class3_moderate_12_anyQual_0,9,725673.3801484315,283.0,0.29352299576280416
MISW_landbasedwind_class3_moderate_13_anyQual_1,9,7.481984835345124e6,1941.0,0.4412438475400413
MISW_landbasedwind_class3_moderate_20_anyQual_1,9,3.266570012630794e6,917.9,0.4073652468176177
MISW_landbasedwind_class3_moderate_26_anyQual_0,9,6.869708114738198e6,1720.8,0.4569779678792569
MISW_offshorewind_class3_moderate_fixed_0_1,9,0.0,0.0,0.0
MISW_offshorewind_class3_moderate_fixed_0_2,9,0.0,0.0,0.0
MISW_offshorewind_class3_moderate_fixed_0_3,9,0.0,0.0,0.0
MISW_offshorewind_class12_moderate_floating_0_1,9,0.0,0.0,0.0
MISW_offshorewind_class12_moderate_floating_0_2,9,0.0,0.0,0.0
MISW_offshorewind_class12_moderate_floating_0_3,9,0.0,0.0,0.0
NWPP_landbasedwind_class3_moderate_0_anyQual_0,10,3.416207951280534e7,7667.0,0.5100423176895639
NWPP_landbasedwind_class3_moderate_1_anyQual_0,10,1.7204570406879023e7,4605.0,0.4276628964495269
NWPP_landbasedwind_class3_moderate_2_anyQual_0,10,7.811532896163038e6,2488.8,0.35928049677955765
NWPP_landbasedwind_class3_moderate_21_anyQual_0,10,1.6847693817925174e6,725.0,0.2660050179664831
NWPP_offshorewind_class12_moderate_floating_1_1,10,0.0,0.0,0.0
NWPP_offshorewind_class12_moderate_floating_1_2,10,0.0,0.0,0.0
NWPP_offshorewind_class12_moderate_floating_1_3,10,0.0,0.0,0.0
NWPP_offshorewind_class3_moderate_fixed_0_1,10,0.0,0.0,0.0
NWPP_offshorewind_class3_moderate_fixed_0_2,10,0.0,0.0,0.0
NWPP_offshorewind_class3_moderate_fixed_0_3,10,0.0,0.0,0.0
NWPP_offshorewind_class12_moderate_floating_0_1,10,0.0,0.0,0.0
NWPP_offshorewind_class12_moderate_floating_0_2,10,0.0,0.0,0.0
NWPP_offshorewind_class12_moderate_floating_0_3,10,0.0,0.0,0.0
NYUP_landbasedwind_class3_moderate_0_anyQual_0,12,1.4309240654256362e6,340.0,0.4817536850307168
NYUP_landbasedwind_class3_moderate_1_anyQual_1,12,1.3467025592729101e7,3349.0,0.4603031135780343
NYUP_landbasedwind_class3_moderate_2_anyQual_0,12,3.5040657845827364e6,849.6,0.472112089672065
NYUP_landbasedwind_class3_moderate_3_anyQual_1,12,1.0814513326111972e7,2801.0,0.4419582507045484
NYUP_landbasedwind_class3_moderate_4_anyQual_0,12,5.413517187563275e6,1404.0,0.44136692681128836
NYUP_landbasedwind_class3_moderate_5_anyQual_1,12,8.287632086292586e6,2305.0,0.4115730299581946
NYUP_offshorewind_class3_moderate_fixed_0_1,12,0.0,0.0,0.0
NYUP_offshorewind_class3_moderate_fixed_0_2,12,0.0,0.0,0.0
NYUP_offshorewind_class3_moderate_fixed_0_3,12,0.0,0.0,0.0
NYUP_offshorewind_class12_moderate_floating_0_1,12,0.0,0.0,0.0
NYUP_offshorewind_class12_moderate_floating_0_2,12,0.0,0.0,0.0
NYUP_offshorewind_class12_moderate_floating_0_3,12,0.0,0.0,0.0
PJMC_landbasedwind_class3_moderate_0_anyQual_0,13,8.265962558143132e6,2193.9,0.43128462909558063
PJMC_landbasedwind_class3_moderate_2_anyQual_1,13,5.848894779928898e6,1627.0,0.4115035917986048
PJMC_offshorewind_class3_moderate_fixed_0_1,13,0.0,0.0,0.0
PJMC_offshorewind_class3_moderate_fixed_0_2,13,0.0,0.0,0.0
PJMC_offshorewind_class3_moderate_fixed_0_3,13,0.0,0.0,0.0
PJMC_offshorewind_class12_moderate_floating_0_1,13,0.0,0.0,0.0
PJMC_offshorewind_class12_moderate_floating_0_2,13,0.0,0.0,0.0
PJMC_offshorewind_class12_moderate_floating_0_3,13,0.0,0.0,0.0
PJMD_landbasedwind_class3_moderate_0_anyQual_0,14,4.535961047711749e6,1248.0,0.41604672308218316
PJMD_landbasedwind_class3_moderate_1_anyQual_1,14,876784.740651011,236.8,0.4238367974913389
PJMD_landbasedwind_class3_moderate_2_anyQual_0,14,4.791735280662011e6,1425.8,0.3846994644499762
PJMD_landbasedwind_class3_moderate_3_anyQual_1,14,111885.3906080592,37.0,0.3461457733394565
PJMD_landbasedwind_class3_moderate_4_anyQual_0,14,4.3154606419769125e6,1346.0,0.3670028821301442
PJMD_landbasedwind_class3_moderate_5_anyQual_1,14,395599.98959843937,128.0,0.3537803249470933
PJMD_landbasedwind_class3_moderate_6_anyQual_0,14,3.5058019524219134e6,1170.8,0.3427615037123885
PJMD_landbasedwind_class3_moderate_7_anyQual_1,14,878899.7070942156,302.0,0.333134607460571
PJMD_landbasedwind_class3_moderate_8_anyQual_0,14,3.3350301133789117e6,1233.8,0.30941571571401555
PJMD_utilitypv_class1_moderate_0_anyQual_0,14,1.8279336129606735e7,8499.0,0.24619541710798576
PJMD_utilitypv_class1_moderate_2_anyQual_0,14,1.1696315201410605e6,541.0,0.24747946757400918
PJMD_utilitypv_class1_moderate_3_anyQual_1,14,2.481109721852777e6,1160.0,0.24483604524409275
PJMD_offshorewind_class3_moderate_fixed_1_1,14,0.0,0.0,0.0
PJMD_offshorewind_class3_moderate_fixed_1_2,14,0.0,0.0,0.0
PJMD_offshorewind_class3_moderate_fixed_1_3,14,0.0,0.0,0.0
PJMD_offshorewind_class12_moderate_floating_1_1,14,0.0,0.0,0.0
PJMD_offshorewind_class12_moderate_floating_1_2,14,0.0,0.0,0.0
PJMD_offshorewind_class12_moderate_floating_1_3,14,0.0,0.0,0.0
PJMD_offshorewind_class3_moderate_fixed_0_1,14,0.0,0.0,0.0
PJMD_offshorewind_class3_moderate_fixed_0_2,14,0.0,0.0,0.0
PJMD_offshorewind_class3_moderate_fixed_0_3,14,0.0,0.0,0.0
PJMD_offshorewind_class12_moderate_floating_0_1,14,0.0,0.0,0.0
PJMD_offshorewind_class12_moderate_floating_0_2,14,0.0,0.0,0.0
PJMD_offshorewind_class12_moderate_floating_0_3,14,0.0,0.0,0.0
PJME_landbasedwind_class3_moderate_0_anyQual_0,15,888862.439088352,206.0,0.49391783529839256
PJME_landbasedwind_class3_moderate_1_anyQual_0,15,331148.4782990267,87.0,0.4357033365687586
PJME_landbasedwind_class3_moderate_2_anyQual_1,15,7.389229280974514e6,1663.0,0.5086209772057947
PJME_landbasedwind_class3_moderate_3_anyQual_1,15,226797.26443425144,64.0,0.40564414569427415
PJME_landbasedwind_class3_moderate_4_anyQual_0,15,1.5015936188167075e6,376.0,0.4571428628713868
PJME_landbasedwind_class3_moderate_5_anyQual_0,15,1.2653951108371706e6,362.6,0.3994714325482179
PJME_landbasedwind_class3_moderate_6_anyQual_1,15,4.041356418493731e6,1013.6,0.4564024073983173
PJME_landbasedwind_class3_moderate_7_anyQual_1,15,953762.7891456147,278.8,0.3915930539675593
PJME_landbasedwind_class3_moderate_8_anyQual_0,15,4.273363480474467e6,1177.7,0.41535795624745414
PJME_landbasedwind_class3_moderate_9_anyQual_0,15,350231.5243805513,139.7,0.2869764130067368
PJME_landbasedwind_class3_moderate_10_anyQual_1,15,1.7810150469611697e6,583.0,0.34969257294615164
PJME_utilitypv_class1_moderate_0_anyQual_0,15,2.0714235458200682e7,9642.0,0.24591734196649245
PJME_utilitypv_class1_moderate_1_anyQual_1,15,1.6059159026783228e7,7532.7,0.24403914905953916
PJME_utilitypv_class1_moderate_2_anyQual_0,15,1.2757766653278738e7,5942.0,0.24577028979460827
PJME_offshorewind_class3_moderate_fixed_1_1,15,0.0,0.0,0.0
PJME_offshorewind_class3_moderate_fixed_1_2,15,0.0,0.0,0.0
PJME_offshorewind_class3_moderate_fixed_1_3,15,0.0,0.0,0.0
PJME_offshorewind_class12_moderate_floating_1_1,15,0.0,0.0,0.0
PJME_offshorewind_class12_moderate_floating_1_2,15,0.0,0.0,0.0
PJME_offshorewind_class12_moderate_floating_1_3,15,0.0,0.0,0.0
PJME_offshorewind_class3_moderate_fixed_0_1,15,0.0,0.0,0.0
PJME_offshorewind_class3_moderate_fixed_0_2,15,0.0,0.0,0.0
PJME_offshorewind_class3_moderate_fixed_0_3,15,0.0,0.0,0.0
PJME_offshorewind_class12_moderate_floating_0_1,15,0.0,0.0,0.0
PJME_offshorewind_class12_moderate_floating_0_2,15,0.0,0.0,0.0
PJME_offshorewind_class12_moderate_floating_0_3,15,0.0,0.0,0.0
PJMW_naturalgas_hframe_cc_95_ccs_moderate_0,16,9.650561121071935e7,13550.0,0.815268467170831
PJMW_landbasedwind_class3_moderate_0_anyQual_0,16,6.803627068195473e6,1778.0,0.438022196156336
PJMW_landbasedwind_class3_moderate_1_anyQual_1,16,1.0879593602354614e7,2617.9,0.4757151631247394
PJMW_landbasedwind_class3_moderate_2_anyQual_0,16,2.561213572041847e6,752.0,0.38986596975249255
PJMW_landbasedwind_class3_moderate_3_anyQual_1,16,1.3266285986571938e7,3644.0,0.41673345022011504
PJMW_landbasedwind_class3_moderate_4_anyQual_0,16,1.3809851188735773e6,458.0,0.345152398266066
PJMW_landbasedwind_class3_moderate_5_anyQual_1,16,1.2818168965474209e7,3933.9,0.37298386996310834
PJMW_landbasedwind_class3_moderate_6_anyQual_0,16,344322.05384824594,133.0,0.296347026433052
PJMW_landbasedwind_class3_moderate_7_anyQual_1,16,1.3155232378831774e7,4260.0,0.3534893221194629
PJMW_landbasedwind_class3_moderate_9_anyQual_1,16,1.1525533689111432e7,4249.8,0.31044160990875524
PJMW_utilitypv_class1_moderate_0_anyQual_0,16,3.9276637795515493e6,1808.0,0.24866991861767382
PJMW_utilitypv_class1_moderate_1_anyQual_0,16,1.451422212470077e7,6499.6,0.25561981125967237
PJMW_offshorewind_class3_moderate_fixed_0_1,16,0.0,0.0,0.0
PJMW_offshorewind_class3_moderate_fixed_0_2,16,0.0,0.0,0.0
PJMW_offshorewind_class3_moderate_fixed_0_3,16,0.0,0.0,0.0
RMRG_landbasedwind_class3_moderate_1_anyQual_0,17,1.3579049656922614e7,3297.0,0.4714523490428436
RMRG_landbasedwind_class3_moderate_2_anyQual_0,17,2.507720691691448e7,6074.0,0.4725978597020011
RMRG_landbasedwind_class3_moderate_4_anyQual_0,17,1.4677016471344403e6,408.8,0.4109739259456002
RMRG_landbasedwind_class3_moderate_5_anyQual_1,17,4.825208798022546e7,11270.0,0.4900942075730392
RMRG_landbasedwind_class3_moderate_6_anyQual_1,17,2.527564464024447e7,5721.0,0.5057287783057726
RMRG_landbasedwind_class3_moderate_7_anyQual_1,17,1.1773542200463954e7,2679.0,0.5030623391053993
SPPC_landbasedwind_class3_moderate_1_anyQual_0,18,2.0191775224464238e7,4726.0,0.4890667756146788
SPPC_landbasedwind_class3_moderate_4_anyQual_1,18,1.1521716931108192e7,3055.7,0.4316123486715465
SPPN_landbasedwind_class3_moderate_0_anyQual_0,19,2.8326515740022745e7,6781.0,0.47817491389467925
SPPN_landbasedwind_class3_moderate_1_anyQual_1,19,5.595098718724619e6,1600.6,0.40014032045708214
SPPS_landbasedwind_class3_moderate_0_anyQual_0,20,3.5692492176540904e7,7864.0,0.5195420968352576
SPPS_landbasedwind_class3_moderate_1_anyQual_0,20,3.9073608198286936e7,8864.8,0.5045473740139901
SPPS_landbasedwind_class3_moderate_2_anyQual_0,20,9.658552902106749e6,2562.0,0.4315392596083587
SPPS_landbasedwind_class3_moderate_3_anyQual_0,20,1.8078987740852904e7,4378.0,0.47270013646458503
SPPS_landbasedwind_class3_moderate_5_anyQual_1,20,1.288093998493037e7,3143.0,0.4691271312015818
SPPS_landbasedwind_class3_moderate_11_anyQual_1,20,1.257584015772162e7,3072.6,0.46850945212404455
SPPS_utilitypv_class1_moderate_0_anyQual_0,20,4.269764693902623e6,1936.0,0.25245615498981505
SPPS_utilitypv_class1_moderate_1_anyQual_1,20,2.0602206402990767e6,973.0,0.2423752489726127
SRCA_naturalgas_hframe_cc_95_ccs_moderate_0,21,2.5925850150011208e7,3511.0,0.8452585095590209
SRCA_landbasedwind_class3_moderate_0_anyQual_0,21,1.0661861166196077e6,272.0,0.44869527235998086
SRCA_landbasedwind_class3_moderate_1_anyQual_0,21,3.3444789731464908e6,983.0,0.3894595221730139
SRCA_landbasedwind_class3_moderate_2_anyQual_0,21,2.5438965536247077e6,805.7,0.36142106220637715
SRCA_landbasedwind_class3_moderate_3_anyQual_1,21,373385.25420894386,115.8,0.369093143857652
SRCA_landbasedwind_class3_moderate_4_anyQual_1,21,342268.19972200674,95.0,0.412411075431375
SRCA_landbasedwind_class3_moderate_5_anyQual_1,21,110895.67579051822,26.7,0.47543453491565413
SRCA_landbasedwind_class3_moderate_6_anyQual_0,21,991590.6865164044,305.0,0.37215167181453956
SRCA_landbasedwind_class3_moderate_7_anyQual_0,21,2.6647558510507885e6,894.0,0.3411986312713046
SRCA_landbasedwind_class3_moderate_8_anyQual_0,21,2.506179151363133e6,817.6,0.35087999218698657
SRCA_landbasedwind_class3_moderate_9_anyQual_1,21,351134.5115259145,112.0,0.3588747215196503
SRCA_landbasedwind_class3_moderate_10_anyQual_1,21,315172.9991333605,107.0,0.33717285347702974
SRCA_landbasedwind_class3_moderate_11_anyQual_1,21,239941.80077636658,79.0,0.34766918320867324
SRCA_landbasedwind_class3_moderate_12_anyQual_0,21,2.269289545866652e6,833.0,0.3118403330929421
SRCA_landbasedwind_class3_moderate_13_anyQual_0,21,2.5333269701495105e6,860.0,0.3371942576760039
SRCA_landbasedwind_class3_moderate_14_anyQual_0,21,432155.99900823075,136.0,0.3637382829402933
SRCA_landbasedwind_class3_moderate_15_anyQual_1,21,496637.55660141533,163.6,0.3474910584153754
SRCA_landbasedwind_class3_moderate_16_anyQual_1,21,229714.53521028566,83.7,0.31415964154736414
SRCA_landbasedwind_class3_moderate_17_anyQual_1,21,639024.8988040825,221.9,0.32964603214706784
SRCA_landbasedwind_class3_moderate_18_anyQual_0,21,1.7703302021103904e6,613.8,0.3301526359897552
SRCA_landbasedwind_class3_moderate_19_anyQual_0,21,2.6340629730805825e6,1053.7,0.28615184347348904
SRCA_landbasedwind_class3_moderate_20_anyQual_0,21,1.199203589645942e6,451.8,0.30383238860946676
SRCA_landbasedwind_class3_moderate_21_anyQual_1,21,42764.14831494639,16.8,0.2913787796184534
SRCA_landbasedwind_class3_moderate_22_anyQual_1,21,282947.6027984772,96.0,0.33738219579717693
SRCA_landbasedwind_class3_moderate_23_anyQual_1,21,111299.68976769062,41.0,0.3107402220352302
SRCA_landbasedwind_class3_moderate_24_anyQual_0,21,3.168395097580532e6,1301.0,0.27877216680150696
SRCA_landbasedwind_class3_moderate_27_anyQual_1,21,676924.395728333,279.6,0.2771343594788788
SRCA_utilitypv_class1_moderate_0_anyQual_0,21,6.689249700926295e6,3082.0,0.24844607962807402
SRCA_utilitypv_class1_moderate_1_anyQual_0,21,3.8070590364235053e6,1784.0,0.24427675160612555
SRCA_offshorewind_class3_moderate_fixed_1_1,21,0.0,0.0,0.0
SRCA_offshorewind_class3_moderate_fixed_1_2,21,0.0,0.0,0.0
SRCA_offshorewind_class3_moderate_fixed_1_3,21,0.0,0.0,0.0
SRCA_offshorewind_class3_moderate_fixed_0_1,21,0.0,0.0,0.0
SRCA_offshorewind_class3_moderate_fixed_0_2,21,0.0,0.0,0.0
SRCA_offshorewind_class3_moderate_fixed_0_3,21,0.0,0.0,0.0
SRCA_offshorewind_class12_moderate_floating_0_1,21,0.0,0.0,0.0
SRCA_offshorewind_class12_moderate_floating_0_2,21,0.0,0.0,0.0
SRCA_offshorewind_class12_moderate_floating_0_3,21,0.0,0.0,0.0
SRCE_utilitypv_class1_moderate_1_anyQual_0,22,1.69710019369808e7,7768.0,0.2500838466304186
SRCE_landbasedwind_class3_moderate_0_anyQual_0,22,2.0691318212449916e7,6013.0,0.39389850326676806
SRCE_landbasedwind_class3_moderate_2_anyQual_1,22,2.6006513541873716e7,7592.0,0.3921148674831969
SRCE_landbasedwind_class3_moderate_5_anyQual_0,22,1.9357132979274645e7,5859.7,0.37814035385947675
SRCE_landbasedwind_class3_moderate_9_anyQual_1,22,2.5047495257902205e7,7644.7,0.3750517796592846
SRCE_landbasedwind_class3_moderate_20_anyQual_1,22,7.245085506273825e6,2440.0,0.33989209462417735
SRSE_naturalgas_hframe_cc_95_ccs_moderate_0,23,1.1572502371123152e7,1609.0,0.8233009356654498
SRSE_utilitypv_class1_moderate_0_anyQual_0,23,2.6409103188069463e7,12214.0,0.24750450741602914
SRSE_landbasedwind_class3_moderate_0_anyQual_0,23,1.3598484442237904e7,4593.0,0.3389077014153043
SRSE_landbasedwind_class3_moderate_1_anyQual_1,23,1.142381285556116e7,4025.0000000000005,0.3248871765169942
SRSE_landbasedwind_class3_moderate_2_anyQual_0,23,1.74296101356413e7,6129.7,0.325488634086802
SRSE_landbasedwind_class3_moderate_3_anyQual_1,23,6.867971727383211e6,2474.0,0.3177724029255545
SRSE_landbasedwind_class3_moderate_4_anyQual_0,23,565310.9325335228,220.0,0.2941386387224873
SRSE_offshorewind_class3_moderate_fixed_0_1,23,0.0,0.0,0.0
SRSE_offshorewind_class3_moderate_fixed_0_2,23,0.0,0.0,0.0
SRSE_offshorewind_class3_moderate_fixed_0_3,23,0.0,0.0,0.0
SRSE_offshorewind_class12_moderate_floating_0_1,23,0.0,0.0,0.0
SRSE_offshorewind_class12_moderate_floating_0_2,23,0.0,0.0,0.0
SRSE_offshorewind_class12_moderate_floating_0_3,23,0.0,0.0,0.0
SRSG_landbasedwind_class3_moderate_0_anyQual_0,24,1.5026093294381918e7,4771.0,0.3605155809706806
SRSG_landbasedwind_class3_moderate_1_anyQual_1,24,1.963747671907129e7,5155.6,0.4360073824706829
SRSG_landbasedwind_class3_moderate_2_anyQual_1,24,8.30663602381647e6,2651.0,0.35867642142679546
SRSG_utilitypv_class1_moderate_1_anyQual_0,24,1.602976072895495e6,680.0,0.2698394865222162
SRSG_utilitypv_class1_moderate_2_anyQual_1,24,1.1208851138393035e7,4281.7,0.29966239152962365
TRE_naturalgas_hframe_cc_95_ccs_moderate_0,25,804059.5005830302,136.0,0.676763073508395
TRE_landbasedwind_class3_moderate_0_anyQual_0,25,1.2780167140358476e7,3240.0,0.45152198156763257
TRE_landbasedwind_class3_moderate_1_anyQual_1,25,4.209899491259634e7,9889.0,0.48731157275006626
TRE_landbasedwind_class3_moderate_2_anyQual_1,25,1.4282244751083932e6,511.6000000000001,0.3195606604227868
TRE_landbasedwind_class3_moderate_3_anyQual_1,25,1.7661268729237087e7,4494.9,0.4497687104307625
TRE_landbasedwind_class3_moderate_4_anyQual_1,25,3.9992350794816226e7,9090.0,0.503617049826524
TRE_landbasedwind_class3_moderate_5_anyQual_1,25,1.0900018341556495e7,2487.0,0.5016938971643616
TRE_landbasedwind_class3_moderate_6_anyQual_1,25,1.5955822359394649e7,3638.0,0.5020464175774666
TRE_landbasedwind_class3_moderate_11_anyQual_1,25,6.118927911432316e6,1864.0,0.37576541297666183
TRE_landbasedwind_class3_moderate_17_anyQual_1,25,6.381500012388271e6,2001.0,0.3650590005128086
TRE_landbasedwind_class3_moderate_24_anyQual_1,25,3.0780772806979306e6,1144.0,0.3079930166686209
TRE_offshorewind_class3_moderate_fixed_1_1,25,0.0,0.0,0.0
TRE_offshorewind_class3_moderate_fixed_1_2,25,0.0,0.0,0.0
TRE_offshorewind_class3_moderate_fixed_1_3,25,0.0,0.0,0.0
TRE_offshorewind_class12_moderate_floating_1_1,25,0.0,0.0,0.0
TRE_offshorewind_class12_moderate_floating_1_2,25,0.0,0.0,0.0
TRE_offshorewind_class12_moderate_floating_1_3,25,0.0,0.0,0.0
TRE_offshorewind_class3_moderate_fixed_0_1,25,0.0,0.0,0.0
TRE_offshorewind_class3_moderate_fixed_0_2,25,0.0,0.0,0.0
TRE_offshorewind_class3_moderate_fixed_0_3,25,0.0,0.0,0.0
TRE_offshorewind_class12_moderate_floating_0_1,25,0.0,0.0,0.0
TRE_offshorewind_class12_moderate_floating_0_2,25,0.0,0.0,0.0
TRE_offshorewind_class12_moderate_floating_0_3,25,0.0,0.0,0.0
TREW_landbasedwind_class3_moderate_1_anyQual_1,26,3.208172738589328e7,9111.0,0.40306869762516473
