Resource,region,technology,cluster,R_ID,Zone,Num_VRE_Bins,THERM,VRE,MUST_RUN,STOR,FLEX,HYDRO,LDS,CapRes_1,CapRes_2,Min_Share,Max_Share,Existing_Cap_MWh,Existing_Cap_MW,Existing_Charge_Cap_MW,num_units,unmodified_existing_cap_mw,New_Build,Cap_Size,Min_Cap_MW,Max_Cap_MW,Max_Cap_MWh,Min_Cap_MWh,Max_Charge_Cap_MW,Min_Charge_Cap_MW,Min_Share_percent,Max_Share_percent,capex_mw,Inv_Cost_per_MWyr,Fixed_OM_Cost_per_MWyr,capex_mwh,Inv_Cost_per_MWhyr,Fixed_OM_Cost_per_MWhyr,Var_OM_Cost_per_MWh,Var_OM_Cost_per_MWh_In,Inv_Cost_Charge_per_MWyr,Fixed_OM_Cost_Charge_per_MWyr,Start_Cost_per_MW,Start_Fuel_MMBTU_per_MW,Heat_Rate_MMBTU_per_MWh,heat_rate_mmbtu_mwh_iqr,heat_rate_mmbtu_mwh_std,Fuel,Min_Power,Self_Disch,Eff_Up,Eff_Down,Hydro_Energy_to_Power_Ratio,Min_Duration,Max_Duration,Reg_Max,Rsv_Max,Reg_Cost,Rsv_Cost,Max_Flexible_Demand_Delay,Max_Flexible_Demand_Advance,Flexible_Demand_Energy_Eff,CO2_Capture_Rate,CO2_Capture_Cost_per_Metric_Ton,co2_pipeline_annuity_mw,co2_pipeline_capex_mw,storage_cost_tonne,tonne_co2_captured_mwh,co2_cost_mwh,Ramp_Up_Percentage,Ramp_Dn_Percentage,Up_Time,Down_Time,spur_miles,spur_capex,offshore_spur_miles,offshore_spur_capex,tx_miles,tx_capex,interconnect_annuity,interconnect_capex_mw,regional_cost_multiplier,variable_CF,RETRO,Num_RETRO_Sources,Retro1_Source,Retro1_Efficiency,Retro1_Inv_Cost_per_MWyr,Retro2_Source,Retro2_Efficiency,Retro2_Inv_Cost_per_MWyr,MinCapTag_1,MinCapTag_2,ESR_12,Retro3_Efficiency,CapRes_7,CapRes_9,ESR_2,ESR_14,ESR_10,MinCapTag_3,ESR_8,ESR_1,ESR_6,gen_is_variable,ESR_16,ESR_13,Retro3_Source,CapRes_6,ESR_5,CapRes_4,CapRes_8,ESR_15,CapRes_5,MinCapTag_5,ESR_3,CapRes_3,MinCapTag_4,ESR_4,ESR_7,ESR_9,CapRes_10,ESR_11,Min_Retired_Cap_MW,Min_Retired_Energy_Cap_MW,Min_Retired_Charge_Cap_MW,Capital_Recovery_Period,WACC,Lifetime,old_Inv_Cost_per_MWyr,old_Inv_Cost_per_MWhyr,original_Fixed_OM_Cost_per_MWyr,original_Fixed_OM_Cost_per_MWhyr
BASN_batteries_1,BASN,Batteries,1,1,1,0,0,0,0,1,0,0,0,0.0,0.0,0,0,2196.0,936.0,0.0,15.0,934.8,-1,62.32,0,0.0,0.0,0,0,0,0.0,0.0,0.0,0,7476,0.0,0,0,0.15,0.15,0,0,0.0,0.0,9.21,0.0,0.0,None,0.0,0.0,0.92,0.92,0.0,1.0,10.0,0.0,0.0,0.0,0.0,0,0,0,0.0,0,0.0,0.0,0.0,0.0,0.0,1.0,1.0,0,0,0.0,0.0,0,0,0,0,0.0,0.0,0.0,0.0,0,0,0,0,0,0,0,0,0,0,0,0,0.0,0.0,0,0,0,0,0,0,0,0,0,0,0,0.0,0,0.0,0.0,0,0.0,0,0,0.95,0,0,0,0,0.0,0,1.0,1.0,0.0,0.0,0.0,50.0,0,0,7476,0
BASN_biomass_1,BASN,Biomass,1,2,1,0,0,0,1,0,0,0,0,0.0,0.0,0,0,0.0,8.0,0.0,8.0,12.6,-1,1.01,0,0.0,0.0,0,0,0,0.0,0.0,0.0,0,157220,0.0,0,0,5.73,0.0,0,0,172.0,0.0,15.35,1.65,1.385,waste_biomass,0.722,0.0,1.0,1.0,0.0,0.0,0.0,0.0,0.0,0.0,0.0,0,0,0,0.0,0,0.0,0.0,0.0,0.0,0.0,1.0,1.0,0,0,0.0,0.0,0,0,0,0,0.0,0.0,0.0,0.0,0,0,0,0,0,0,0,0,0,0,0,0,0.0,0.0,0,0,0,0,0,1,0,0,0,0,0,0.0,0,0.0,0.0,0,0.0,0,0,0.93,0,0,0,1,0.0,0,0.0,0.0,0.0,0.0,0.0,50.0,0,0,157220,0
BASN_biomass_2,BASN,Biomass,2,3,1,0,0,0,1,0,0,0,0,0.0,0.0,0,0,0.0,21.0,0.0,20.0,25.8,-1,0.83,0,0.0,0.0,0,0,0,0.0,0.0,0.0,0,157220,0.0,0,0,3.77,0.0,0,0,172.0,0.0,10.09,1.518,1.237,waste_biomass,0.465,0.0,1.0,1.0,0.0,0.0,0.0,0.0,0.0,0.0,0.0,0,0,0,0.0,0,0.0,0.0,0.0,0.0,0.0,1.0,1.0,0,0,0.0,0.0,0,0,0,0,0.0,0.0,0.0,0.0,0,0,0,0,0,0,0,0,0,0,0,0,0.0,0.0,0,0,0,0,0,1,0,0,0,0,0,0.0,0,0.0,0.0,0,0.0,0,0,0.93,0,0,0,1,0.0,0,6.2,0.0,0.0,0.0,0.0,50.0,0,0,157220,0
BASN_conventional_hydroelectric_1,BASN,Conventional Hydroelectric,1,4,1,0,0,0,0,0,0,1,0,0.0,0.0,0,0,0.0,2523.0,0.0,44.0,2480.016,-1,56.36,0,0.0,0.0,0,0,0,0.0,0.0,0.0,0,47048,0.0,0,0,0.0,0.0,0,0,0.0,0.0,8.84,0.0,0.053,None,0.0,0.0,1.0,1.0,1.0,0.0,0.0,0.0,0.0,0.0,0.0,0,0,0,0.0,0,0.0,0.0,0.0,0.0,0.0,1.0,1.0,0,0,0.0,0.0,0,0,0,0,0.0,0.0,0.0,0.3892699601891015,0,0,0,0,0,0,0,0,0,0,0,0,0.0,0.0,0,0,0,0,0,0,0,0,0,0,0,0.0,0,0.0,0.0,0,0.0,0,0,0.8,0,0,0,1,0.0,0,9.6,0.0,0.0,0.0,0.0,50.0,0,0,47048,0
BASN_conventional_steam_coal_1,BASN,Conventional Steam Coal,1,5,1,0,1,0,0,0,0,0,0,0.0,0.0,0,0,0.0,0.0,0.0,4.0,1178.2,-1,294.55,0,0.0,0.0,0,0,0,0.0,0.0,0.0,0,72563,0.0,0,0,1.88,0.0,0,0,124.0,16.5,10.57,0.845,0.638,mountain_coal,0.5,0.0,1.0,1.0,0.0,0.0,0.0,0.095,0.19,0.0,0.0,0,0,0,0.0,0,0.0,0.0,0.0,0.0,0.0,0.57,0.57,24,24,0.0,0.0,0,0,0,0,0.0,0.0,0.0,0.0,0,0,0,0,0,0,0,0,0,0,0,0,0.0,0.0,0,0,0,0,0,0,0,0,0,0,0,0.0,0,0.0,0.0,0,0.0,0,0,0.93,0,0,0,0,0.0,0,0.0,0.0,0.0,0.0,0.0,50.0,0,0,72563,0
BASN_conventional_steam_coal_2,BASN,Conventional Steam Coal,2,6,1,0,1,0,0,0,0,0,0,0.0,0.0,0,0,0.0,0.0,0.0,4.0,1822.0,-1,455.5,0,0.0,0.0,0,0,0,0.0,0.0,0.0,0,62405,0.0,0,0,1.88,0.0,0,0,124.0,16.5,10.34,0.447,0.35,mountain_coal,0.5,0.0,1.0,1.0,0.0,0.0,0.0,0.095,0.19,0.0,0.0,0,0,0,0.0,0,0.0,0.0,0.0,0.0,0.0,0.57,0.57,24,24,0.0,0.0,0,0,0,0,0.0,0.0,0.0,0.0,0,0,0,0,0,0,0,0,0,0,0,0,0.0,0.0,0,0,0,0,0,0,0,0,0,0,0,0.0,0,0.0,0.0,0,0.0,0,0,0.93,0,0,0,0,0.0,0,0.0,0.0,0.0,0.0,0.0,50.0,0,0,62405,0
BASN_geothermal_1,BASN,Geothermal,1,7,1,0,1,0,0,0,0,0,0,0.0,0.0,0,0,0.0,498.0,0.0,56.0,800.016,-1,7.39,0,0.0,0.0,0,0,0,0.0,0.0,0.0,0,209101,0.0,0,0,0.0,0.0,0,0,0.0,0.0,8.96,0.0,0.158,None,0.258,0.0,1.0,1.0,0.0,0.0,0.0,0.0,0.0,0.0,0.0,0,0,0,0.0,0,0.0,0.0,0.0,0.0,0.0,1.0,1.0,0,0,0.0,0.0,0,0,0,0,0.0,0.0,0.0,0.0,0,0,0,0,0,0,0,0,0,0,0,0,0.0,0.0,0,0,0,0,0,1,0,0,0,0,0,0.0,0,0.0,0.0,0,0.0,0,0,0.93,0,0,0,1,0.0,0,36.5,0.0,0.0,0.0,0.0,50.0,0,0,209101,0
BASN_natural_gas_fired_combined_cycle_1,BASN,Natural Gas Fired Combined Cycle,1,8,1,0,1,0,0,0,0,0,0,0.0,0.0,0,0,0.0,2.0,0.0,5.0,735.2,-1,147.04,0,0.0,0.0,0,0,0,0.0,0.0,0.0,0,16492,0.0,0,0,4.55,0.0,0,0,92.0,2.0,7.94,0.762,0.763,mountain_naturalgas,0.3,0.0,1.0,1.0,0.0,0.0,0.0,0.106666667,0.213333333,0.0,0.0,0,0,0,0.0,0,0.0,0.0,0.0,0.0,0.0,0.64,0.64,6,6,0.0,0.0,0,0,0,0,0.0,0.0,0.0,0.0,0,0,0,0,0,0,0,0,0,0,0,0,0.0,0.0,0,0,0,0,0,0,0,0,0,0,0,0.0,0,0.0,0.0,0,0.0,0,0,0.93,0,0,0,0,0.0,0,190.0,0.0,0.0,0.0,0.0,50.0,0,0,16492,0
BASN_natural_gas_fired_combined_cycle_2,BASN,Natural Gas Fired Combined Cycle,2,9,1,0,1,0,0,0,0,0,0,0.0,0.0,0,0,0.0,7293.0,0.0,15.0,7294.005,-1,486.27,0,0.0,0.0,0,0,0,0.0,0.0,0.0,0,10628,0.0,0,0,3.59,0.0,0,0,92.0,2.0,7.56,0.521,0.622,mountain_naturalgas,0.3,0.0,1.0,1.0,0.0,0.0,0.0,0.106666667,0.213333333,0.0,0.0,0,0,0,0.0,0,0.0,0.0,0.0,0.0,0.0,0.64,0.64,6,6,0.0,0.0,0,0,0,0,0.0,0.0,0.0,0.0,0,0,0,0,0,0,0,0,0,0,0,0,0.0,0.0,0,0,0,0,0,0,0,0,0,0,0,0.0,0,0.0,0.0,0,0.0,0,0,0.93,0,0,0,0,0.0,0,0.0,0.0,0.0,0.0,0.0,50.0,0,0,10628,0
BASN_natural_gas_fired_combustion_turbine_1,BASN,Natural Gas Fired Combustion Turbine,1,10,1,0,1,0,0,0,0,0,0,0.0,0.0,0,0,0.0,1884.0,0.0,28.0,1824.704,-1,65.17,0,0.0,0.0,0,0,0,0.0,0.0,0.0,0,10270,0.0,0,0,6.8,0.0,0,0,119.0,3.5,11.73,1.172,1.77,mountain_naturalgas,0.3,0.0,1.0,1.0,0.0,0.0,0.0,0.106666667,0.213333333,0.0,0.0,0,0,0,0.0,0,0.0,0.0,0.0,0.0,0.0,3.78,3.78,1,1,0.0,0.0,0,0,0,0,0.0,0.0,0.0,0.0,0,0,0,0,0,0,0,0,0,0,0,0,0.0,0.0,0,0,0,0,0,0,0,0,0,0,0,0.0,0,0.0,0.0,0,0.0,0,0,0.93,0,0,0,0,0.0,0,122.1,0.0,0.0,0.0,0.0,50.0,0,0,10270,0
BASN_natural_gas_fired_combustion_turbine_2,BASN,Natural Gas Fired Combustion Turbine,2,11,1,0,1,0,0,0,0,0,0,0.0,0.0,0,0,0.0,1.0,0.0,20.0,236.2,-1,11.81,0,0.0,0.0,0,0,0,0.0,0.0,0.0,0,13412,0.0,0,0,6.8,0.0,0,0,119.0,3.5,11.14,2.211,2.058,mountain_naturalgas,0.3,0.0,1.0,1.0,0.0,0.0,0.0,0.106666667,0.213333333,0.0,0.0,0,0,0,0.0,0,0.0,0.0,0.0,0.0,0.0,3.78,3.78,1,1,0.0,0.0,0,0,0,0,0.0,0.0,0.0,0.0,0,0,0,0,0,0,0,0,0,0,0,0,0.0,0.0,0,0,0,0,0,0,0,0,0,0,0,0.0,0,0.0,0.0,0,0.0,0,0,0.93,0,0,0,0,0.0,0,0.0,0.0,0.0,0.0,0.0,50.0,0,0,13412,0
BASN_natural_gas_internal_combustion_engine_1,BASN,Natural Gas Internal Combustion Engine,1,12,1,0,1,0,0,0,0,0,0,0.0,0.0,0,0,0.0,0.0,0.0,53.0,221.381,-1,4.18,0,0.0,0.0,0,0,0,0.0,0.0,0.0,0,24000,0.0,0,0,6.36,0.0,0,0,38.0,0.0,9.6,1.718,2.984,mountain_naturalgas,0.18,0.0,1.0,1.0,0.0,0.0,0.0,0.106666667,0.213333333,0.0,0.0,0,0,0,0.0,0,0.0,0.0,0.0,0.0,0.0,3.78,3.78,1,1,0.0,0.0,0,0,0,0,0.0,0.0,0.0,0.0,0,0,0,0,0,0,0,0,0,0,0,0,0.0,0.0,0,0,0,0,0,0,0,0,0,0,0,0.0,0,0.0,0.0,0,0.0,0,0,0.93,0,0,0,0,0.0,0,0.0,0.0,0.0,0.0,0.0,50.0,0,0,24000,0
BASN_natural_gas_steam_turbine_1,BASN,Natural Gas Steam Turbine,1,13,1,0,1,0,0,0,0,0,0,0.0,0.0,0,0,0.0,0.0,0.0,1.0,5.0,-1,5.0,0,0.0,0.0,0,0,0,0.0,0.0,0.0,0,51303,0.0,0,0,1.06,0.0,0,0,87.0,13.7,9.21,6.478,4.158,mountain_naturalgas,0.5,0.0,1.0,1.0,0.0,0.0,0.0,0.63,1.26,0.0,0.0,0,0,0,0.0,0,0.0,0.0,0.0,0.0,0.0,0.64,0.64,6,6,0.0,0.0,0,0,0,0,0.0,0.0,0.0,0.0,0,0,0,0,0,0,0,0,0,0,0,0,0.0,0.0,0,0,0,0,0,0,0,0,0,0,0,0.0,0,0.0,0.0,0,0.0,0,0,0.93,0,0,0,0,0.0,0,237.5,0.0,0.0,0.0,0.0,50.0,0,0,51303,0
BASN_onshore_wind_turbine_1,BASN,Onshore Wind Turbine,1,14,1,1,0,1,0,0,0,0,0,0.0,0.0,0,0,0.0,2030.0,0.0,40.0,2019.6,-1,50.49,0,0.0,0.0,0,0,0,0.0,0.0,0.0,0,30300,0.0,0,0,0.0,0.0,0,0,0.0,0.0,8.94,0.0,0.08,None,0.0,0.0,1.0,1.0,0.0,0.0,0.0,0.0,0.0,0.0,0.0,0,0,0,0.0,0,0.0,0.0,0.0,0.0,0.0,1.0,1.0,0,0,0.0,0.0,0,0,0,0,0.0,0.0,0.0,0.2254433000456806,0,0,0,0,0,0,0,0,0,0,0,0,0.0,0.0,0,0,0,0,0,1,0,1,0,0,0,0.0,0,0.0,0.0,0,0.0,0,0,0.8,0,0,0,1,0.0,0,10.5,0.0,0.0,0.0,0.0,50.0,0,0,30300,0
BASN_petroleum_liquids_1,BASN,Petroleum Liquids,1,15,1,0,1,0,0,0,0,0,0,0.0,0.0,0,0,0.0,0.0,0.0,15.0,25.8,-1,1.72,0,0.0,0.0,0,0,0,0.0,0.0,0.0,0,24000,0.0,0,0,8.22,0.0,0,0,38.0,0.0,12.4,0.143,2.942,mountain_distillate,0.18,0.0,1.0,1.0,0.0,0.0,0.0,0.0,0.0,0.0,0.0,0,0,0,0.0,0,0.0,0.0,0.0,0.0,0.0,3.78,3.78,1,1,0.0,0.0,0,0,0,0,0.0,0.0,0.0,0.0,0,0,0,0,0,0,0,0,0,0,0,0,0.0,0.0,0,0,0,0,0,0,0,0,0,0,0,0.0,0,0.0,0.0,0,0.0,0,0,0.93,0,0,0,0,0.0,0,0.0,0.0,0.0,0.0,0.0,50.0,0,0,24000,0
BASN_small_hydroelectric_1,BASN,Small Hydroelectric,1,16,1,0,0,0,1,0,0,0,0,0.0,0.0,0,0,0.0,230.0,0.0,126.0,372.708,-1,1.37,0,0.0,0.0,0,0,0,0.0,0.0,0.0,0,47048,0.0,0,0,0.0,0.0,0,0,0.0,0.0,8.85,0.0,0.111,None,0.246,0.0,1.0,1.0,0.0,0.0,0.0,0.0,0.0,0.0,0.0,0,0,0,0.0,0,0.0,0.0,0.0,0.0,0.0,1.0,1.0,0,0,0.0,0.0,0,0,0,0,0.0,0.0,0.0,0.3892699601891015,0,0,0,0,0,0,0,0,0,0,0,0,0.0,0.0,0,0,0,0,0,1,0,0,0,0,0,0.0,0,0.0,0.0,0,0.0,0,0,0.8,0,0,0,1,0.0,0,0.0,0.0,0.0,0.0,0.0,50.0,0,0,47048,0
BASN_solar_photovoltaic_1,BASN,Solar Photovoltaic,1,17,1,1,0,1,0,0,0,0,0,0.0,0.0,0,0,0.0,8005.0,0.0,160.0,8006.24,-1,50.04,0,0.0,0.0,0,0,0,0.0,0.0,0.0,0,22528,0.0,0,0,0.0,0.0,0,0,0.0,0.0,9.08,0.367,0.18,None,0.0,0.0,1.0,1.0,0.0,0.0,0.0,0.0,0.0,0.0,0.0,0,0,0,0.0,0,0.0,0.0,0.0,0.0,0.0,1.0,1.0,0,0,0.0,0.0,0,0,0,0,0.0,0.0,0.0,0.2853540855264589,0,0,0,0,0,0,0,0,0,0,0,0,0.0,0.0,0,0,0,0,0,1,0,1,0,0,0,0.0,0,0.0,0.0,0,0.0,0,0,0.8,0,0,0,1,0.0,0,0.0,0.0,0.0,0.0,0.0,50.0,0,0,22528,0
CANO_batteries_1,CANO,Batteries,1,18,2,0,0,0,0,1,0,0,0,0.95,0.0,0,0,10575.0,2653.0,0.0,40.0,2645.68,-1,66.14,0,0.0,0.0,0,0,0,0.0,0.0,0.0,0,7476,0.0,0,0,0.15,0.15,0,0,0.0,0.0,9.61,0.0,0.418,None,0.0,0.0,0.92,0.92,0.0,1.0,10.0,0.0,0.0,0.0,0.0,0,0,0,0.0,0,0.0,0.0,0.0,0.0,0.0,1.0,1.0,0,0,0.0,0.0,0,0,0,0,0.0,0.0,0.0,0.0,0,0,0,0,0,0,0,0,0,0,0,0,0.0,0.0,0,0,0,0,0,0,0,0,0,0,0,0.0,0,0.0,0.0,0,0.0,0,0,0.0,0,0,0,0,0.0,0,4.9,10.1,0.0,0.0,0.0,50.0,0,0,7476,0
CANO_biomass_1,CANO,Biomass,1,19,2,0,0,0,1,0,0,0,0,0.93,0.0,0,0,0.0,158.0,0.0,22.0,434.61,-1,6.67,0,0.0,0.0,0,0,0,0.0,0.0,0.0,0,157220,0.0,0,0,6.84,0.0,0,0,172.0,0.0,18.32,4.364,3.684,waste_biomass,0.32,0.0,1.0,1.0,0.0,0.0,0.0,0.0,0.0,0.0,0.0,0,0,0,0.0,0,0.0,0.0,0.0,0.0,0.0,1.0,1.0,0,0,0.0,0.0,0,0,0,0,0.0,0.0,0.0,0.0,0,0,0,0,0,0,0,0,0,0,0,0,0.0,0.0,0,0,0,0,0,1,0,0,0,0,0,0.0,0,0.0,0.0,0,0.0,0,0,0.0,0,0,0,1,0.0,0,3.4,0.0,0.0,0.0,0.0,50.0,0,0,157220,0
CANO_biomass_2,CANO,Biomass,2,20,2,0,0,0,1,0,0,0,0,0.93,0.0,0,0,0.0,74.0,0.0,78.0,187.434,-1,0.81,0,0.0,0.0,0,0,0,0.0,0.0,0.0,0,157220,0.0,0,0,4.08,0.0,0,0,172.0,0.0,10.92,2.225,1.3,waste_biomass,0.335,0.0,1.0,1.0,0.0,0.0,0.0,0.0,0.0,0.0,0.0,0,0,0,0.0,0,0.0,0.0,0.0,0.0,0.0,1.0,1.0,0,0,0.0,0.0,0,0,0,0,0.0,0.0,0.0,0.0,0,0,0,0,0,0,0,0,0,0,0,0,0.0,0.0,0,0,0,0,0,1,0,0,0,0,0,0.0,0,0.0,0.0,0,0.0,0,0,0.0,0,0,0,1,0.0,0,24.7,0.0,0.0,0.0,0.0,50.0,0,0,157220,0
CANO_conventional_hydroelectric_1,CANO,Conventional Hydroelectric,1,21,2,0,0,0,0,0,0,1,0,0.8,0.0,0,0,0.0,7519.0,0.0,101.0,6903.653,-1,68.35,0,0.0,0.0,0,0,0,0.0,0.0,0.0,0,47048,0.0,0,0,0.0,0.0,0,0,0.0,0.0,8.92,0.0,0.221,None,0.063,0.0,1.0,1.0,1.0,0.0,0.0,0.0,0.0,0.0,0.0,0,0,0,0.0,0,0.0,0.0,0.0,0.0,0.0,1.0,1.0,0,0,0.0,0.0,0,0,0,0,0.0,0.0,0.0,0.3026358924424197,0,0,0,0,0,0,0,0,0,0,0,0,0.0,0.0,0,0,0,0,0,0,0,0,0,0,0,0.0,0,0.0,0.0,0,0.0,0,0,0.0,0,0,0,1,0.0,0,69.0,0.0,0.0,0.0,0.0,50.0,0,0,47048,0
CANO_geothermal_1,CANO,Geothermal,1,22,2,0,1,0,0,0,0,0,0,0.93,0.0,0,0,0.0,782.0,0.0,0.0,0.0,-1,1.0,0,0.0,0.0,0,0,0,0.0,0.0,0.0,0,209101,0.0,0,0,0.0,0.0,0,0,0.0,0.0,8.86,0.0,0.075,None,0.0,0.0,1.0,1.0,0.0,0.0,0.0,0.0,0.0,0.0,0.0,0,0,0,0.0,0,0.0,0.0,0.0,0.0,0.0,1.0,1.0,0,0,0.0,0.0,0,0,0,0,0.0,0.0,0.0,0.0,0,0,0,0,0,0,0,0,0,0,0,0,0.0,0.0,0,0,0,0,0,1,0,0,0,0,0,0.0,0,0.0,0.0,0,0.0,0,0,0.0,0,0,0,1,0.0,0,0.0,0.0,0.0,0.0,0.0,50.0,0,0,209101,0
CANO_hydroelectric_pumped_storage_1,CANO,Hydroelectric Pumped Storage,1,23,2,0,0,0,0,1,0,0,0,0.95,0.0,0,0,35293.5,2277.0,0.0,24.0,2276.904,-1,94.87,0,0.0,0.0,0,0,0,0.0,0.0,0.0,0,47048,0.0,0,0,0.0,0.0,0,0,0.0,0.0,1.63,0.0,1.88,None,0.236,0.0,0.866,0.866,0.0,1.0,20.0,0.0,0.0,0.0,0.0,0,0,0,0.0,0,0.0,0.0,0.0,0.0,0.0,1.0,1.0,0,0,0.0,0.0,0,0,0,0,0.0,0.0,0.0,0.0,0,0,0,0,0,0,0,0,0,0,0,0,0.0,0.0,0,0,0,0,0,0,0,0,0,0,0,0.0,0,0.0,0.0,0,0.0,0,0,0.0,0,0,0,0,0.0,0,0.0,0.0,0.0,0.0,0.0,50.0,0,0,47048,0
CANO_natural_gas_fired_combined_cycle_1,CANO,Natural Gas Fired Combined Cycle,1,24,2,0,1,0,0,0,0,0,0,0.93,0.0,0,0,0.0,0.0,0.0,26.0,3112.798,-1,119.72,0,0.0,0.0,0,0,0,0.0,0.0,0.0,0,16492,0.0,0,0,4.55,0.0,0,0,92.0,2.0,8.63,2.252,3.324,pacific_naturalgas,0.3,0.0,1.0,1.0,0.0,0.0,0.0,0.106666667,0.213333333,0.0,0.0,0,0,0,0.0,0,0.0,0.0,0.0,0.0,0.0,0.64,0.64,6,6,0.0,0.0,0,0,0,0,0.0,0.0,0.0,0.0,0,0,0,0,0,0,0,0,0,0,0,0,0.0,0.0,0,0,0,0,0,0,0,0,0,0,0,0.0,0,0.0,0.0,0,0.0,0,0,0.0,0,0,0,0,0.0,0,0.0,0.0,0.0,0.0,0.0,50.0,0,0,16492,0
CANO_natural_gas_fired_combined_cycle_2,CANO,Natural Gas Fired Combined Cycle,2,25,2,0,1,0,0,0,0,0,0,0.93,0.0,0,0,0.0,7859.0,0.0,16.0,8296.896,-1,518.56,0,0.0,0.0,0,0,0,0.0,0.0,0.0,0,10426,0.0,0,0,3.6,0.0,0,0,92.0,2.0,7.42,0.707,0.427,pacific_naturalgas,0.3,0.0,1.0,1.0,0.0,0.0,0.0,0.106666667,0.213333333,0.0,0.0,0,0,0,0.0,0,0.0,0.0,0.0,0.0,0.0,0.64,0.64,6,6,0.0,0.0,0,0,0,0,0.0,0.0,0.0,0.0,0,0,0,0,0,0,0,0,0,0,0,0,0.0,0.0,0,0,0,0,0,0,0,0,0,0,0,0.0,0,0.0,0.0,0,0.0,0,0,0.0,0,0,0,0,0.0,0,0.0,0.0,0.0,0.0,0.0,50.0,0,0,10426,0
CANO_natural_gas_fired_combustion_turbine_1,CANO,Natural Gas Fired Combustion Turbine,1,26,2,0,1,0,0,0,0,0,0,0.93,0.0,0,0,0.0,1.0,0.0,26.0,2248.688,-1,86.49,0,0.0,0.0,0,0,0,0.0,0.0,0.0,0,9973,0.0,0,0,6.8,0.0,0,0,119.0,3.5,10.76,1.198,0.859,pacific_naturalgas,0.3,0.0,1.0,1.0,0.0,0.0,0.0,0.106666667,0.213333333,0.0,0.0,0,0,0,0.0,0,0.0,0.0,0.0,0.0,0.0,3.78,3.78,1,1,0.0,0.0,0,0,0,0,0.0,0.0,0.0,0.0,0,0,0,0,0,0,0,0,0,0,0,0,0.0,0.0,0,0,0,0,0,0,0,0,0,0,0,0.0,0,0.0,0.0,0,0.0,0,0,0.0,0,0,0,0,0.0,0,0.0,0.0,0.0,0.0,0.0,50.0,0,0,9973,0
CANO_natural_gas_fired_combustion_turbine_2,CANO,Natural Gas Fired Combustion Turbine,2,27,2,0,1,0,0,0,0,0,0,0.93,0.0,0,0,0.0,0.0,0.0,87.0,2337.516,-1,26.87,0,0.0,0.0,0,0,0,0.0,0.0,0.0,0,13412,0.0,0,0,6.8,0.0,0,0,119.0,3.5,10.7,2.347,2.508,pacific_naturalgas,0.3,0.0,1.0,1.0,0.0,0.0,0.0,0.106666667,0.213333333,0.0,0.0,0,0,0,0.0,0,0.0,0.0,0.0,0.0,0.0,3.78,3.78,1,1,0.0,0.0,0,0,0,0,0.0,0.0,0.0,0.0,0,0,0,0,0,0,0,0,0,0,0,0,0.0,0.0,0,0,0,0,0,0,0,0,0,0,0,0.0,0,0.0,0.0,0,0.0,0,0,0.0,0,0,0,0,0.0,0,83.7,0.0,0.0,0.0,0.0,50.0,0,0,13412,0
CANO_natural_gas_internal_combustion_engine_1,CANO,Natural Gas Internal Combustion Engine,1,28,2,0,1,0,0,0,0,0,0,0.93,0.0,0,0,0.0,0.0,0.0,83.0,444.382,-1,5.35,0,0.0,0.0,0,0,0,0.0,0.0,0.0,0,24000,0.0,0,0,5.98,0.0,0,0,38.0,0.0,9.02,2.03,1.051,pacific_naturalgas,0.18,0.0,1.0,1.0,0.0,0.0,0.0,0.106666667,0.213333333,0.0,0.0,0,0,0,0.0,0,0.0,0.0,0.0,0.0,0.0,3.78,3.78,1,1,0.0,0.0,0,0,0,0,0.0,0.0,0.0,0.0,0,0,0,0,0,0,0,0,0,0,0,0,0.0,0.0,0,0,0,0,0,0,0,0,0,0,0,0.0,0,0.0,0.0,0,0.0,0,0,0.0,0,0,0,0,0.0,0,0.0,0.0,0.0,0.0,0.0,50.0,0,0,24000,0
CANO_natural_gas_steam_turbine_1,CANO,Natural Gas Steam Turbine,1,29,2,0,1,0,0,0,0,0,0,0.93,0.0,0,0,0.0,0.0,0.0,1.0,2.9,-1,2.9,0,0.0,0.0,0,0,0,0.0,0.0,0.0,0,51303,0.0,0,0,1.06,0.0,0,0,87.0,13.7,9.21,0.0,0.0,pacific_naturalgas,0.5,0.0,1.0,1.0,0.0,0.0,0.0,0.63,1.26,0.0,0.0,0,0,0,0.0,0,0.0,0.0,0.0,0.0,0.0,0.64,0.64,6,6,0.0,0.0,0,0,0,0,0.0,0.0,0.0,0.0,0,0,0,0,0,0,0,0,0,0,0,0,0.0,0.0,0,0,0,0,0,0,0,0,0,0,0,0.0,0,0.0,0.0,0,0.0,0,0,0.0,0,0,0,0,0.0,0,0.0,0.0,0.0,0.0,0.0,50.0,0,0,51303,0
CANO_nuclear_1,CANO,Nuclear,1,30,2,0,1,0,0,0,0,0,0,0.93,0.0,0,0,0.0,0.0,0.0,0.0,0.0,-1,1.0,0,0.0,0.0,0,0,0,0.0,0.0,0.0,0,193275,0.0,0,0,2.47,0.0,0,0,248.0,0.0,10.45,0.0,0.0,pacific_uranium,0.5,0.0,1.0,1.0,0.0,0.0,0.0,0.041666667,0.083333333,0.0,0.0,0,0,0,0.0,0,0.0,0.0,0.0,0.0,0.0,0.25,0.25,24,24,0.0,0.0,0,0,0,0,0.0,0.0,0.0,0.0,0,0,0,0,0,0,0,0,0,0,0,0,0.0,0.0,0,0,0,0,0,0,0,0,0,0,0,0.0,0,0.0,0.0,0,0.0,0,0,0.0,0,0,0,1,0.0,0,0.0,0.0,0.0,0.0,0.0,50.0,0,0,193275,0
CANO_onshore_wind_turbine_1,CANO,Onshore Wind Turbine,1,31,2,1,0,1,0,0,0,0,0,0.8,0.0,0,0,0.0,1473.0,0.0,31.0,1262.01,-1,40.71,0,0.0,0.0,0,0,0,0.0,0.0,0.0,0,30300,0.0,0,0,0.0,0.0,0,0,0.0,0.0,8.88,0.092,0.161,None,0.0,0.0,1.0,1.0,0.0,0.0,0.0,0.0,0.0,0.0,0.0,0,0,0,0.0,0,0.0,0.0,0.0,0.0,0.0,1.0,1.0,0,0,0.0,0.0,0,0,0,0,0.0,0.0,0.0,0.1947309653916211,0,0,0,0,0,0,0,0,0,0,0,0,0.0,0.0,0,0,0,0,0,1,0,1,0,0,0,0.0,0,0.0,0.0,0,0.0,0,0,0.0,0,0,0,1,0.0,0,180.0,0.0,0.0,0.0,0.0,50.0,0,0,30300,0
CANO_petroleum_liquids_1,CANO,Petroleum Liquids,1,32,2,0,1,0,0,0,0,0,0,0.93,0.0,0,0,0.0,0.0,0.0,81.0,176.58,-1,2.18,0,0.0,0.0,0,0,0,0.0,0.0,0.0,0,24000,0.0,0,0,7.72,0.0,0,0,38.0,0.0,11.66,4.66,2.539,pacific_distillate,0.18,0.0,1.0,1.0,0.0,0.0,0.0,0.0,0.0,0.0,0.0,0,0,0,0.0,0,0.0,0.0,0.0,0.0,0.0,3.78,3.78,1,1,0.0,0.0,0,0,0,0,0.0,0.0,0.0,0.0,0,0,0,0,0,0,0,0,0,0,0,0,0.0,0.0,0,0,0,0,0,0,0,0,0,0,0,0.0,0,0.0,0.0,0,0.0,0,0,0.0,0,0,0,0,0.0,0,0.7,0.0,0.0,0.0,0.0,50.0,0,0,24000,0
CANO_small_hydroelectric_1,CANO,Small Hydroelectric,1,33,2,0,0,0,1,0,0,0,0,0.8,0.0,0,0,0.0,269.0,0.0,111.0,597.513,-1,1.94,0,0.0,0.0,0,0,0,0.0,0.0,0.0,0,47048,0.0,0,0,0.0,0.0,0,0,0.0,0.0,8.84,0.0,0.002,None,0.13,0.0,1.0,1.0,0.0,0.0,0.0,0.0,0.0,0.0,0.0,0,0,0,0.0,0,0.0,0.0,0.0,0.0,0.0,1.0,1.0,0,0,0.0,0.0,0,0,0,0,0.0,0.0,0.0,0.3026358924424197,0,0,0,0,0,0,0,0,0,0,0,0,0.0,0.0,0,0,0,0,0,1,0,0,0,0,0,0.0,0,0.0,0.0,0,0.0,0,0,0.0,0,0,0,1,0.0,0,0.0,0.0,0.0,0.0,0.0,50.0,0,0,47048,0
CANO_solar_photovoltaic_1,CANO,Solar Photovoltaic,1,34,2,1,0,1,0,0,0,0,0,0.8,0.0,0,0,0.0,6328.0,0.0,344.0,6328.224,-1,18.4,0,0.0,0.0,0,0,0,0.0,0.0,0.0,0,22528,0.0,0,0,0.0,0.0,0,0,0.0,0.0,9.05,0.367,0.184,None,0.0,0.0,1.0,1.0,0.0,0.0,0.0,0.0,0.0,0.0,0.0,0,0,0,0.0,0,0.0,0.0,0.0,0.0,0.0,1.0,1.0,0,0,0.0,0.0,0,0,0,0,0.0,0.0,0.0,0.27731498949993,0,0,0,0,0,0,0,0,0,0,0,0,0.0,0.0,0,0,0,0,0,1,0,1,0,0,0,0.0,0,0.0,0.0,0,0.0,0,0,0.0,0,0,0,1,0.0,0,0.0,0.0,0.0,0.0,0.0,50.0,0,0,22528,0
CASO_batteries_1,CASO,Batteries,1,35,3,0,0,0,0,1,0,0,0,0.95,0.0,0,0,33575.0,8929.0,0.0,118.0,8439.478,-1,71.52,0,0.0,0.0,0,0,0,0.0,0.0,0.0,0,7476,0.0,0,0,0.15,0.15,0,0,0.0,0.0,9.28,0.0,0.407,None,0.0,0.0,0.92,0.92,0.0,1.0,10.0,0.0,0.0,0.0,0.0,0,0,0,0.0,0,0.0,0.0,0.0,0.0,0.0,1.0,1.0,0,0,0.0,0.0,0,0,0,0,0.0,0.0,0.0,0.0,0,0,0,0,0,0,0,0,0,0,0,0,0.0,0.0,0,0,0,0,0,0,0,0,0,0,0,0.0,0,0.0,0.0,0,0.0,0,0,0.0,0,0,0,0,0.0,0,480.8,1000.1,0.0,0.0,0.0,50.0,0,0,7476,0
CASO_biomass_1,CASO,Biomass,1,36,3,0,0,0,1,0,0,0,0,0.93,0.0,0,0,0.0,137.0,0.0,59.0,247.977,-1,1.86,0,0.0,0.0,0,0,0,0.0,0.0,0.0,0,157220,0.0,0,0,3.8,0.0,0,0,172.0,0.0,10.17,2.069,1.551,waste_biomass,0.316,0.0,1.0,1.0,0.0,0.0,0.0,0.0,0.0,0.0,0.0,0,0,0,0.0,0,0.0,0.0,0.0,0.0,0.0,1.0,1.0,0,0,0.0,0.0,0,0,0,0,0.0,0.0,0.0,0.0,0,0,0,0,0,0,0,0,0,0,0,0,0.0,0.0,0,0,0,0,0,1,0,0,0,0,0,0.0,0,0.0,0.0,0,0.0,0,0,0.0,0,0,0,1,0.0,0,17.3,0.0,0.0,0.0,0.0,50.0,0,0,157220,0
CASO_biomass_2,CASO,Biomass,2,37,3,0,0,0,1,0,0,0,0,0.93,0.0,0,0,0.0,24.0,0.0,9.0,22.401,-1,1.1,0,0.0,0.0,0,0,0,0.0,0.0,0.0,0,157220,0.0,0,0,6.81,0.0,0,0,172.0,0.0,18.25,3.932,2.782,waste_biomass,0.616,0.0,1.0,1.0,0.0,0.0,0.0,0.0,0.0,0.0,0.0,0,0,0,0.0,0,0.0,0.0,0.0,0.0,0.0,1.0,1.0,0,0,0.0,0.0,0,0,0,0,0.0,0.0,0.0,0.0,0,0,0,0,0,0,0,0,0,0,0,0,0.0,0.0,0,0,0,0,0,1,0,0,0,0,0,0.0,0,0.0,0.0,0,0.0,0,0,0.0,0,0,0,1,0.0,0,5.4,0.0,0.0,0.0,0.0,50.0,0,0,157220,0
CASO_conventional_hydroelectric_1,CASO,Conventional Hydroelectric,1,38,3,0,0,0,0,0,0,1,0,0.8,0.0,0,0,0.0,1346.0,0.0,24.0,955.008,-1,39.79,0,0.0,0.0,0,0,0,0.0,0.0,0.0,0,47048,0.0,0,0,0.0,0.0,0,0,0.0,0.0,8.85,0.009,0.158,None,0.101,0.0,1.0,1.0,1.0,0.0,0.0,0.0,0.0,0.0,0.0,0,0,0,0.0,0,0.0,0.0,0.0,0.0,0.0,1.0,1.0,0,0,0.0,0.0,0,0,0,0,0.0,0.0,0.0,0.2846172282179519,0,0,0,0,0,0,0,0,0,0,0,0,0.0,0.0,0,0,0,0,0,0,0,0,0,0,0,0.0,0,0.0,0.0,0,0.0,0,0,0.0,0,0,0,1,0.0,0,16.0,0.0,0.0,0.0,0.0,50.0,0,0,47048,0
CASO_conventional_steam_coal_1,CASO,Conventional Steam Coal,1,39,3,0,1,0,0,0,0,0,0,0.93,0.0,0,0,0.0,0.0,0.0,1.0,0.0,-1,1.0,0,0.0,0.0,0,0,0,0.0,0.0,0.0,0,79087,0.0,0,0,1.88,0.0,0,0,124.0,16.5,10.84,0.0,0.0,pacific_coal,0.5,0.0,1.0,1.0,0.0,0.0,0.0,0.095,0.19,0.0,0.0,0,0,0,0.0,0,0.0,0.0,0.0,0.0,0.0,0.57,0.57,24,24,0.0,0.0,0,0,0,0,0.0,0.0,0.0,0.0,0,0,0,0,0,0,0,0,0,0,0,0,0.0,0.0,0,0,0,0,0,0,0,0,0,0,0,0.0,0,0.0,0.0,0,0.0,0,0,0.0,0,0,0,0,0.0,0,0.0,0.0,0.0,0.0,0.0,50.0,0,0,79087,0
CASO_geothermal_1,CASO,Geothermal,1,40,3,0,1,0,0,0,0,0,0,0.93,0.0,0,0,0.0,179.0,0.0,1.0,44.4,-1,23.65,0,0.0,0.0,0,0,0,0.0,0.0,0.0,0,209101,0.0,0,0,0.0,0.0,0,0,0.0,0.0,9.21,0.0,0.087,None,0.0,0.0,1.0,1.0,0.0,0.0,0.0,0.0,0.0,0.0,0.0,0,0,0,0.0,0,0.0,0.0,0.0,0.0,0.0,1.0,1.0,0,0,0.0,0.0,0,0,0,0,0.0,0.0,0.0,0.0,0,0,0,0,0,0,0,0,0,0,0,0,0.0,0.0,0,0,0,0,0,1,0,0,0,0,0,0.0,0,0.0,0.0,0,0.0,0,0,0.0,0,0,0,1,0.0,0,0.0,0.0,0.0,0.0,0.0,50.0,0,0,209101,0
CASO_hydroelectric_pumped_storage_1,CASO,Hydroelectric Pumped Storage,1,41,3,0,0,0,0,1,0,0,0,0.95,0.0,0,0,25807.5,1665.0,0.0,8.0,1665.0,-1,208.12,0,0.0,0.0,0,0,0,0.0,0.0,0.0,0,47048,0.0,0,0,0.0,0.0,0,0,0.0,0.0,0.0,0.0,0.0,None,0.036,0.0,0.866,0.866,0.0,1.0,20.0,0.0,0.0,0.0,0.0,0,0,0,0.0,0,0.0,0.0,0.0,0.0,0.0,1.0,1.0,0,0,0.0,0.0,0,0,0,0,0.0,0.0,0.0,0.0,0,0,0,0,0,0,0,0,0,0,0,0,0.0,0.0,0,0,0,0,0,0,0,0,0,0,0,0.0,0,0.0,0.0,0,0.0,0,0,0.0,0,0,0,0,0.0,0,0.0,0.0,0.0,0.0,0.0,50.0,0,0,47048,0
CASO_natural_gas_fired_combined_cycle_1,CASO,Natural Gas Fired Combined Cycle,1,42,3,0,1,0,0,0,0,0,0,0.93,0.0,0,0,0.0,0.0,0.0,28.0,2104.9,-1,75.18,0,0.0,0.0,0,0,0,0.0,0.0,0.0,0,16492,0.0,0,0,4.55,0.0,0,0,92.0,2.0,9.66,4.533,2.587,pacific_naturalgas,0.3,0.0,1.0,1.0,0.0,0.0,0.0,0.106666667,0.213333333,0.0,0.0,0,0,0,0.0,0,0.0,0.0,0.0,0.0,0.0,0.64,0.64,6,6,0.0,0.0,0,0,0,0,0.0,0.0,0.0,0.0,0,0,0,0,0,0,0,0,0,0,0,0,0.0,0.0,0,0,0,0,0,0,0,0,0,0,0,0.0,0,0.0,0.0,0,0.0,0,0,0.0,0,0,0,0,0.0,0,0.0,0.0,0.0,0.0,0.0,50.0,0,0,16492,0
CASO_natural_gas_fired_combined_cycle_2,CASO,Natural Gas Fired Combined Cycle,2,43,3,0,1,0,0,0,0,0,0,0.93,0.0,0,0,0.0,7481.0,0.0,18.0,7481.592,-1,415.64,0,0.0,0.0,0,0,0,0.0,0.0,0.0,0,10164,0.0,0,0,3.6,0.0,0,0,92.0,2.0,7.42,1.049,0.974,pacific_naturalgas,0.3,0.0,1.0,1.0,0.0,0.0,0.0,0.106666667,0.213333333,0.0,0.0,0,0,0,0.0,0,0.0,0.0,0.0,0.0,0.0,0.64,0.64,6,6,0.0,0.0,0,0,0,0,0.0,0.0,0.0,0.0,0,0,0,0,0,0,0,0,0,0,0,0,0.0,0.0,0,0,0,0,0,0,0,0,0,0,0,0.0,0,0.0,0.0,0,0.0,0,0,0.0,0,0,0,0,0.0,0,0.0,0.0,0.0,0.0,0.0,50.0,0,0,10164,0
CASO_natural_gas_fired_combustion_turbine_1,CASO,Natural Gas Fired Combustion Turbine,1,44,3,0,1,0,0,0,0,0,0,0.93,0.0,0,0,0.0,0.0,0.0,89.0,1729.27,-1,19.43,0,0.0,0.0,0,0,0,0.0,0.0,0.0,0,13412,0.0,0,0,6.8,0.0,0,0,119.0,3.5,10.91,2.347,1.964,pacific_naturalgas,0.3,0.0,1.0,1.0,0.0,0.0,0.0,0.106666667,0.213333333,0.0,0.0,0,0,0,0.0,0,0.0,0.0,0.0,0.0,0.0,3.78,3.78,1,1,0.0,0.0,0,0,0,0,0.0,0.0,0.0,0.0,0,0,0,0,0,0,0,0,0,0,0,0,0.0,0.0,0,0,0,0,0,0,0,0,0,0,0,0.0,0,0.0,0.0,0,0.0,0,0,0.0,0,0,0,0,0.0,0,142.8,0.0,0.0,0.0,0.0,50.0,0,0,13412,0
CASO_natural_gas_fired_combustion_turbine_2,CASO,Natural Gas Fired Combustion Turbine,2,45,3,0,1,0,0,0,0,0,0,0.93,0.0,0,0,0.0,4277.0,0.0,53.0,4265.387,-1,80.48,0,0.0,0.0,0,0,0,0.0,0.0,0.0,0,9668,0.0,0,0,6.8,0.0,0,0,119.0,3.5,10.3,2.236,1.93,pacific_naturalgas,0.3,0.0,1.0,1.0,0.0,0.0,0.0,0.106666667,0.213333333,0.0,0.0,0,0,0,0.0,0,0.0,0.0,0.0,0.0,0.0,3.78,3.78,1,1,0.0,0.0,0,0,0,0,0.0,0.0,0.0,0.0,0,0,0,0,0,0,0,0,0,0,0,0,0.0,0.0,0,0,0,0,0,0,0,0,0,0,0,0.0,0,0.0,0.0,0,0.0,0,0,0.0,0,0,0,0,0.0,0,308.0,0.0,0.0,0.0,0.0,50.0,0,0,9668,0
CASO_natural_gas_internal_combustion_engine_1,CASO,Natural Gas Internal Combustion Engine,1,46,3,0,1,0,0,0,0,0,0,0.93,0.0,0,0,0.0,0.0,0.0,28.0,50.204,-1,1.79,0,0.0,0.0,0,0,0,0.0,0.0,0.0,0,24000,0.0,0,0,5.72,0.0,0,0,38.0,0.0,8.63,1.033,1.179,pacific_naturalgas,0.18,0.0,1.0,1.0,0.0,0.0,0.0,0.106666667,0.213333333,0.0,0.0,0,0,0,0.0,0,0.0,0.0,0.0,0.0,0.0,3.78,3.78,1,1,0.0,0.0,0,0,0,0,0.0,0.0,0.0,0.0,0,0,0,0,0,0,0,0,0,0,0,0,0.0,0.0,0,0,0,0,0,0,0,0,0,0,0,0.0,0,0.0,0.0,0,0.0,0,0,0.0,0,0,0,0,0.0,0,0.0,0.0,0.0,0.0,0.0,50.0,0,0,24000,0
CASO_natural_gas_steam_turbine_1,CASO,Natural Gas Steam Turbine,1,47,3,0,1,0,0,0,0,0,0,0.93,0.0,0,0,0.0,0.0,0.0,0.0,0.0,-1,1.0,0,0.0,0.0,0,0,0,0.0,0.0,0.0,0,41665,0.0,0,0,1.06,0.0,0,0,87.0,13.7,11.29,3.363,2.509,pacific_naturalgas,0.5,0.0,1.0,1.0,0.0,0.0,0.0,0.63,1.26,0.0,0.0,0,0,0,0.0,0,0.0,0.0,0.0,0.0,0.0,0.64,0.64,6,6,0.0,0.0,0,0,0,0,0.0,0.0,0.0,0.0,0,0,0,0,0,0,0,0,0,0,0,0,0.0,0.0,0,0,0,0,0,0,0,0,0,0,0,0.0,0,0.0,0.0,0,0.0,0,0,0.0,0,0,0,0,0.0,0,1.5,0.0,0.0,0.0,0.0,50.0,0,0,41665,0
CASO_onshore_wind_turbine_1,CASO,Onshore Wind Turbine,1,48,3,1,0,1,0,0,0,0,0,0.8,0.0,0,0,0.0,4528.0,0.0,52.0,3670.888,-1,70.59,0,0.0,0.0,0,0,0,0.0,0.0,0.0,0,30300,0.0,0,0,0.0,0.0,0,0,0.0,0.0,8.89,0.0,0.117,None,0.0,0.0,1.0,1.0,0.0,0.0,0.0,0.0,0.0,0.0,0.0,0,0,0,0.0,0,0.0,0.0,0.0,0.0,0.0,1.0,1.0,0,0,0.0,0.0,0,0,0,0,0.0,0.0,0.0,0.3516418684260013,0,0,0,0,0,0,0,0,0,0,0,0,0.0,0.0,0,0,0,0,0,1,0,1,0,0,0,0.0,0,0.0,0.0,0,0.0,0,0,0.0,0,0,0,1,0.0,0,274.0,0.0,0.0,0.0,0.0,50.0,0,0,30300,0
CASO_petroleum_liquids_1,CASO,Petroleum Liquids,1,49,3,0,1,0,0,0,0,0,0,0.93,0.0,0,0,0.0,0.0,0.0,30.0,11.31,-1,0.38,0,0.0,0.0,0,0,0,0.0,0.0,0.0,0,24000,0.0,0,0,7.76,0.0,0,0,38.0,0.0,11.71,8.736,4.164,pacific_distillate,0.18,0.0,1.0,1.0,0.0,0.0,0.0,0.0,0.0,0.0,0.0,0,0,0,0.0,0,0.0,0.0,0.0,0.0,0.0,3.78,3.78,1,1,0.0,0.0,0,0,0,0,0.0,0.0,0.0,0.0,0,0,0,0,0,0,0,0,0,0,0,0,0.0,0.0,0,0,0,0,0,0,0,0,0,0,0,0.0,0,0.0,0.0,0,0.0,0,0,0.0,0,0,0,0,0.0,0,2.8,0.0,0.0,0.0,0.0,50.0,0,0,24000,0
CASO_small_hydroelectric_1,CASO,Small Hydroelectric,1,50,3,0,0,0,1,0,0,0,0,0.8,0.0,0,0,0.0,107.0,0.0,51.0,229.194,-1,1.32,0,0.0,0.0,0,0,0,0.0,0.0,0.0,0,47048,0.0,0,0,0.0,0.0,0,0,0.0,0.0,8.85,0.0,0.017,None,0.289,0.0,1.0,1.0,0.0,0.0,0.0,0.0,0.0,0.0,0.0,0,0,0,0.0,0,0.0,0.0,0.0,0.0,0.0,1.0,1.0,0,0,0.0,0.0,0,0,0,0,0.0,0.0,0.0,0.2846172282179519,0,0,0,0,0,0,0,0,0,0,0,0,0.0,0.0,0,0,0,0,0,1,0,0,0,0,0,0.0,0,0.0,0.0,0,0.0,0,0,0.0,0,0,0,1,0.0,0,0.0,0.0,0.0,0.0,0.0,50.0,0,0,47048,0
CASO_solar_photovoltaic_1,CASO,Solar Photovoltaic,1,51,3,1,0,1,0,0,0,0,0,0.8,0.0,0,0,0.0,13796.0,0.0,680.0,13795.84,-1,20.29,0,0.0,0.0,0,0,0,0.0,0.0,0.0,0,22528,0.0,0,0,0.0,0.0,0,0,0.0,0.0,9.07,0.367,0.173,None,0.0,0.0,1.0,1.0,0.0,0.0,0.0,0.0,0.0,0.0,0.0,0,0,0,0.0,0,0.0,0.0,0.0,0.0,0.0,1.0,1.0,0,0,0.0,0.0,0,0,0,0,0.0,0.0,0.0,0.2621842701230235,0,0,0,0,0,0,0,0,0,0,0,0,0.0,0.0,0,0,0,0,0,1,0,1,0,0,0,0.0,0,0.0,0.0,0,0.0,0,0,0.0,0,0,0,1,0.0,0,1.5,0.0,0.0,0.0,0.0,50.0,0,0,22528,0
FRCC_batteries_1,FRCC,Batteries,1,52,4,0,0,0,0,1,0,0,0,0.0,0.0,0,0,1129.0,555.0,0.0,8.0,513.6,-1,64.2,0,0.0,0.0,0,0,0,0.0,0.0,0.0,0,7476,0.0,0,0,0.15,0.15,0,0,0.0,0.0,10.11,0.0,0.496,None,0.0,0.0,0.92,0.92,0.0,1.0,10.0,0.0,0.0,0.0,0.0,0,0,0,0.0,0,0.0,0.0,0.0,0.0,0.0,1.0,1.0,0,0,0.0,0.0,0,0,0,0,0.0,0.0,0.0,0.0,0,0,0,0,0,0,0,0,0,0,0,0,0.95,0.0,0,0,0,0,0,0,0,0,0,0,0,0.0,0,0.0,0.0,0,0.0,0,0,0.0,0,0,0,0,0.0,0,41.6,97.9,0.0,0.0,0.0,50.0,0,0,7476,0
FRCC_biomass_1,FRCC,Biomass,1,53,4,0,0,0,1,0,0,0,0,0.0,0.0,0,0,0.0,136.0,0.0,2.0,120.9,-1,16.22,0,0.0,0.0,0,0,0,0.0,0.0,0.0,0,157220,0.0,0,0,7.99,0.0,0,0,172.0,0.0,21.41,3.14,4.46,waste_biomass,0.165,0.0,1.0,1.0,0.0,0.0,0.0,0.0,0.0,0.0,0.0,0,0,0,0.0,0,0.0,0.0,0.0,0.0,0.0,1.0,1.0,0,0,0.0,0.0,0,0,0,0,0.0,0.0,0.0,0.0,0,0,0,0,0,0,0,0,0,0,0,0,0.93,0.0,0,0,0,0,0,0,0,0,0,0,0,0.0,0,0.0,0.0,1,0.0,0,0,0.0,0,0,1,0,0.0,0,80.0,0.0,0.0,0.0,0.0,50.0,0,0,157220,0
FRCC_biomass_2,FRCC,Biomass,2,54,4,0,0,0,1,0,0,0,0,0.0,0.0,0,0,0.0,136.0,0.0,53.0,375.187,-1,1.9,0,0.0,0.0,0,0,0,0.0,0.0,0.0,0,157220,0.0,0,0,4.27,0.0,0,0,172.0,0.0,11.44,3.136,1.755,waste_biomass,0.156,0.0,1.0,1.0,0.0,0.0,0.0,0.0,0.0,0.0,0.0,0,0,0,0.0,0,0.0,0.0,0.0,0.0,0.0,1.0,1.0,0,0,0.0,0.0,0,0,0,0,0.0,0.0,0.0,0.0,0,0,0,0,0,0,0,0,0,0,0,0,0.93,0.0,0,0,0,0,0,0,0,0,0,0,0,0.0,0,0.0,0.0,1,0.0,0,0,0.0,0,0,1,0,0.0,0,50.0,0.0,0.0,0.0,0.0,50.0,0,0,157220,0
FRCC_conventional_hydroelectric_1,FRCC,Conventional Hydroelectric,1,55,4,0,0,0,0,0,0,1,0,0.0,0.0,0,0,0.0,44.0,0.0,3.0,43.5,-1,14.5,0,0.0,0.0,0,0,0,0.0,0.0,0.0,0,47048,0.0,0,0,0.0,0.0,0,0,0.0,0.0,8.84,0.0,0.0,None,0.208,0.0,1.0,1.0,1.0,0.0,0.0,0.0,0.0,0.0,0.0,0,0,0,0.0,0,0.0,0.0,0.0,0.0,0.0,1.0,1.0,0,0,0.0,0.0,0,0,0,0,0.0,0.0,0.0,0.3076249886156648,0,0,0,0,0,0,0,0,0,0,0,0,0.8,0.0,0,0,0,0,0,0,0,0,0,0,0,0.0,0,0.0,0.0,1,0.0,0,0,0.0,0,0,0,0,0.0,0,0.0,0.0,0.0,0.0,0.0,50.0,0,0,47048,0
FRCC_conventional_steam_coal_1,FRCC,Conventional Steam Coal,1,56,4,0,1,0,0,0,0,0,0,0.0,0.0,0,0,0.0,0.0,0.0,5.0,2842.0,-1,568.4,0,0.0,0.0,0,0,0,0.0,0.0,0.0,0,61870,0.0,0,0,1.88,0.0,0,0,124.0,16.5,10.23,0.781,0.439,south_atlantic_coal,0.5,0.0,1.0,1.0,0.0,0.0,0.0,0.095,0.19,0.0,0.0,0,0,0,0.0,0,0.0,0.0,0.0,0.0,0.0,0.57,0.57,24,24,0.0,0.0,0,0,0,0,0.0,0.0,0.0,0.0,0,0,0,0,0,0,0,0,0,0,0,0,0.93,0.0,0,0,0,0,0,0,0,0,0,0,0,0.0,0,0.0,0.0,0,0.0,0,0,0.0,0,0,0,0,0.0,0,293.0,0.0,0.0,0.0,0.0,50.0,0,0,61870,0
FRCC_conventional_steam_coal_2,FRCC,Conventional Steam Coal,2,57,4,0,1,0,0,0,0,0,0,0.0,0.0,0,0,0.0,0.0,0.0,1.0,442.0,-1,442.0,0,0.0,0.0,0,0,0,0.0,0.0,0.0,0,76781,0.0,0,0,1.88,0.0,0,0,124.0,16.5,17.54,0.0,0.0,south_atlantic_coal,0.5,0.0,1.0,1.0,0.0,0.0,0.0,0.095,0.19,0.0,0.0,0,0,0,0.0,0,0.0,0.0,0.0,0.0,0.0,0.57,0.57,24,24,0.0,0.0,0,0,0,0,0.0,0.0,0.0,0.0,0,0,0,0,0,0,0,0,0,0,0,0,0.93,0.0,0,0,0,0,0,0,0,0,0,0,0,0.0,0,0.0,0.0,0,0.0,0,0,0.0,0,0,0,0,0.0,0,0.0,0.0,0.0,0.0,0.0,50.0,0,0,76781,0
FRCC_natural_gas_fired_combined_cycle_1,FRCC,Natural Gas Fired Combined Cycle,1,58,4,0,1,0,0,0,0,0,0,0.0,0.0,0,0,0.0,17827.0,0.0,40.0,28738.2,-1,718.46,0,0.0,0.0,0,0,0,0.0,0.0,0.0,0,12000,0.0,0,0,3.56,0.0,0,0,92.0,2.0,7.07,0.655,0.434,south_atlantic_naturalgas,0.3,0.0,1.0,1.0,0.0,0.0,0.0,0.106666667,0.213333333,0.0,0.0,0,0,0,0.0,0,0.0,0.0,0.0,0.0,0.0,0.64,0.64,6,6,0.0,0.0,0,0,0,0,0.0,0.0,0.0,0.0,0,0,0,0,0,0,0,0,0,0,0,0,0.93,0.0,0,0,0,0,0,0,0,0,0,0,0,0.0,0,0.0,0.0,0,0.0,0,0,0.0,0,0,0,0,0.0,0,360.0,0.0,0.0,0.0,0.0,50.0,0,0,12000,0
FRCC_natural_gas_fired_combined_cycle_2,FRCC,Natural Gas Fired Combined Cycle,2,59,4,0,1,0,0,0,0,0,0,0.0,0.0,0,0,0.0,0.0,0.0,13.0,2698.696,-1,207.59,0,0.0,0.0,0,0,0,0.0,0.0,0.0,0,16492,0.0,0,0,4.55,0.0,0,0,92.0,2.0,7.94,1.222,2.111,south_atlantic_naturalgas,0.3,0.0,1.0,1.0,0.0,0.0,0.0,0.106666667,0.213333333,0.0,0.0,0,0,0,0.0,0,0.0,0.0,0.0,0.0,0.0,0.64,0.64,6,6,0.0,0.0,0,0,0,0,0.0,0.0,0.0,0.0,0,0,0,0,0,0,0,0,0,0,0,0,0.93,0.0,0,0,0,0,0,0,0,0,0,0,0,0.0,0,0.0,0.0,0,0.0,0,0,0.0,0,0,0,0,0.0,0,0.0,0.0,0.0,0.0,0.0,50.0,0,0,16492,0
FRCC_natural_gas_fired_combustion_turbine_1,FRCC,Natural Gas Fired Combustion Turbine,1,60,4,0,1,0,0,0,0,0,0,0.0,0.0,0,0,0.0,3477.0,0.0,52.0,7864.376,-1,151.24,0,0.0,0.0,0,0,0,0.0,0.0,0.0,0,9265,0.0,0,0,6.8,0.0,0,0,119.0,3.5,10.96,1.204,1.068,south_atlantic_naturalgas,0.3,0.0,1.0,1.0,0.0,0.0,0.0,0.106666667,0.213333333,0.0,0.0,0,0,0,0.0,0,0.0,0.0,0.0,0.0,0.0,3.78,3.78,1,1,0.0,0.0,0,0,0,0,0.0,0.0,0.0,0.0,0,0,0,0,0,0,0,0,0,0,0,0,0.93,0.0,0,0,0,0,0,0,0,0,0,0,0,0.0,0,0.0,0.0,0,0.0,0,0,0.0,0,0,0,0,0.0,0,0.0,0.0,0.0,0.0,0.0,50.0,0,0,9265,0
FRCC_natural_gas_fired_combustion_turbine_2,FRCC,Natural Gas Fired Combustion Turbine,2,61,4,0,1,0,0,0,0,0,0,0.0,0.0,0,0,0.0,0.0,0.0,22.0,936.408,-1,42.56,0,0.0,0.0,0,0,0,0.0,0.0,0.0,0,11681,0.0,0,0,6.8,0.0,0,0,119.0,3.5,13.86,4.684,2.789,south_atlantic_naturalgas,0.3,0.0,1.0,1.0,0.0,0.0,0.0,0.106666667,0.213333333,0.0,0.0,0,0,0,0.0,0,0.0,0.0,0.0,0.0,0.0,3.78,3.78,1,1,0.0,0.0,0,0,0,0,0.0,0.0,0.0,0.0,0,0,0,0,0,0,0,0,0,0,0,0,0.93,0.0,0,0,0,0,0,0,0,0,0,0,0,0.0,0,0.0,0.0,0,0.0,0,0,0.0,0,0,0,0,0.0,0,2.5,0.0,0.0,0.0,0.0,50.0,0,0,11681,0
FRCC_natural_gas_internal_combustion_engine_1,FRCC,Natural Gas Internal Combustion Engine,1,62,4,0,1,0,0,0,0,0,0,0.0,0.0,0,0,0.0,0.0,0.0,19.0,250.895,-1,13.2,0,0.0,0.0,0,0,0,0.0,0.0,0.0,0,24000,0.0,0,0,5.53,0.0,0,0,38.0,0.0,8.35,0.386,0.36,south_atlantic_naturalgas,0.18,0.0,1.0,1.0,0.0,0.0,0.0,0.106666667,0.213333333,0.0,0.0,0,0,0,0.0,0,0.0,0.0,0.0,0.0,0.0,3.78,3.78,1,1,0.0,0.0,0,0,0,0,0.0,0.0,0.0,0.0,0,0,0,0,0,0,0,0,0,0,0,0,0.93,0.0,0,0,0,0,0,0,0,0,0,0,0,0.0,0,0.0,0.0,0,0.0,0,0,0.0,0,0,0,0,0.0,0,0.0,0.0,0.0,0.0,0.0,50.0,0,0,24000,0
FRCC_natural_gas_steam_turbine_1,FRCC,Natural Gas Steam Turbine,1,63,4,0,1,0,0,0,0,0,0,0.0,0.0,0,0,0.0,0.0,0.0,0.0,0.0,-1,1.0,0,0.0,0.0,0,0,0,0.0,0.0,0.0,0,37560,0.0,0,0,1.06,0.0,0,0,87.0,13.7,12.2,3.008,3.654,south_atlantic_naturalgas,0.5,0.0,1.0,1.0,0.0,0.0,0.0,0.63,1.26,0.0,0.0,0,0,0,0.0,0,0.0,0.0,0.0,0.0,0.0,0.64,0.64,6,6,0.0,0.0,0,0,0,0,0.0,0.0,0.0,0.0,0,0,0,0,0,0,0,0,0,0,0,0,0.93,0.0,0,0,0,0,0,0,0,0,0,0,0,0.0,0,0.0,0.0,0,0.0,0,0,0.0,0,0,0,0,0.0,0,232.0,0.0,0.0,0.0,0.0,50.0,0,0,37560,0
FRCC_nuclear_1,FRCC,Nuclear,1,64,4,0,1,0,0,0,0,0,0,0.0,0.0,0,0,0.0,3737.0,0.0,4.0,3737.0,-1,934.25,0,0.0,0.0,0,0,0,0.0,0.0,0.0,0,193275,0.0,0,0,2.47,0.0,0,0,248.0,0.0,10.45,0.0,0.0,south_atlantic_uranium,0.5,0.0,1.0,1.0,0.0,0.0,0.0,0.041666667,0.083333333,0.0,0.0,0,0,0,0.0,0,0.0,0.0,0.0,0.0,0.0,0.25,0.25,24,24,0.0,0.0,0,0,0,0,0.0,0.0,0.0,0.0,0,0,0,0,0,0,0,0,0,0,0,0,0.93,0.0,0,0,0,0,0,0,0,0,0,0,0,0.0,0,0.0,0.0,1,0.0,0,0,0.0,0,0,0,0,0.0,0,0.0,0.0,0.0,0.0,0.0,50.0,0,0,193275,0
FRCC_petroleum_liquids_1,FRCC,Petroleum Liquids,1,65,4,0,1,0,0,0,0,0,0,0.0,0.0,0,0,0.0,0.0,0.0,37.0,348.614,-1,9.42,0,0.0,0.0,0,0,0,0.0,0.0,0.0,0,24000,0.0,0,0,8.2,0.0,0,0,38.0,0.0,12.37,2.549,2.071,south_atlantic_distillate,0.18,0.0,1.0,1.0,0.0,0.0,0.0,0.0,0.0,0.0,0.0,0,0,0,0.0,0,0.0,0.0,0.0,0.0,0.0,3.78,3.78,1,1,0.0,0.0,0,0,0,0,0.0,0.0,0.0,0.0,0,0,0,0,0,0,0,0,0,0,0,0,0.93,0.0,0,0,0,0,0,0,0,0,0,0,0,0.0,0,0.0,0.0,0,0.0,0,0,0.0,0,0,0,0,0.0,0,103.0,0.0,0.0,0.0,0.0,50.0,0,0,24000,0
FRCC_solar_photovoltaic_1,FRCC,Solar Photovoltaic,1,66,4,1,0,1,0,0,0,0,0,0.0,0.0,0,0,0.0,9458.0,0.0,167.0,9458.546,-1,56.64,0,0.0,0.0,0,0,0,0.0,0.0,0.0,0,22528,0.0,0,0,0.0,0.0,0,0,0.0,0.0,9.18,0.0,0.148,None,0.0,0.0,1.0,1.0,0.0,0.0,0.0,0.0,0.0,0.0,0.0,0,0,0,0.0,0,0.0,0.0,0.0,0.0,0.0,1.0,1.0,0,0,0.0,0.0,0,0,0,0,0.0,0.0,0.0,0.224855373406193,0,0,0,0,0,0,0,0,0,0,0,0,0.8,0.0,0,0,0,0,0,0,0,1,0,0,0,0.0,0,0.0,0.0,1,0.0,0,0,0.0,0,0,1,0,0.0,0,0.0,0.0,0.0,0.0,0.0,50.0,0,0,22528,0
ISNE_batteries_1,ISNE,Batteries,1,67,5,0,0,0,0,1,0,0,0,0.0,0.0,0,0,761.0,368.0,0.0,71.0,244.595,-1,3.44,0,0.0,0.0,0,0,0,0.0,0.0,0.0,0,7476,0.0,0,0,0.15,0.15,0,0,0.0,0.0,9.22,0.0,0.371,None,0.0,0.0,0.92,0.92,0.0,1.0,10.0,0.0,0.0,0.0,0.0,0,0,0,0.0,0,0.0,0.0,0.0,0.0,0.0,1.0,1.0,0,0,0.0,0.0,0,0,0,0,0.0,0.0,0.0,0.0,0,0,0,0,0,0,0,0,0,0,0,0,0.0,0.0,0,0,0,0,0,0,0,0,0,0,0,0.0,0,0.0,0.0,0,0.0,0,0,0.0,0,0,0,0,0.95,0,121.8,245.2,0.0,0.0,0.0,50.0,0,0,7476,0
ISNE_biomass_1,ISNE,Biomass,1,68,5,0,0,0,1,0,0,0,0,0.0,0.0,0,0,0.0,84.0,0.0,9.0,182.196,-1,3.85,0,0.0,0.0,0,0,0,0.0,0.0,0.0,0,157220,0.0,0,0,8.87,0.0,0,0,172.0,0.0,23.76,6.299,5.073,waste_biomass,0.25,0.0,1.0,1.0,0.0,0.0,0.0,0.0,0.0,0.0,0.0,0,0,0,0.0,0,0.0,0.0,0.0,0.0,0.0,1.0,1.0,0,0,0.0,0.0,0,0,0,0,0.0,0.0,0.0,0.0,0,0,0,0,0,0,0,0,0,0,0,0,0.0,0.0,1,0,1,0,0,0,0,0,0,0,0,0.0,0,0.0,0.0,0,0.0,0,0,0.0,0,0,0,0,0.93,0,58.8,0.0,0.0,0.0,0.0,50.0,0,0,157220,0
ISNE_biomass_2,ISNE,Biomass,2,69,5,0,0,0,1,0,0,0,0,0.0,0.0,0,0,0.0,163.0,0.0,47.0,466.099,-1,1.89,0,0.0,0.0,0,0,0,0.0,0.0,0.0,0,157220,0.0,0,0,4.64,0.0,0,0,172.0,0.0,12.44,3.225,2.099,waste_biomass,0.454,0.0,1.0,1.0,0.0,0.0,0.0,0.0,0.0,0.0,0.0,0,0,0,0.0,0,0.0,0.0,0.0,0.0,0.0,1.0,1.0,0,0,0.0,0.0,0,0,0,0,0.0,0.0,0.0,0.0,0,0,0,0,0,0,0,0,0,0,0,0,0.0,0.0,1,0,1,0,0,0,0,0,0,0,0,0.0,0,0.0,0.0,0,0.0,0,0,0.0,0,0,0,0,0.93,0,124.9,0.0,0.0,0.0,0.0,50.0,0,0,157220,0
ISNE_conventional_hydroelectric_1,ISNE,Conventional Hydroelectric,1,70,5,0,0,0,0,0,0,1,0,0.0,0.0,0,0,0.0,1083.0,0.0,54.0,563.49,-1,10.44,0,0.0,0.0,0,0,0,0.0,0.0,0.0,0,47048,0.0,0,0,0.0,0.0,0,0,0.0,0.0,8.85,0.0,0.124,None,0.258,0.0,1.0,1.0,1.0,0.0,0.0,0.0,0.0,0.0,0.0,0,0,0,0.0,0,0.0,0.0,0.0,0.0,0.0,1.0,1.0,0,0,0.0,0.0,0,0,0,0,0.0,0.0,0.0,0.4469697298845211,0,0,0,0,0,0,0,0,0,0,0,0,0.0,0.0,0,0,1,0,0,0,0,0,0,0,0,0.0,0,0.0,0.0,0,0.0,0,0,0.0,0,0,0,0,0.8,0,29.9,0.0,0.0,0.0,0.0,50.0,0,0,47048,0
ISNE_conventional_steam_coal_1,ISNE,Conventional Steam Coal,1,71,5,0,1,0,0,0,0,0,0,0.0,0.0,0,0,0.0,97.0,0.0,0.0,0.0,-1,1.0,0,0.0,0.0,0,0,0,0.0,0.0,0.0,0,67208,0.0,0,0,1.88,0.0,0,0,124.0,16.5,9.21,0.0,0.0,new_england_coal,0.5,0.0,1.0,1.0,0.0,0.0,0.0,0.095,0.19,0.0,0.0,0,0,0,0.0,0,0.0,0.0,0.0,0.0,0.0,0.57,0.57,24,24,0.0,0.0,0,0,0,0,0.0,0.0,0.0,0.0,0,0,0,0,0,0,0,0,0,0,0,0,0.0,0.0,0,0,0,0,0,0,0,0,0,0,0,0.0,0,0.0,0.0,0,0.0,0,0,0.0,0,0,0,0,0.93,0,0.0,0.0,0.0,0.0,0.0,50.0,0,0,67208,0
ISNE_conventional_steam_coal_2,ISNE,Conventional Steam Coal,2,72,5,0,1,0,0,0,0,0,0,0.0,0.0,0,0,0.0,1.0,0.0,0.0,0.0,-1,1.0,0,0.0,0.0,0,0,0,0.0,0.0,0.0,0,79575,0.0,0,0,1.88,0.0,0,0,124.0,16.5,12.54,0.039,0.055,new_england_coal,0.5,0.0,1.0,1.0,0.0,0.0,0.0,0.095,0.19,0.0,0.0,0,0,0,0.0,0,0.0,0.0,0.0,0.0,0.0,0.57,0.57,24,24,0.0,0.0,0,0,0,0,0.0,0.0,0.0,0.0,0,0,0,0,0,0,0,0,0,0,0,0,0.0,0.0,0,0,0,0,0,0,0,0,0,0,0,0.0,0,0.0,0.0,0,0.0,0,0,0.0,0,0,0,0,0.93,0,330.0,0.0,0.0,0.0,0.0,50.0,0,0,79575,0
ISNE_hydroelectric_pumped_storage_1,ISNE,Hydroelectric Pumped Storage,1,73,5,0,0,0,0,1,0,0,0,0.0,0.0,0,0,28365.0,1830.0,0.0,6.0,1801.002,-1,300.17,0,0.0,0.0,0,0,0,0.0,0.0,0.0,0,47048,0.0,0,0,0.0,0.0,0,0,0.0,0.0,0.0,0.0,0.0,None,0.522,0.0,0.866,0.866,0.0,1.0,20.0,0.0,0.0,0.0,0.0,0,0,0,0.0,0,0.0,0.0,0.0,0.0,0.0,1.0,1.0,0,0,0.0,0.0,0,0,0,0,0.0,0.0,0.0,0.0,0,0,0,0,0,0,0,0,0,0,0,0,0.0,0.0,0,0,0,0,0,0,0,0,0,0,0,0.0,0,0.0,0.0,0,0.0,0,0,0.0,0,0,0,0,0.95,0,0.0,0.0,0.0,0.0,0.0,50.0,0,0,47048,0
ISNE_natural_gas_fired_combined_cycle_1,ISNE,Natural Gas Fired Combined Cycle,1,74,5,0,1,0,0,0,0,0,0,0.0,0.0,0,0,0.0,3842.0,0.0,23.0,3262.389,-1,141.84,0,0.0,0.0,0,0,0,0.0,0.0,0.0,0,16492,0.0,0,0,4.55,0.0,0,0,92.0,2.0,8.48,2.162,2.459,new_england_naturalgas,0.3,0.0,1.0,1.0,0.0,0.0,0.0,0.106666667,0.213333333,0.0,0.0,0,0,0,0.0,0,0.0,0.0,0.0,0.0,0.0,0.64,0.64,6,6,0.0,0.0,0,0,0,0,0.0,0.0,0.0,0.0,0,0,0,0,0,0,0,0,0,0,0,0,0.0,0.0,0,0,0,0,0,0,0,0,0,0,0,0.0,0,0.0,0.0,0,0.0,0,0,0.0,0,0,0,0,0.93,0,87.0,0.0,0.0,0.0,0.0,50.0,0,0,16492,0
ISNE_natural_gas_fired_combined_cycle_2,ISNE,Natural Gas Fired Combined Cycle,2,75,5,0,1,0,0,0,0,0,0,0.0,0.0,0,0,0.0,10512.0,0.0,23.0,10513.3,-1,457.1,0,0.0,0.0,0,0,0,0.0,0.0,0.0,0,9787,0.0,0,0,3.61,0.0,0,0,92.0,2.0,7.46,0.477,0.465,new_england_naturalgas,0.3,0.0,1.0,1.0,0.0,0.0,0.0,0.106666667,0.213333333,0.0,0.0,0,0,0,0.0,0,0.0,0.0,0.0,0.0,0.0,0.64,0.64,6,6,0.0,0.0,0,0,0,0,0.0,0.0,0.0,0.0,0,0,0,0,0,0,0,0,0,0,0,0,0.0,0.0,0,0,0,0,0,0,0,0,0,0,0,0.0,0,0.0,0.0,0,0.0,0,0,0.0,0,0,0,0,0.93,0,0.0,0.0,0.0,0.0,0.0,50.0,0,0,9787,0
ISNE_natural_gas_fired_combustion_turbine_1,ISNE,Natural Gas Fired Combustion Turbine,1,76,5,0,1,0,0,0,0,0,0,0.0,0.0,0,0,0.0,1338.0,0.0,29.0,1338.408,-1,46.15,0,0.0,0.0,0,0,0,0.0,0.0,0.0,0,10366,0.0,0,0,6.8,0.0,0,0,119.0,3.5,9.86,0.382,0.568,new_england_naturalgas,0.3,0.0,1.0,1.0,0.0,0.0,0.0,0.106666667,0.213333333,0.0,0.0,0,0,0,0.0,0,0.0,0.0,0.0,0.0,0.0,3.78,3.78,1,1,0.0,0.0,0,0,0,0,0.0,0.0,0.0,0.0,0,0,0,0,0,0,0,0,0,0,0,0,0.0,0.0,0,0,0,0,0,0,0,0,0,0,0,0.0,0,0.0,0.0,0,0.0,0,0,0.0,0,0,0,0,0.93,0,0.0,0.0,0.0,0.0,0.0,50.0,0,0,10366,0
ISNE_natural_gas_fired_combustion_turbine_2,ISNE,Natural Gas Fired Combustion Turbine,2,77,5,0,1,0,0,0,0,0,0,0.0,0.0,0,0,0.0,438.0,0.0,16.0,437.792,-1,27.36,0,0.0,0.0,0,0,0,0.0,0.0,0.0,0,12374,0.0,0,0,6.8,0.0,0,0,119.0,3.5,12.23,0.0,0.217,new_england_naturalgas,0.3,0.0,1.0,1.0,0.0,0.0,0.0,0.106666667,0.213333333,0.0,0.0,0,0,0,0.0,0,0.0,0.0,0.0,0.0,0.0,3.78,3.78,1,1,0.0,0.0,0,0,0,0,0.0,0.0,0.0,0.0,0,0,0,0,0,0,0,0,0,0,0,0,0.0,0.0,0,0,0,0,0,0,0,0,0,0,0,0.0,0,0.0,0.0,0,0.0,0,0,0.0,0,0,0,0,0.93,0,0.0,0.0,0.0,0.0,0.0,50.0,0,0,12374,0
ISNE_natural_gas_internal_combustion_engine_1,ISNE,Natural Gas Internal Combustion Engine,1,78,5,0,1,0,0,0,0,0,0,0.0,0.0,0,0,0.0,67.0,0.0,29.0,54.897,-1,1.89,0,0.0,0.0,0,0,0,0.0,0.0,0.0,0,24000,0.0,0,0,5.73,0.0,0,0,38.0,0.0,8.65,1.914,1.453,new_england_naturalgas,0.18,0.0,1.0,1.0,0.0,0.0,0.0,0.106666667,0.213333333,0.0,0.0,0,0,0,0.0,0,0.0,0.0,0.0,0.0,0.0,3.78,3.78,1,1,0.0,0.0,0,0,0,0,0.0,0.0,0.0,0.0,0,0,0,0,0,0,0,0,0,0,0,0,0.0,0.0,0,0,0,0,0,0,0,0,0,0,0,0.0,0,0.0,0.0,0,0.0,0,0,0.0,0,0,0,0,0.93,0,4.9,0.0,0.0,0.0,0.0,50.0,0,0,24000,0
ISNE_natural_gas_steam_turbine_1,ISNE,Natural Gas Steam Turbine,1,79,5,0,1,0,0,0,0,0,0,0.0,0.0,0,0,0.0,1369.0,0.0,7.0,17.199,-1,2.46,0,0.0,0.0,0,0,0,0.0,0.0,0.0,0,51303,0.0,0,0,1.06,0.0,0,0,87.0,13.7,9.33,3.363,2.958,new_england_naturalgas,0.5,0.0,1.0,1.0,0.0,0.0,0.0,0.63,1.26,0.0,0.0,0,0,0,0.0,0,0.0,0.0,0.0,0.0,0.0,0.64,0.64,6,6,0.0,0.0,0,0,0,0,0.0,0.0,0.0,0.0,0,0,0,0,0,0,0,0,0,0,0,0,0.0,0.0,0,0,0,0,0,0,0,0,0,0,0,0.0,0,0.0,0.0,0,0.0,0,0,0.0,0,0,0,0,0.93,0,4.1,0.0,0.0,0.0,0.0,50.0,0,0,51303,0
ISNE_nuclear_1,ISNE,Nuclear,1,80,5,0,1,0,0,0,0,0,0,0.0,0.0,0,0,0.0,3355.0,0.0,3.0,3355.5,-1,1118.5,0,0.0,0.0,0,0,0,0.0,0.0,0.0,0,223817,0.0,0,0,2.47,0.0,0,0,248.0,0.0,10.45,0.0,0.0,new_england_uranium,0.5,0.0,1.0,1.0,0.0,0.0,0.0,0.041666667,0.083333333,0.0,0.0,0,0,0,0.0,0,0.0,0.0,0.0,0.0,0.0,0.25,0.25,24,24,0.0,0.0,0,0,0,0,0.0,0.0,0.0,0.0,0,0,0,0,0,0,0,0,0,0,0,0,0.0,0.0,0,0,1,0,0,0,0,0,0,0,0,0.0,0,0.0,0.0,0,0.0,0,0,0.0,0,0,0,0,0.93,0,0.0,0.0,0.0,0.0,0.0,50.0,0,0,223817,0
ISNE_offshore_wind_turbine_1,ISNE,Offshore Wind Turbine,1,81,5,1,0,1,0,0,0,0,0,0.0,0.0,0,0,0.0,29.0,0.0,1.0,29.3,-1,29.3,0,0.0,0.0,0,0,0,0.0,0.0,0.0,0,111562,0.0,0,0,0.0,0.0,0,0,0.0,0.0,8.84,0.0,0.0,None,0.0,0.0,1.0,1.0,0.0,0.0,0.0,0.0,0.0,0.0,0.0,0,0,0,0.0,0,0.0,0.0,0.0,0.0,0.0,1.0,1.0,0,0,0.0,0.0,0,0,0,0,0.0,0.0,0.0,0.4499504326047359,0,0,0,0,0,0,0,0,0,0,0,0,0.0,0.0,1,0,1,0,0,0,0,1,0,0,0,0.0,0,0.0,0.0,0,0.0,0,0,0.0,1,0,0,0,0.8,0,0.0,0.0,0.0,0.0,0.0,50.0,0,0,111562,0
ISNE_onshore_wind_turbine_1,ISNE,Onshore Wind Turbine,1,82,5,1,0,1,0,0,0,0,0,0.0,0.0,0,0,0.0,1547.0,0.0,83.0,1542.14,-1,18.58,0,0.0,0.0,0,0,0,0.0,0.0,0.0,0,30300,0.0,0,0,0.0,0.0,0,0,0.0,0.0,8.88,0.0,0.151,None,0.0,0.0,1.0,1.0,0.0,0.0,0.0,0.0,0.0,0.0,0.0,0,0,0,0.0,0,0.0,0.0,0.0,0.0,0.0,1.0,1.0,0,0,0.0,0.0,0,0,0,0,0.0,0.0,0.0,0.2453329402901309,0,0,0,0,0,0,0,0,0,0,0,0,0.0,0.0,1,0,1,0,0,0,0,1,0,0,0,0.0,0,0.0,0.0,0,0.0,0,0,0.0,0,0,0,0,0.8,0,0.0,0.0,0.0,0.0,0.0,50.0,0,0,30300,0
ISNE_petroleum_liquids_1,ISNE,Petroleum Liquids,1,83,5,0,1,0,0,0,0,0,0,0.0,0.0,0,0,0.0,4971.0,0.0,83.0,982.222,-1,11.83,0,0.0,0.0,0,0,0,0.0,0.0,0.0,0,24000,0.0,0,0,8.42,0.0,0,0,38.0,0.0,12.71,4.952,4.217,new_england_distillate,0.18,0.0,1.0,1.0,0.0,0.0,0.0,0.0,0.0,0.0,0.0,0,0,0,0.0,0,0.0,0.0,0.0,0.0,0.0,3.78,3.78,1,1,0.0,0.0,0,0,0,0,0.0,0.0,0.0,0.0,0,0,0,0,0,0,0,0,0,0,0,0,0.0,0.0,0,0,0,0,0,0,0,0,0,0,0,0.0,0,0.0,0.0,0,0.0,0,0,0.0,0,0,0,0,0.93,0,59.4,0.0,0.0,0.0,0.0,50.0,0,0,24000,0
ISNE_small_hydroelectric_1,ISNE,Small Hydroelectric,1,84,5,0,0,0,1,0,0,0,0,0.0,0.0,0,0,0.0,393.0,0.0,245.0,555.66,-1,1.0,0,0.0,0.0,0,0,0,0.0,0.0,0.0,0,47048,0.0,0,0,0.0,0.0,0,0,0.0,0.0,8.84,0.0,0.0,None,0.194,0.0,1.0,1.0,0.0,0.0,0.0,0.0,0.0,0.0,0.0,0,0,0,0.0,0,0.0,0.0,0.0,0.0,0.0,1.0,1.0,0,0,0.0,0.0,0,0,0,0,0.0,0.0,0.0,0.4469697298845211,0,0,0,0,0,0,0,0,0,0,0,0,0.0,0.0,1,0,1,0,0,0,0,0,0,0,0,0.0,0,0.0,0.0,0,0.0,0,0,0.0,0,0,0,0,0.8,0,20.7,0.0,0.0,0.0,0.0,50.0,0,0,47048,0
ISNE_solar_photovoltaic_1,ISNE,Solar Photovoltaic,1,85,5,1,0,1,0,0,0,0,0,0.0,0.0,0,0,0.0,2682.0,0.0,738.0,2681.892,-1,3.63,0,0.0,0.0,0,0,0,0.0,0.0,0.0,0,22528,0.0,0,0,0.0,0.0,0,0,0.0,0.0,9.12,0.367,0.175,None,0.0,0.0,1.0,1.0,0.0,0.0,0.0,0.0,0.0,0.0,0.0,0,0,0,0.0,0,0.0,0.0,0.0,0.0,0.0,1.0,1.0,0,0,0.0,0.0,0,0,0,0,0.0,0.0,0.0,0.2217958502588302,0,0,0,0,0,0,0,0,0,0,0,0,0.0,0.0,1,0,1,0,0,0,0,1,0,0,0,0.0,0,0.0,0.0,0,0.0,0,0,0.0,0,0,0,0,0.8,0,0.0,0.0,0.0,0.0,0.0,50.0,0,0,22528,0
MISC_batteries_1,MISC,Batteries,1,86,6,0,0,0,0,1,0,0,0,0.0,0.0,0,0,60.0,36.0,0.0,0.0,0.0,-1,1.0,0,0.0,0.0,0,0,0,0.0,0.0,0.0,0,7476,0.0,0,0,0.15,0.15,0,0,0.0,0.0,9.4,0.0,0.461,None,0.0,0.0,0.92,0.92,0.0,1.0,10.0,0.0,0.0,0.0,0.0,0,0,0,0.0,0,0.0,0.0,0.0,0.0,0.0,1.0,1.0,0,0,0.0,0.0,0,0,0,0,0.0,0.0,0.0,0.0,0,0,0,0,0,0,0,0,0,0,0,0,0.0,0.0,0,0,0,0,0,0,0,0,0,0,0,0.95,0,0.0,0.0,0,0.0,0,0,0.0,0,0,0,0,0.0,0,36.3,60.1,0.0,0.0,0.0,50.0,0,0,7476,0
MISC_biomass_1,MISC,Biomass,1,87,6,0,0,0,1,0,0,0,0,0.0,0.0,0,0,0.0,42.0,0.0,63.0,62.307,-1,0.57,0,0.0,0.0,0,0,0,0.0,0.0,0.0,0,157220,0.0,0,0,4.5,0.0,0,0,172.0,0.0,12.04,0.768,0.828,waste_biomass,0.509,0.0,1.0,1.0,0.0,0.0,0.0,0.0,0.0,0.0,0.0,0,0,0,0.0,0,0.0,0.0,0.0,0.0,0.0,1.0,1.0,0,0,0.0,0.0,0,0,0,0,0.0,0.0,0.0,0.0,0,0,0,0,0,0,0,0,0,0,0,0,0.0,0.0,0,0,0,0,0,0,0,0,0,0,0,0.93,0,0.0,0.0,0,0.0,0,1,0.0,0,0,0,0,0.0,1,3.2,0.0,0.0,0.0,0.0,50.0,0,0,157220,0
MISC_biomass_2,MISC,Biomass,2,88,6,0,0,0,1,0,0,0,0,0.0,0.0,0,0,0.0,42.0,0.0,10.0,71.7,-1,4.15,0,0.0,0.0,0,0,0,0.0,0.0,0.0,0,157220,0.0,0,0,3.45,0.0,0,0,172.0,0.0,9.24,0.859,1.15,waste_biomass,0.085,0.0,1.0,1.0,0.0,0.0,0.0,0.0,0.0,0.0,0.0,0,0,0,0.0,0,0.0,0.0,0.0,0.0,0.0,1.0,1.0,0,0,0.0,0.0,0,0,0,0,0.0,0.0,0.0,0.0,0,0,0,0,0,0,0,0,0,0,0,0,0.0,0.0,0,0,0,0,0,0,0,0,0,0,0,0.93,0,0.0,0.0,0,0.0,0,1,0.0,0,0,0,0,0.0,1,0.0,0.0,0.0,0.0,0.0,50.0,0,0,157220,0
MISC_conventional_hydroelectric_1,MISC,Conventional Hydroelectric,1,89,6,0,0,0,0,0,0,1,0,0.0,0.0,0,0,0.0,598.0,0.0,11.0,279.499,-1,25.41,0,0.0,0.0,0,0,0,0.0,0.0,0.0,0,47048,0.0,0,0,0.0,0.0,0,0,0.0,0.0,8.84,0.0,0.0,None,0.181,0.0,1.0,1.0,1.0,0.0,0.0,0.0,0.0,0.0,0.0,0,0,0,0.0,0,0.0,0.0,0.0,0.0,0.0,1.0,1.0,0,0,0.0,0.0,0,0,0,0,0.0,0.0,0.0,0.3765564943815732,0,0,0,0,0,0,0,0,0,0,0,0,0.0,0.0,0,0,0,0,0,0,0,0,0,0,0,0.8,0,0.0,0.0,0,0.0,0,0,0.0,0,0,0,0,0.0,1,172.0,0.0,0.0,0.0,0.0,50.0,0,0,47048,0
MISC_conventional_steam_coal_1,MISC,Conventional Steam Coal,1,90,6,0,1,0,0,0,0,0,0,0.0,0.0,0,0,0.0,0.0,0.0,5.0,1337.0,-1,267.4,0,0.0,0.0,0,0,0,0.0,0.0,0.0,0,76903,0.0,0,0,1.88,0.0,0,0,124.0,16.5,11.06,1.045,4.334,east_north_central_coal,0.5,0.0,1.0,1.0,0.0,0.0,0.0,0.095,0.19,0.0,0.0,0,0,0,0.0,0,0.0,0.0,0.0,0.0,0.0,0.57,0.57,24,24,0.0,0.0,0,0,0,0,0.0,0.0,0.0,0.0,0,0,0,0,0,0,0,0,0,0,0,0,0.0,0.0,0,0,0,0,0,0,0,0,0,0,0,0.93,0,0.0,0.0,0,0.0,0,0,0.0,0,0,0,0,0.0,0,0.0,0.0,0.0,0.0,0.0,50.0,0,0,76903,0
MISC_conventional_steam_coal_2,MISC,Conventional Steam Coal,2,91,6,0,1,0,0,0,0,0,0,0.0,0.0,0,0,0.0,0.0,0.0,24.0,10445.712,-1,435.24,0,0.0,0.0,0,0,0,0.0,0.0,0.0,0,62317,0.0,0,0,1.88,0.0,0,0,124.0,16.5,10.23,1.193,0.895,east_north_central_coal,0.5,0.0,1.0,1.0,0.0,0.0,0.0,0.095,0.19,0.0,0.0,0,0,0,0.0,0,0.0,0.0,0.0,0.0,0.0,0.57,0.57,24,24,0.0,0.0,0,0,0,0,0.0,0.0,0.0,0.0,0,0,0,0,0,0,0,0,0,0,0,0,0.0,0.0,0,0,0,0,0,0,0,0,0,0,0,0.93,0,0.0,0.0,0,0.0,0,0,0.0,0,0,0,0,0.0,0,1863.1,0.0,0.0,0.0,0.0,50.0,0,0,62317,0
MISC_hydroelectric_pumped_storage_1,MISC,Hydroelectric Pumped Storage,1,92,6,0,0,0,0,1,0,0,0,0.0,0.0,0,0,7300.5,471.0,0.0,3.0,471.0,-1,157.0,0,0.0,0.0,0,0,0,0.0,0.0,0.0,0,47048,0.0,0,0,0.0,0.0,0,0,0.0,0.0,0.0,0.0,0.0,None,0.766,0.0,0.866,0.866,0.0,1.0,20.0,0.0,0.0,0.0,0.0,0,0,0,0.0,0,0.0,0.0,0.0,0.0,0.0,1.0,1.0,0,0,0.0,0.0,0,0,0,0,0.0,0.0,0.0,0.0,0,0,0,0,0,0,0,0,0,0,0,0,0.0,0.0,0,0,0,0,0,0,0,0,0,0,0,0.95,0,0.0,0.0,0,0.0,0,0,0.0,0,0,0,0,0.0,0,0.0,0.0,0.0,0.0,0.0,50.0,0,0,47048,0
MISC_natural_gas_fired_combined_cycle_1,MISC,Natural Gas Fired Combined Cycle,1,93,6,0,1,0,0,0,0,0,0,0.0,0.0,0,0,0.0,0.0,0.0,7.0,1583.603,-1,226.23,0,0.0,0.0,0,0,0,0.0,0.0,0.0,0,14133,0.0,0,0,4.22,0.0,0,0,92.0,2.0,8.6,0.863,0.895,east_north_central_naturalgas,0.3,0.0,1.0,1.0,0.0,0.0,0.0,0.106666667,0.213333333,0.0,0.0,0,0,0,0.0,0,0.0,0.0,0.0,0.0,0.0,0.64,0.64,6,6,0.0,0.0,0,0,0,0,0.0,0.0,0.0,0.0,0,0,0,0,0,0,0,0,0,0,0,0,0.0,0.0,0,0,0,0,0,0,0,0,0,0,0,0.93,0,0.0,0.0,0,0.0,0,0,0.0,0,0,0,0,0.0,0,0.0,0.0,0.0,0.0,0.0,50.0,0,0,14133,0
MISC_natural_gas_fired_combined_cycle_2,MISC,Natural Gas Fired Combined Cycle,2,94,6,0,1,0,0,0,0,0,0,0.0,0.0,0,0,0.0,3383.0,0.0,6.0,3192.498,-1,532.08,0,0.0,0.0,0,0,0,0.0,0.0,0.0,0,9787,0.0,0,0,3.61,0.0,0,0,92.0,2.0,7.2,0.839,0.52,east_north_central_naturalgas,0.3,0.0,1.0,1.0,0.0,0.0,0.0,0.106666667,0.213333333,0.0,0.0,0,0,0,0.0,0,0.0,0.0,0.0,0.0,0.0,0.64,0.64,6,6,0.0,0.0,0,0,0,0,0.0,0.0,0.0,0.0,0,0,0,0,0,0,0,0,0,0,0,0,0.0,0.0,0,0,0,0,0,0,0,0,0,0,0,0.93,0,0.0,0.0,0,0.0,0,0,0.0,0,0,0,0,0.0,0,0.0,0.0,0.0,0.0,0.0,50.0,0,0,9787,0
MISC_natural_gas_fired_combustion_turbine_1,MISC,Natural Gas Fired Combustion Turbine,1,95,6,0,1,0,0,0,0,0,0,0.0,0.0,0,0,0.0,0.0,0.0,21.0,577.605,-1,27.5,0,0.0,0.0,0,0,0,0.0,0.0,0.0,0,13412,0.0,0,0,6.8,0.0,0,0,119.0,3.5,10.86,2.347,4.411,east_north_central_naturalgas,0.3,0.0,1.0,1.0,0.0,0.0,0.0,0.106666667,0.213333333,0.0,0.0,0,0,0,0.0,0,0.0,0.0,0.0,0.0,0.0,3.78,3.78,1,1,0.0,0.0,0,0,0,0,0.0,0.0,0.0,0.0,0,0,0,0,0,0,0,0,0,0,0,0,0.0,0.0,0,0,0,0,0,0,0,0,0,0,0,0.93,0,0.0,0.0,0,0.0,0,0,0.0,0,0,0,0,0.0,0,0.0,0.0,0.0,0.0,0.0,50.0,0,0,13412,0
MISC_natural_gas_fired_combustion_turbine_2,MISC,Natural Gas Fired Combustion Turbine,2,96,6,0,1,0,0,0,0,0,0,0.0,0.0,0,0,0.0,6.0,0.0,110.0,8900.43,-1,80.91,0,0.0,0.0,0,0,0,0.0,0.0,0.0,0,9801,0.0,0,0,6.8,0.0,0,0,119.0,3.5,12.23,1.805,1.7,east_north_central_naturalgas,0.3,0.0,1.0,1.0,0.0,0.0,0.0,0.106666667,0.213333333,0.0,0.0,0,0,0,0.0,0,0.0,0.0,0.0,0.0,0.0,3.78,3.78,1,1,0.0,0.0,0,0,0,0,0.0,0.0,0.0,0.0,0,0,0,0,0,0,0,0,0,0,0,0,0.0,0.0,0,0,0,0,0,0,0,0,0,0,0,0.93,0,0.0,0.0,0,0.0,0,0,0.0,0,0,0,0,0.0,0,0.0,0.0,0.0,0.0,0.0,50.0,0,0,9801,0
MISC_natural_gas_internal_combustion_engine_1,MISC,Natural Gas Internal Combustion Engine,1,97,6,0,1,0,0,0,0,0,0,0.0,0.0,0,0,0.0,0.0,0.0,22.0,53.196,-1,2.42,0,0.0,0.0,0,0,0,0.0,0.0,0.0,0,24000,0.0,0,0,6.78,0.0,0,0,38.0,0.0,10.22,0.271,6.027,east_north_central_naturalgas,0.18,0.0,1.0,1.0,0.0,0.0,0.0,0.106666667,0.213333333,0.0,0.0,0,0,0,0.0,0,0.0,0.0,0.0,0.0,0.0,3.78,3.78,1,1,0.0,0.0,0,0,0,0,0.0,0.0,0.0,0.0,0,0,0,0,0,0,0,0,0,0,0,0,0.0,0.0,0,0,0,0,0,0,0,0,0,0,0,0.93,0,0.0,0.0,0,0.0,0,0,0.0,0,0,0,0,0.0,0,22.0,0.0,0.0,0.0,0.0,50.0,0,0,24000,0
MISC_natural_gas_steam_turbine_1,MISC,Natural Gas Steam Turbine,1,98,6,0,1,0,0,0,0,0,0,0.0,0.0,0,0,0.0,0.0,0.0,13.0,193.206,-1,14.86,0,0.0,0.0,0,0,0,0.0,0.0,0.0,0,51303,0.0,0,0,1.06,0.0,0,0,87.0,13.7,11.22,0.0,4.066,east_north_central_naturalgas,0.5,0.0,1.0,1.0,0.0,0.0,0.0,0.63,1.26,0.0,0.0,0,0,0,0.0,0,0.0,0.0,0.0,0.0,0.0,0.64,0.64,6,6,0.0,0.0,0,0,0,0,0.0,0.0,0.0,0.0,0,0,0,0,0,0,0,0,0,0,0,0,0.0,0.0,0,0,0,0,0,0,0,0,0,0,0,0.93,0,0.0,0.0,0,0.0,0,0,0.0,0,0,0,0,0.0,0,7.4,0.0,0.0,0.0,0.0,50.0,0,0,51303,0
MISC_nuclear_1,MISC,Nuclear,1,99,6,0,1,0,0,0,0,0,0,0.0,0.0,0,0,0.0,2373.0,0.0,2.0,2373.0,-1,1186.5,0,0.0,0.0,0,0,0,0.0,0.0,0.0,0,275171,0.0,0,0,2.47,0.0,0,0,248.0,0.0,10.45,0.0,0.0,east_north_central_uranium,0.5,0.0,1.0,1.0,0.0,0.0,0.0,0.041666667,0.083333333,0.0,0.0,0,0,0,0.0,0,0.0,0.0,0.0,0.0,0.0,0.25,0.25,24,24,0.0,0.0,0,0,0,0,0.0,0.0,0.0,0.0,0,0,0,0,0,0,0,0,0,0,0,0,0.0,0.0,0,0,0,0,0,0,0,0,0,0,0,0.93,0,0.0,0.0,0,0.0,0,0,0.0,0,0,0,0,0.0,1,0.0,0.0,0.0,0.0,0.0,50.0,0,0,275171,0
MISC_onshore_wind_turbine_1,MISC,Onshore Wind Turbine,1,100,6,1,0,1,0,0,0,0,0,0.0,0.0,0,0,0.0,6436.0,0.0,42.0,6382.32,-1,151.96,0,0.0,0.0,0,0,0,0.0,0.0,0.0,0,30300,0.0,0,0,0.0,0.0,0,0,0.0,0.0,9.06,0.367,0.186,None,0.0,0.0,1.0,1.0,0.0,0.0,0.0,0.0,0.0,0.0,0.0,0,0,0,0.0,0,0.0,0.0,0.0,0.0,0.0,1.0,1.0,0,0,0.0,0.0,0,0,0,0,0.0,0.0,0.0,0.2534358872657909,0,0,0,0,0,0,0,0,0,0,0,0,0.0,0.0,0,0,0,0,0,0,0,1,0,0,0,0.8,0,0.0,0.0,0,0.0,0,1,0.0,0,0,0,0,0.0,1,54.7,0.0,0.0,0.0,0.0,50.0,0,0,30300,0
MISC_petroleum_liquids_1,MISC,Petroleum Liquids,1,101,6,0,1,0,0,0,0,0,0,0.0,0.0,0,0,0.0,0.0,0.0,156.0,398.424,-1,2.55,0,0.0,0.0,0,0,0,0.0,0.0,0.0,0,24000,0.0,0,0,7.14,0.0,0,0,38.0,0.0,10.78,1.5,3.706,east_north_central_distillate,0.18,0.0,1.0,1.0,0.0,0.0,0.0,0.0,0.0,0.0,0.0,0,0,0,0.0,0,0.0,0.0,0.0,0.0,0.0,3.78,3.78,1,1,0.0,0.0,0,0,0,0,0.0,0.0,0.0,0.0,0,0,0,0,0,0,0,0,0,0,0,0,0.0,0.0,0,0,0,0,0,0,0,0,0,0,0,0.93,0,0.0,0.0,0,0.0,0,0,0.0,0,0,0,0,0.0,0,34.9,0.0,0.0,0.0,0.0,50.0,0,0,24000,0
MISC_small_hydroelectric_1,MISC,Small Hydroelectric,1,102,6,0,0,0,1,0,0,0,0,0.0,0.0,0,0,0.0,23.0,0.0,1.0,27.0,-1,13.99,0,0.0,0.0,0,0,0,0.0,0.0,0.0,0,47048,0.0,0,0,0.0,0.0,0,0,0.0,0.0,8.88,0.0,0.011,None,1.0,0.0,1.0,1.0,0.0,0.0,0.0,0.0,0.0,0.0,0.0,0,0,0,0.0,0,0.0,0.0,0.0,0.0,0.0,1.0,1.0,0,0,0.0,0.0,0,0,0,0,0.0,0.0,0.0,0.3765564943815732,0,0,0,0,0,0,0,0,0,0,0,0,0.0,0.0,0,0,0,0,0,0,0,0,0,0,0,0.8,0,0.0,0.0,0,0.0,0,1,0.0,0,0,0,0,0.0,1,0.0,0.0,0.0,0.0,0.0,50.0,0,0,47048,0
MISC_solar_photovoltaic_1,MISC,Solar Photovoltaic,1,103,6,1,0,1,0,0,0,0,0,0.0,0.0,0,0,0.0,3922.0,0.0,151.0,3922.225,-1,25.98,0,0.0,0.0,0,0,0,0.0,0.0,0.0,0,22528,0.0,0,0,0.0,0.0,0,0,0.0,0.0,9.19,0.367,0.176,None,0.0,0.0,1.0,1.0,0.0,0.0,0.0,0.0,0.0,0.0,0.0,0,0,0,0.0,0,0.0,0.0,0.0,0.0,0.0,1.0,1.0,0,0,0.0,0.0,0,0,0,0,0.0,0.0,0.0,0.2343278441684256,0,0,0,0,0,0,0,0,0,0,0,0,0.0,0.0,0,0,0,0,0,0,0,1,0,0,0,0.8,0,0.0,0.0,0,0.0,0,1,0.0,0,0,0,0,0.0,1,0.0,0.0,0.0,0.0,0.0,50.0,0,0,22528,0
MISE_batteries_1,MISE,Batteries,1,104,7,0,0,0,0,1,0,0,0,0.0,0.0,0,0,2.0,1.0,0.0,1.0,0.3,-1,0.3,0,0.0,0.0,0,0,0,0.0,0.0,0.0,0,7476,0.0,0,0,0.15,0.15,0,0,0.0,0.0,9.21,0.0,0.0,None,0.0,0.0,0.92,0.92,0.0,1.0,10.0,0.0,0.0,0.0,0.0,0,0,0,0.0,0,0.0,0.0,0.0,0.0,0.0,1.0,1.0,0,0,0.0,0.0,0,0,0,0,0.0,0.0,0.0,0.0,0,0,0,0,0,0,0,0,0,0,0,0,0.0,0.0,0,0,0,0,0,0,0,0,0,0,0,0.95,0,0.0,0.0,0,0.0,0,0,0.0,0,0,0,0,0.0,0,1.0,1.0,0.0,0.0,0.0,50.0,0,0,7476,0
MISE_biomass_1,MISE,Biomass,1,105,7,0,0,0,1,0,0,0,0,0.0,0.0,0,0,0.0,71.0,0.0,68.0,149.124,-1,0.91,0,0.0,0.0,0,0,0,0.0,0.0,0.0,0,157220,0.0,0,0,4.1,0.0,0,0,172.0,0.0,10.98,2.695,1.662,waste_biomass,0.501,0.0,1.0,1.0,0.0,0.0,0.0,0.0,0.0,0.0,0.0,0,0,0,0.0,0,0.0,0.0,0.0,0.0,0.0,1.0,1.0,0,0,0.0,0.0,0,0,0,0,0.0,0.0,0.0,0.0,0,0,0,0,0,0,0,0,0,0,0,0,0.0,0.0,0,0,0,0,0,0,0,0,0,0,0,0.93,0,0.0,0.0,0,0.0,0,1,0.0,0,0,0,0,0.0,1,21.5,0.0,0.0,0.0,0.0,50.0,0,0,157220,0
MISE_biomass_2,MISE,Biomass,2,106,7,0,0,0,1,0,0,0,0,0.0,0.0,0,0,0.0,58.0,0.0,4.0,113.6,-1,11.8,0,0.0,0.0,0,0,0,0.0,0.0,0.0,0,157220,0.0,0,0,6.94,0.0,0,0,172.0,0.0,18.58,2.817,2.357,waste_biomass,0.283,0.0,1.0,1.0,0.0,0.0,0.0,0.0,0.0,0.0,0.0,0,0,0,0.0,0,0.0,0.0,0.0,0.0,0.0,1.0,1.0,0,0,0.0,0.0,0,0,0,0,0.0,0.0,0.0,0.0,0,0,0,0,0,0,0,0,0,0,0,0,0.0,0.0,0,0,0,0,0,0,0,0,0,0,0,0.93,0,0.0,0.0,0,0.0,0,1,0.0,0,0,0,0,0.0,1,4.2,0.0,0.0,0.0,0.0,50.0,0,0,157220,0
MISE_conventional_hydroelectric_1,MISE,Conventional Hydroelectric,1,107,7,0,0,0,0,0,0,1,0,0.0,0.0,0,0,0.0,32.0,0.0,0.0,0.0,-1,1.0,0,0.0,0.0,0,0,0,0.0,0.0,0.0,0,47048,0.0,0,0,0.0,0.0,0,0,0.0,0.0,8.94,0.092,0.183,None,0.0,0.0,1.0,1.0,1.0,0.0,0.0,0.0,0.0,0.0,0.0,0,0,0,0.0,0,0.0,0.0,0.0,0.0,0.0,1.0,1.0,0,0,0.0,0.0,0,0,0,0,0.0,0.0,0.0,0.3422106785063752,0,0,0,0,0,0,0,0,0,0,0,0,0.0,0.0,0,0,0,0,0,0,0,0,0,0,0,0.8,0,0.0,0.0,0,0.0,0,0,0.0,0,0,0,0,0.0,1,32.2,0.0,0.0,0.0,0.0,50.0,0,0,47048,0
MISE_conventional_steam_coal_1,MISE,Conventional Steam Coal,1,108,7,0,1,0,0,0,0,0,0,0.0,0.0,0,0,0.0,0.0,0.0,6.0,3088.302,-1,514.72,0,0.0,0.0,0,0,0,0.0,0.0,0.0,0,66859,0.0,0,0,1.88,0.0,0,0,124.0,16.5,10.64,0.71,0.623,east_north_central_coal,0.5,0.0,1.0,1.0,0.0,0.0,0.0,0.095,0.19,0.0,0.0,0,0,0,0.0,0,0.0,0.0,0.0,0.0,0.0,0.57,0.57,24,24,0.0,0.0,0,0,0,0,0.0,0.0,0.0,0.0,0,0,0,0,0,0,0,0,0,0,0,0,0.0,0.0,0,0,0,0,0,0,0,0,0,0,0,0.93,0,0.0,0.0,0,0.0,0,0,0.0,0,0,0,0,0.0,0,0.0,0.0,0.0,0.0,0.0,50.0,0,0,66859,0
MISE_conventional_steam_coal_2,MISE,Conventional Steam Coal,2,109,7,0,1,0,0,0,0,0,0,0.0,0.0,0,0,0.0,0.0,0.0,0.0,0.0,-1,1.0,0,0.0,0.0,0,0,0,0.0,0.0,0.0,0,76116,0.0,0,0,1.88,0.0,0,0,124.0,16.5,13.48,0.0,0.0,east_north_central_coal,0.5,0.0,1.0,1.0,0.0,0.0,0.0,0.095,0.19,0.0,0.0,0,0,0,0.0,0,0.0,0.0,0.0,0.0,0.0,0.57,0.57,24,24,0.0,0.0,0,0,0,0,0.0,0.0,0.0,0.0,0,0,0,0,0,0,0,0,0,0,0,0,0.0,0.0,0,0,0,0,0,0,0,0,0,0,0,0.93,0,0.0,0.0,0,0.0,0,0,0.0,0,0,0,0,0.0,0,0.0,0.0,0.0,0.0,0.0,50.0,0,0,76116,0
MISE_hydroelectric_pumped_storage_1,MISE,Hydroelectric Pumped Storage,1,110,7,0,0,0,0,1,0,0,0,0.0,0.0,0,0,32782.5,2115.0,0.0,6.0,2115.0,-1,352.5,0,0.0,0.0,0,0,0,0.0,0.0,0.0,0,47048,0.0,0,0,0.0,0.0,0,0,0.0,0.0,0.0,0.0,0.0,None,0.681,0.0,0.866,0.866,0.0,1.0,20.0,0.0,0.0,0.0,0.0,0,0,0,0.0,0,0.0,0.0,0.0,0.0,0.0,1.0,1.0,0,0,0.0,0.0,0,0,0,0,0.0,0.0,0.0,0.0,0,0,0,0,0,0,0,0,0,0,0,0,0.0,0.0,0,0,0,0,0,0,0,0,0,0,0,0.95,0,0.0,0.0,0,0.0,0,0,0.0,0,0,0,0,0.0,0,0.0,0.0,0.0,0.0,0.0,50.0,0,0,47048,0
MISE_natural_gas_fired_combined_cycle_1,MISE,Natural Gas Fired Combined Cycle,1,111,7,0,1,0,0,0,0,0,0,0.0,0.0,0,0,0.0,4546.0,0.0,10.0,6017.4,-1,601.74,0,0.0,0.0,0,0,0,0.0,0.0,0.0,0,11640,0.0,0,0,3.57,0.0,0,0,92.0,2.0,7.93,0.827,1.072,east_north_central_naturalgas,0.3,0.0,1.0,1.0,0.0,0.0,0.0,0.106666667,0.213333333,0.0,0.0,0,0,0,0.0,0,0.0,0.0,0.0,0.0,0.0,0.64,0.64,6,6,0.0,0.0,0,0,0,0,0.0,0.0,0.0,0.0,0,0,0,0,0,0,0,0,0,0,0,0,0.0,0.0,0,0,0,0,0,0,0,0,0,0,0,0.93,0,0.0,0.0,0,0.0,0,0,0.0,0,0,0,0,0.0,0,0.0,0.0,0.0,0.0,0.0,50.0,0,0,11640,0
MISE_natural_gas_fired_combined_cycle_2,MISE,Natural Gas Fired Combined Cycle,2,112,7,0,1,0,0,0,0,0,0,0.0,0.0,0,0,0.0,0.0,0.0,12.0,699.204,-1,58.27,0,0.0,0.0,0,0,0,0.0,0.0,0.0,0,16492,0.0,0,0,4.55,0.0,0,0,92.0,2.0,7.99,2.471,5.309,east_north_central_naturalgas,0.3,0.0,1.0,1.0,0.0,0.0,0.0,0.106666667,0.213333333,0.0,0.0,0,0,0,0.0,0,0.0,0.0,0.0,0.0,0.0,0.64,0.64,6,6,0.0,0.0,0,0,0,0,0.0,0.0,0.0,0.0,0,0,0,0,0,0,0,0,0,0,0,0,0.0,0.0,0,0,0,0,0,0,0,0,0,0,0,0.93,0,0.0,0.0,0,0.0,0,0,0.0,0,0,0,0,0.0,0,23.0,0.0,0.0,0.0,0.0,50.0,0,0,16492,0
MISE_natural_gas_fired_combustion_turbine_1,MISE,Natural Gas Fired Combustion Turbine,1,113,7,0,1,0,0,0,0,0,0,0.0,0.0,0,0,0.0,0.0,0.0,18.0,427.698,-1,23.76,0,0.0,0.0,0,0,0,0.0,0.0,0.0,0,13412,0.0,0,0,6.8,0.0,0,0,119.0,3.5,11.73,4.162,2.252,east_north_central_naturalgas,0.3,0.0,1.0,1.0,0.0,0.0,0.0,0.106666667,0.213333333,0.0,0.0,0,0,0,0.0,0,0.0,0.0,0.0,0.0,0.0,3.78,3.78,1,1,0.0,0.0,0,0,0,0,0.0,0.0,0.0,0.0,0,0,0,0,0,0,0,0,0,0,0,0,0.0,0.0,0,0,0,0,0,0,0,0,0,0,0,0.93,0,0.0,0.0,0,0.0,0,0,0.0,0,0,0,0,0.0,0,0.0,0.0,0.0,0.0,0.0,50.0,0,0,13412,0
MISE_natural_gas_fired_combustion_turbine_2,MISE,Natural Gas Fired Combustion Turbine,2,114,7,0,1,0,0,0,0,0,0,0.0,0.0,0,0,0.0,1.0,0.0,34.0,3971.506,-1,116.81,0,0.0,0.0,0,0,0,0.0,0.0,0.0,0,9628,0.0,0,0,6.8,0.0,0,0,119.0,3.5,11.35,3.048,2.221,east_north_central_naturalgas,0.3,0.0,1.0,1.0,0.0,0.0,0.0,0.106666667,0.213333333,0.0,0.0,0,0,0,0.0,0,0.0,0.0,0.0,0.0,0.0,3.78,3.78,1,1,0.0,0.0,0,0,0,0,0.0,0.0,0.0,0.0,0,0,0,0,0,0,0,0,0,0,0,0,0.0,0.0,0,0,0,0,0,0,0,0,0,0,0,0.93,0,0.0,0.0,0,0.0,0,0,0.0,0,0,0,0,0.0,0,0.0,0.0,0.0,0.0,0.0,50.0,0,0,9628,0
MISE_natural_gas_internal_combustion_engine_1,MISE,Natural Gas Internal Combustion Engine,1,115,7,0,1,0,0,0,0,0,0,0.0,0.0,0,0,0.0,0.0,0.0,29.0,114.289,-1,3.94,0,0.0,0.0,0,0,0,0.0,0.0,0.0,0,24000,0.0,0,0,6.6,0.0,0,0,38.0,0.0,9.96,0.298,2.121,east_north_central_naturalgas,0.18,0.0,1.0,1.0,0.0,0.0,0.0,0.106666667,0.213333333,0.0,0.0,0,0,0,0.0,0,0.0,0.0,0.0,0.0,0.0,3.78,3.78,1,1,0.0,0.0,0,0,0,0,0.0,0.0,0.0,0.0,0,0,0,0,0,0,0,0,0,0,0,0,0.0,0.0,0,0,0,0,0,0,0,0,0,0,0,0.93,0,0.0,0.0,0,0.0,0,0,0.0,0,0,0,0,0.0,0,18.7,0.0,0.0,0.0,0.0,50.0,0,0,24000,0
MISE_natural_gas_steam_turbine_1,MISE,Natural Gas Steam Turbine,1,116,7,0,1,0,0,0,0,0,0,0.0,0.0,0,0,0.0,0.0,0.0,6.0,9.198,-1,1.53,0,0.0,0.0,0,0,0,0.0,0.0,0.0,0,51303,0.0,0,0,1.06,0.0,0,0,87.0,13.7,9.21,1.758,8.252,east_north_central_naturalgas,0.5,0.0,1.0,1.0,0.0,0.0,0.0,0.63,1.26,0.0,0.0,0,0,0,0.0,0,0.0,0.0,0.0,0.0,0.0,0.64,0.64,6,6,0.0,0.0,0,0,0,0,0.0,0.0,0.0,0.0,0,0,0,0,0,0,0,0,0,0,0,0,0.0,0.0,0,0,0,0,0,0,0,0,0,0,0,0.93,0,0.0,0.0,0,0.0,0,0,0.0,0,0,0,0,0.0,0,0.0,0.0,0.0,0.0,0.0,50.0,0,0,51303,0
MISE_nuclear_1,MISE,Nuclear,1,117,7,0,1,0,0,0,0,0,0,0.0,0.0,0,0,0.0,1161.0,0.0,1.0,1161.0,-1,1161.0,0,0.0,0.0,0,0,0,0.0,0.0,0.0,0,275171,0.0,0,0,2.47,0.0,0,0,248.0,0.0,10.45,0.0,0.0,east_north_central_uranium,0.5,0.0,1.0,1.0,0.0,0.0,0.0,0.041666667,0.083333333,0.0,0.0,0,0,0,0.0,0,0.0,0.0,0.0,0.0,0.0,0.25,0.25,24,24,0.0,0.0,0,0,0,0,0.0,0.0,0.0,0.0,0,0,0,0,0,0,0,0,0,0,0,0,0.0,0.0,0,0,0,0,0,0,0,0,0,0,0,0.93,0,0.0,0.0,0,0.0,0,0,0.0,0,0,0,0,0.0,1,0.0,0.0,0.0,0.0,0.0,50.0,0,0,275171,0
MISE_onshore_wind_turbine_1,MISE,Onshore Wind Turbine,1,118,7,1,0,1,0,0,0,0,0,0.0,0.0,0,0,0.0,3677.0,0.0,39.0,3675.087,-1,94.23,0,0.0,0.0,0,0,0,0.0,0.0,0.0,0,30300,0.0,0,0,0.0,0.0,0,0,0.0,0.0,9.02,0.367,0.166,None,0.0,0.0,1.0,1.0,0.0,0.0,0.0,0.0,0.0,0.0,0.0,0,0,0,0.0,0,0.0,0.0,0.0,0.0,0.0,1.0,1.0,0,0,0.0,0.0,0,0,0,0,0.0,0.0,0.0,0.2795701388888889,0,0,0,0,0,0,0,0,0,0,0,0,0.0,0.0,0,0,0,0,0,0,0,1,0,0,0,0.8,0,0.0,0.0,0,0.0,0,1,0.0,0,0,0,0,0.0,1,1.8,0.0,0.0,0.0,0.0,50.0,0,0,30300,0
MISE_petroleum_liquids_1,MISE,Petroleum Liquids,1,119,7,0,1,0,0,0,0,0,0,0.0,0.0,0,0,0.0,0.0,0.0,24.0,39.6,-1,1.65,0,0.0,0.0,0,0,0,0.0,0.0,0.0,0,24000,0.0,0,0,7.64,0.0,0,0,38.0,0.0,11.53,3.773,3.694,east_north_central_distillate,0.18,0.0,1.0,1.0,0.0,0.0,0.0,0.0,0.0,0.0,0.0,0,0,0,0.0,0,0.0,0.0,0.0,0.0,0.0,3.78,3.78,1,1,0.0,0.0,0,0,0,0,0.0,0.0,0.0,0.0,0,0,0,0,0,0,0,0,0,0,0,0,0.0,0.0,0,0,0,0,0,0,0,0,0,0,0,0.93,0,0.0,0.0,0,0.0,0,0,0.0,0,0,0,0,0.0,0,5.2,0.0,0.0,0.0,0.0,50.0,0,0,24000,0
MISE_small_hydroelectric_1,MISE,Small Hydroelectric,1,120,7,0,0,0,1,0,0,0,0,0.0,0.0,0,0,0.0,47.0,0.0,17.0,15.198,-1,0.67,0,0.0,0.0,0,0,0,0.0,0.0,0.0,0,47048,0.0,0,0,0.0,0.0,0,0,0.0,0.0,8.84,0.0,0.001,None,0.224,0.0,1.0,1.0,0.0,0.0,0.0,0.0,0.0,0.0,0.0,0,0,0,0.0,0,0.0,0.0,0.0,0.0,0.0,1.0,1.0,0,0,0.0,0.0,0,0,0,0,0.0,0.0,0.0,0.3422106785063752,0,0,0,0,0,0,0,0,0,0,0,0,0.0,0.0,0,0,0,0,0,0,0,0,0,0,0,0.8,0,0.0,0.0,0,0.0,0,1,0.0,0,0,0,0,0.0,1,0.9,0.0,0.0,0.0,0.0,50.0,0,0,47048,0
MISE_solar_photovoltaic_1,MISE,Solar Photovoltaic,1,121,7,1,0,1,0,0,0,0,0,0.0,0.0,0,0,0.0,1181.0,0.0,52.0,1181.024,-1,22.71,0,0.0,0.0,0,0,0,0.0,0.0,0.0,0,22528,0.0,0,0,0.0,0.0,0,0,0.0,0.0,9.19,0.0,0.14,None,0.0,0.0,1.0,1.0,0.0,0.0,0.0,0.0,0.0,0.0,0.0,0,0,0,0.0,0,0.0,0.0,0.0,0.0,0.0,1.0,1.0,0,0,0.0,0.0,0,0,0,0,0.0,0.0,0.0,0.2384580373406193,0,0,0,0,0,0,0,0,0,0,0,0,0.0,0.0,0,0,0,0,0,0,0,1,0,0,0,0.8,0,0.0,0.0,0,0.0,0,1,0.0,0,0,0,0,0.0,1,0.0,0.0,0.0,0.0,0.0,50.0,0,0,22528,0
MISS_batteries_1,MISS,Batteries,1,122,8,0,0,0,0,1,0,0,0,0.0,0.0,0,0,30.0,10.0,0.0,1.0,10.0,-1,10.0,0,0.0,0.0,0,0,0,0.0,0.0,0.0,0,7476,0.0,0,0,0.15,0.15,0,0,0.0,0.0,9.21,0.0,0.0,None,0.0,0.0,0.92,0.92,0.0,1.0,10.0,0.0,0.0,0.0,0.0,0,0,0,0.0,0,0.0,0.0,0.0,0.0,0.0,1.0,1.0,0,0,0.0,0.0,0,0,0,0,0.0,0.0,0.0,0.0,0,0,0,0,0,0,0,0,0,0,0,0,0.0,0.0,0,0,0,0,0,0,0,0,0,0,0,0.95,0,0.0,0.0,0,0.0,0,0,0.0,0,0,0,0,0.0,0,0.5,0.5,0.0,0.0,0.0,50.0,0,0,7476,0
MISS_biomass_1,MISS,Biomass,1,123,8,0,0,0,1,0,0,0,0,0.0,0.0,0,0,0.0,18.0,0.0,9.0,9.504,-1,0.3,0,0.0,0.0,0,0,0,0.0,0.0,0.0,0,157220,0.0,0,0,4.65,0.0,0,0,172.0,0.0,12.46,0.824,1.227,waste_biomass,0.442,0.0,1.0,1.0,0.0,0.0,0.0,0.0,0.0,0.0,0.0,0,0,0,0.0,0,0.0,0.0,0.0,0.0,0.0,1.0,1.0,0,0,0.0,0.0,0,0,0,0,0.0,0.0,0.0,0.0,0,0,0,0,0,0,0,0,0,0,0,0,0.0,0.0,0,0,0,0,0,0,0,0,0,0,0,0.93,0,0.0,0.0,0,0.0,0,1,0.0,0,0,0,0,0.0,1,11.1,0.0,0.0,0.0,0.0,50.0,0,0,157220,0
MISS_biomass_2,MISS,Biomass,2,124,8,0,0,0,1,0,0,0,0,0.0,0.0,0,0,0.0,206.0,0.0,4.0,161.3,-1,11.29,0,0.0,0.0,0,0,0,0.0,0.0,0.0,0,157220,0.0,0,0,3.44,0.0,0,0,172.0,0.0,9.21,0.0,0.0,waste_biomass,0.0,0.0,1.0,1.0,0.0,0.0,0.0,0.0,0.0,0.0,0.0,0,0,0,0.0,0,0.0,0.0,0.0,0.0,0.0,1.0,1.0,0,0,0.0,0.0,0,0,0,0,0.0,0.0,0.0,0.0,0,0,0,0,0,0,0,0,0,0,0,0,0.0,0.0,0,0,0,0,0,0,0,0,0,0,0,0.93,0,0.0,0.0,0,0.0,0,1,0.0,0,0,0,0,0.0,1,107.0,0.0,0.0,0.0,0.0,50.0,0,0,157220,0
MISS_conventional_hydroelectric_1,MISS,Conventional Hydroelectric,1,125,8,0,0,0,0,0,0,1,0,0.0,0.0,0,0,0.0,583.0,0.0,25.0,521.4,-1,20.86,0,0.0,0.0,0,0,0,0.0,0.0,0.0,0,47048,0.0,0,0,0.0,0.0,0,0,0.0,0.0,8.84,0.0,0.0,None,0.07,0.0,1.0,1.0,1.0,0.0,0.0,0.0,0.0,0.0,0.0,0,0,0,0.0,0,0.0,0.0,0.0,0.0,0.0,1.0,1.0,0,0,0.0,0.0,0,0,0,0,0.0,0.0,0.0,0.2655068194467443,0,0,0,0,0,0,0,0,0,0,0,0,0.0,0.0,0,0,0,0,0,0,0,0,0,0,0,0.8,0,0.0,0.0,0,0.0,0,0,0.0,0,0,0,0,0.0,1,61.7,0.0,0.0,0.0,0.0,50.0,0,0,47048,0
MISS_conventional_steam_coal_1,MISS,Conventional Steam Coal,1,126,8,0,1,0,0,0,0,0,0,0.0,0.0,0,0,0.0,0.0,0.0,3.0,1574.4,-1,524.8,0,0.0,0.0,0,0,0,0.0,0.0,0.0,0,67687,0.0,0,0,1.88,0.0,0,0,124.0,16.5,11.87,0.172,0.182,west_south_central_coal,0.5,0.0,1.0,1.0,0.0,0.0,0.0,0.095,0.19,0.0,0.0,0,0,0,0.0,0,0.0,0.0,0.0,0.0,0.0,0.57,0.57,24,24,0.0,0.0,0,0,0,0,0.0,0.0,0.0,0.0,0,0,0,0,0,0,0,0,0,0,0,0,0.0,0.0,0,0,0,0,0,0,0,0,0,0,0,0.93,0,0.0,0.0,0,0.0,0,0,0.0,0,0,0,0,0.0,0,0.0,0.0,0.0,0.0,0.0,50.0,0,0,67687,0
MISS_conventional_steam_coal_2,MISS,Conventional Steam Coal,2,127,8,0,1,0,0,0,0,0,0,0.0,0.0,0,0,0.0,0.0,0.0,6.0,4521.102,-1,753.52,0,0.0,0.0,0,0,0,0.0,0.0,0.0,0,58749,0.0,0,0,1.88,0.0,0,0,124.0,16.5,10.49,0.364,0.399,west_south_central_coal,0.5,0.0,1.0,1.0,0.0,0.0,0.0,0.095,0.19,0.0,0.0,0,0,0,0.0,0,0.0,0.0,0.0,0.0,0.0,0.57,0.57,24,24,0.0,0.0,0,0,0,0,0.0,0.0,0.0,0.0,0,0,0,0,0,0,0,0,0,0,0,0,0.0,0.0,0,0,0,0,0,0,0,0,0,0,0,0.93,0,0.0,0.0,0,0.0,0,0,0.0,0,0,0,0,0.0,0,0.0,0.0,0.0,0.0,0.0,50.0,0,0,58749,0
MISS_natural_gas_fired_combined_cycle_1,MISS,Natural Gas Fired Combined Cycle,1,128,8,0,1,0,0,0,0,0,0,0.0,0.0,0,0,0.0,18448.0,0.0,40.0,17522.48,-1,438.06,0,0.0,0.0,0,0,0,0.0,0.0,0.0,0,11105,0.0,0,0,3.58,0.0,0,0,92.0,2.0,7.21,1.009,0.656,west_south_central_naturalgas,0.3,0.0,1.0,1.0,0.0,0.0,0.0,0.106666667,0.213333333,0.0,0.0,0,0,0,0.0,0,0.0,0.0,0.0,0.0,0.0,0.64,0.64,6,6,0.0,0.0,0,0,0,0,0.0,0.0,0.0,0.0,0,0,0,0,0,0,0,0,0,0,0,0,0.0,0.0,0,0,0,0,0,0,0,0,0,0,0,0.93,0,0.0,0.0,0,0.0,0,0,0.0,0,0,0,0,0.0,0,0.0,0.0,0.0,0.0,0.0,50.0,0,0,11105,0
MISS_natural_gas_fired_combined_cycle_2,MISS,Natural Gas Fired Combined Cycle,2,129,8,0,1,0,0,0,0,0,0,0.0,0.0,0,0,0.0,0.0,0.0,12.0,2225.196,-1,185.43,0,0.0,0.0,0,0,0,0.0,0.0,0.0,0,14747,0.0,0,0,4.14,0.0,0,0,92.0,2.0,10.76,2.454,2.093,west_south_central_naturalgas,0.3,0.0,1.0,1.0,0.0,0.0,0.0,0.106666667,0.213333333,0.0,0.0,0,0,0,0.0,0,0.0,0.0,0.0,0.0,0.0,0.64,0.64,6,6,0.0,0.0,0,0,0,0,0.0,0.0,0.0,0.0,0,0,0,0,0,0,0,0,0,0,0,0,0.0,0.0,0,0,0,0,0,0,0,0,0,0,0,0.93,0,0.0,0.0,0,0.0,0,0,0.0,0,0,0,0,0.0,0,23.0,0.0,0.0,0.0,0.0,50.0,0,0,14747,0
MISS_natural_gas_fired_combustion_turbine_1,MISS,Natural Gas Fired Combustion Turbine,1,130,8,0,1,0,0,0,0,0,0,0.0,0.0,0,0,0.0,1.0,0.0,47.0,4345.808,-1,92.46,0,0.0,0.0,0,0,0,0.0,0.0,0.0,0,10169,0.0,0,0,6.8,0.0,0,0,119.0,3.5,11.15,2.562,1.878,west_south_central_naturalgas,0.3,0.0,1.0,1.0,0.0,0.0,0.0,0.106666667,0.213333333,0.0,0.0,0,0,0,0.0,0,0.0,0.0,0.0,0.0,0.0,3.78,3.78,1,1,0.0,0.0,0,0,0,0,0.0,0.0,0.0,0.0,0,0,0,0,0,0,0,0,0,0,0,0,0.0,0.0,0,0,0,0,0,0,0,0,0,0,0,0.93,0,0.0,0.0,0,0.0,0,0,0.0,0,0,0,0,0.0,0,0.0,0.0,0.0,0.0,0.0,50.0,0,0,10169,0
MISS_natural_gas_fired_combustion_turbine_2,MISS,Natural Gas Fired Combustion Turbine,2,131,8,0,1,0,0,0,0,0,0,0.0,0.0,0,0,0.0,0.0,0.0,36.0,912.492,-1,25.35,0,0.0,0.0,0,0,0,0.0,0.0,0.0,0,13412,0.0,0,0,6.8,0.0,0,0,119.0,3.5,10.85,2.347,1.672,west_south_central_naturalgas,0.3,0.0,1.0,1.0,0.0,0.0,0.0,0.106666667,0.213333333,0.0,0.0,0,0,0,0.0,0,0.0,0.0,0.0,0.0,0.0,3.78,3.78,1,1,0.0,0.0,0,0,0,0,0.0,0.0,0.0,0.0,0,0,0,0,0,0,0,0,0,0,0,0,0.0,0.0,0,0,0,0,0,0,0,0,0,0,0,0.93,0,0.0,0.0,0,0.0,0,0,0.0,0,0,0,0,0.0,0,59.7,0.0,0.0,0.0,0.0,50.0,0,0,13412,0
MISS_natural_gas_internal_combustion_engine_1,MISS,Natural Gas Internal Combustion Engine,1,132,8,0,1,0,0,0,0,0,0,0.0,0.0,0,0,0.0,0.0,0.0,31.0,107.787,-1,3.48,0,0.0,0.0,0,0,0,0.0,0.0,0.0,0,24000,0.0,0,0,5.79,0.0,0,0,38.0,0.0,8.74,0.912,0.477,west_south_central_naturalgas,0.18,0.0,1.0,1.0,0.0,0.0,0.0,0.106666667,0.213333333,0.0,0.0,0,0,0,0.0,0,0.0,0.0,0.0,0.0,0.0,3.78,3.78,1,1,0.0,0.0,0,0,0,0,0.0,0.0,0.0,0.0,0,0,0,0,0,0,0,0,0,0,0,0,0.0,0.0,0,0,0,0,0,0,0,0,0,0,0,0.93,0,0.0,0.0,0,0.0,0,0,0.0,0,0,0,0,0.0,0,0.0,0.0,0.0,0.0,0.0,50.0,0,0,24000,0
MISS_natural_gas_steam_turbine_1,MISS,Natural Gas Steam Turbine,1,133,8,0,1,0,0,0,0,0,0,0.0,0.0,0,0,0.0,0.0,0.0,5.0,46.2,-1,9.24,0,0.0,0.0,0,0,0,0.0,0.0,0.0,0,51303,0.0,0,0,1.06,0.0,0,0,87.0,13.7,12.14,3.449,1.991,west_south_central_naturalgas,0.5,0.0,1.0,1.0,0.0,0.0,0.0,0.63,1.26,0.0,0.0,0,0,0,0.0,0,0.0,0.0,0.0,0.0,0.0,0.64,0.64,6,6,0.0,0.0,0,0,0,0,0.0,0.0,0.0,0.0,0,0,0,0,0,0,0,0,0,0,0,0,0.0,0.0,0,0,0,0,0,0,0,0,0,0,0,0.93,0,0.0,0.0,0,0.0,0,0,0.0,0,0,0,0,0.0,0,8.0,0.0,0.0,0.0,0.0,50.0,0,0,51303,0
MISS_natural_gas_steam_turbine_2,MISS,Natural Gas Steam Turbine,2,134,8,0,1,0,0,0,0,0,0,0.0,0.0,0,0,0.0,0.0,0.0,0.0,0.0,-1,1.0,0,0.0,0.0,0,0,0,0.0,0.0,0.0,0,31063,0.0,0,0,1.06,0.0,0,0,87.0,13.7,13.42,1.046,4.936,west_south_central_naturalgas,0.5,0.0,1.0,1.0,0.0,0.0,0.0,0.63,1.26,0.0,0.0,0,0,0,0.0,0,0.0,0.0,0.0,0.0,0.0,0.64,0.64,6,6,0.0,0.0,0,0,0,0,0.0,0.0,0.0,0.0,0,0,0,0,0,0,0,0,0,0,0,0,0.0,0.0,0,0,0,0,0,0,0,0,0,0,0,0.93,0,0.0,0.0,0,0.0,0,0,0.0,0,0,0,0,0.0,0,3312.2,0.0,0.0,0.0,0.0,50.0,0,0,31063,0
MISS_nuclear_1,MISS,Nuclear,1,135,8,0,1,0,0,0,0,0,0,0.0,0.0,0,0,0.0,5425.0,0.0,5.0,5426.0,-1,1085.2,0,0.0,0.0,0,0,0,0.0,0.0,0.0,0,247188,0.0,0,0,2.47,0.0,0,0,248.0,0.0,10.45,0.0,0.0,west_south_central_uranium,0.5,0.0,1.0,1.0,0.0,0.0,0.0,0.041666667,0.083333333,0.0,0.0,0,0,0,0.0,0,0.0,0.0,0.0,0.0,0.0,0.25,0.25,24,24,0.0,0.0,0,0,0,0,0.0,0.0,0.0,0.0,0,0,0,0,0,0,0,0,0,0,0,0,0.0,0.0,0,0,0,0,0,0,0,0,0,0,0,0.93,0,0.0,0.0,0,0.0,0,0,0.0,0,0,0,0,0.0,1,0.0,0.0,0.0,0.0,0.0,50.0,0,0,247188,0
MISS_onshore_wind_turbine_1,MISS,Onshore Wind Turbine,1,136,8,1,0,1,0,0,0,0,0,0.0,0.0,0,0,0.0,184.0,0.0,1.0,184.5,-1,184.5,0,0.0,0.0,0,0,0,0.0,0.0,0.0,0,30300,0.0,0,0,0.0,0.0,0,0,0.0,0.0,9.21,0.0,0.0,None,0.0,0.0,1.0,1.0,0.0,0.0,0.0,0.0,0.0,0.0,0.0,0,0,0,0.0,0,0.0,0.0,0.0,0.0,0.0,1.0,1.0,0,0,0.0,0.0,0,0,0,0,0.0,0.0,0.0,0.2385993510928962,0,0,0,0,0,0,0,0,0,0,0,0,0.0,0.0,0,0,0,0,0,0,0,1,0,0,0,0.8,0,0.0,0.0,0,0.0,0,1,0.0,0,0,0,0,0.0,1,0.0,0.0,0.0,0.0,0.0,50.0,0,0,30300,0
MISS_petroleum_liquids_1,MISS,Petroleum Liquids,1,137,8,0,1,0,0,0,0,0,0,0.0,0.0,0,0,0.0,0.0,0.0,3.0,39.3,-1,13.1,0,0.0,0.0,0,0,0,0.0,0.0,0.0,0,24000,0.0,0,0,9.05,0.0,0,0,38.0,0.0,13.65,6.99,3.208,west_south_central_distillate,0.18,0.0,1.0,1.0,0.0,0.0,0.0,0.0,0.0,0.0,0.0,0,0,0,0.0,0,0.0,0.0,0.0,0.0,0.0,3.78,3.78,1,1,0.0,0.0,0,0,0,0,0.0,0.0,0.0,0.0,0,0,0,0,0,0,0,0,0,0,0,0,0.0,0.0,0,0,0,0,0,0,0,0,0,0,0,0.93,0,0.0,0.0,0,0.0,0,0,0.0,0,0,0,0,0.0,0,1.6,0.0,0.0,0.0,0.0,50.0,0,0,24000,0
MISS_small_hydroelectric_1,MISS,Small Hydroelectric,1,138,8,0,0,0,1,0,0,0,0,0.0,0.0,0,0,0.0,3.0,0.0,14.0,62.706,-1,0.19,0,0.0,0.0,0,0,0,0.0,0.0,0.0,0,47048,0.0,0,0,0.0,0.0,0,0,0.0,0.0,8.84,0.0,0.0,None,0.222,0.0,1.0,1.0,0.0,0.0,0.0,0.0,0.0,0.0,0.0,0,0,0,0.0,0,0.0,0.0,0.0,0.0,0.0,1.0,1.0,0,0,0.0,0.0,0,0,0,0,0.0,0.0,0.0,0.2655068194467443,0,0,0,0,0,0,0,0,0,0,0,0,0.0,0.0,0,0,0,0,0,0,0,0,0,0,0,0.8,0,0.0,0.0,0,0.0,0,1,0.0,0,0,0,0,0.0,1,0.0,0.0,0.0,0.0,0.0,50.0,0,0,47048,0
MISS_solar_photovoltaic_1,MISS,Solar Photovoltaic,1,139,8,1,0,1,0,0,0,0,0,0.0,0.0,0,0,0.0,2208.0,0.0,37.0,2207.901,-1,59.67,0,0.0,0.0,0,0,0,0.0,0.0,0.0,0,22528,0.0,0,0,0.0,0.0,0,0,0.0,0.0,9.18,0.0,0.102,None,0.0,0.0,1.0,1.0,0.0,0.0,0.0,0.0,0.0,0.0,0.0,0,0,0,0.0,0,0.0,0.0,0.0,0.0,0.0,1.0,1.0,0,0,0.0,0.0,0,0,0,0,0.0,0.0,0.0,0.2471633296804596,0,0,0,0,0,0,0,0,0,0,0,0,0.0,0.0,0,0,0,0,0,0,0,1,0,0,0,0.8,0,0.0,0.0,0,0.0,0,1,0.0,0,0,0,0,0.0,1,0.0,0.0,0.0,0.0,0.0,50.0,0,0,22528,0
MISW_batteries_1,MISW,Batteries,1,140,9,0,0,0,0,1,0,0,0,0.0,0.0,0,0,63.0,31.0,0.0,7.0,14.798,-1,2.11,0,0.0,0.0,0,0,0,0.0,0.0,0.0,0,7476,0.0,0,0,0.15,0.15,0,0,0.0,0.0,9.27,0.0,0.44,None,0.0,0.0,0.92,0.92,0.0,1.0,10.0,0.0,0.0,0.0,0.0,0,0,0,0.0,0,0.0,0.0,0.0,0.0,0.0,1.0,1.0,0,0,0.0,0.0,0,0,0,0,0.0,0.0,0.0,0.0,0,0,0,0,0,0,0,0,0,0,0,0,0.0,0.0,0,0,0,0,0,0,0,0,0,0,0,0.95,0,0.0,0.0,0,0.0,0,0,0.0,0,0,0,0,0.0,0,16.4,34.6,0.0,0.0,0.0,50.0,0,0,7476,0
MISW_biomass_1,MISW,Biomass,1,141,9,0,0,0,1,0,0,0,0,0.0,0.0,0,0,0.0,130.0,0.0,90.0,271.53,-1,0.66,0,0.0,0.0,0,0,0,0.0,0.0,0.0,0,157220,0.0,0,0,3.59,0.0,0,0,172.0,0.0,9.61,2.999,1.534,waste_biomass,0.222,0.0,1.0,1.0,0.0,0.0,0.0,0.0,0.0,0.0,0.0,0,0,0,0.0,0,0.0,0.0,0.0,0.0,0.0,1.0,1.0,0,0,0.0,0.0,0,0,0,0,0.0,0.0,0.0,0.0,0,0,0,0,0,0,0,0,0,0,0,0,0.0,0.0,0,0,0,0,0,0,0,0,0,0,0,0.93,0,0.0,0.0,0,0.0,0,1,0.0,0,0,0,0,0.0,1,87.4,0.0,0.0,0.0,0.0,50.0,0,0,157220,0
MISW_biomass_2,MISW,Biomass,2,142,9,0,0,0,1,0,0,0,0,0.0,0.0,0,0,0.0,51.0,0.0,7.0,46.403,-1,1.46,0,0.0,0.0,0,0,0,0.0,0.0,0.0,0,157220,0.0,0,0,6.52,0.0,0,0,172.0,0.0,17.45,2.547,1.458,waste_biomass,0.42,0.0,1.0,1.0,0.0,0.0,0.0,0.0,0.0,0.0,0.0,0,0,0,0.0,0,0.0,0.0,0.0,0.0,0.0,1.0,1.0,0,0,0.0,0.0,0,0,0,0,0.0,0.0,0.0,0.0,0,0,0,0,0,0,0,0,0,0,0,0,0.0,0.0,0,0,0,0,0,0,0,0,0,0,0,0.93,0,0.0,0.0,0,0.0,0,1,0.0,0,0,0,0,0.0,1,0.0,0.0,0.0,0.0,0.0,50.0,0,0,157220,0
MISW_conventional_hydroelectric_1,MISW,Conventional Hydroelectric,1,143,9,0,0,0,0,0,0,1,0,0.0,0.0,0,0,0.0,206.0,0.0,14.0,98.0,-1,7.0,0,0.0,0.0,0,0,0,0.0,0.0,0.0,0,47048,0.0,0,0,0.0,0.0,0,0,0.0,0.0,8.89,0.367,0.186,None,0.16,0.0,1.0,1.0,1.0,0.0,0.0,0.0,0.0,0.0,0.0,0,0,0,0.0,0,0.0,0.0,0.0,0.0,0.0,1.0,1.0,0,0,0.0,0.0,0,0,0,0,0.0,0.0,0.0,0.3403755268321025,0,0,0,0,0,0,0,0,0,0,0,0,0.0,0.0,0,0,0,0,0,0,0,0,0,0,0,0.8,0,0.0,0.0,0,0.0,0,0,0.0,0,0,0,0,0.0,1,1.0,0.0,0.0,0.0,0.0,50.0,0,0,47048,0
MISW_conventional_steam_coal_1,MISW,Conventional Steam Coal,1,144,9,0,1,0,0,0,0,0,0,0.0,0.0,0,0,0.0,0.0,0.0,30.0,10569.09,-1,352.3,0,0.0,0.0,0,0,0,0.0,0.0,0.0,0,65155,0.0,0,0,1.88,0.0,0,0,124.0,16.5,10.62,1.611,1.22,east_north_central_coal,0.5,0.0,1.0,1.0,0.0,0.0,0.0,0.095,0.19,0.0,0.0,0,0,0,0.0,0,0.0,0.0,0.0,0.0,0.0,0.57,0.57,24,24,0.0,0.0,0,0,0,0,0.0,0.0,0.0,0.0,0,0,0,0,0,0,0,0,0,0,0,0,0.0,0.0,0,0,0,0,0,0,0,0,0,0,0,0.93,0,0.0,0.0,0,0.0,0,0,0.0,0,0,0,0,0.0,0,1342.5,0.0,0.0,0.0,0.0,50.0,0,0,65155,0
MISW_conventional_steam_coal_2,MISW,Conventional Steam Coal,2,145,9,0,1,0,0,0,0,0,0,0.0,0.0,0,0,0.0,0.0,0.0,2.0,330.9,-1,165.45,0,0.0,0.0,0,0,0,0.0,0.0,0.0,0,75309,0.0,0,0,1.88,0.0,0,0,124.0,16.5,30.57,4.275,6.046,east_north_central_coal,0.5,0.0,1.0,1.0,0.0,0.0,0.0,0.095,0.19,0.0,0.0,0,0,0,0.0,0,0.0,0.0,0.0,0.0,0.0,0.57,0.57,24,24,0.0,0.0,0,0,0,0,0.0,0.0,0.0,0.0,0,0,0,0,0,0,0,0,0,0,0,0,0.0,0.0,0,0,0,0,0,0,0,0,0,0,0,0.93,0,0.0,0.0,0,0.0,0,0,0.0,0,0,0,0,0.0,0,0.0,0.0,0.0,0.0,0.0,50.0,0,0,75309,0
MISW_natural_gas_fired_combined_cycle_1,MISW,Natural Gas Fired Combined Cycle,1,146,9,0,1,0,0,0,0,0,0,0.0,0.0,0,0,0.0,1110.0,0.0,8.0,1110.096,-1,138.76,0,0.0,0.0,0,0,0,0.0,0.0,0.0,0,16492,0.0,0,0,4.55,0.0,0,0,92.0,2.0,8.74,0.923,2.224,east_north_central_naturalgas,0.3,0.0,1.0,1.0,0.0,0.0,0.0,0.106666667,0.213333333,0.0,0.0,0,0,0,0.0,0,0.0,0.0,0.0,0.0,0.0,0.64,0.64,6,6,0.0,0.0,0,0,0,0,0.0,0.0,0.0,0.0,0,0,0,0,0,0,0,0,0,0,0,0,0.0,0.0,0,0,0,0,0,0,0,0,0,0,0,0.93,0,0.0,0.0,0,0.0,0,0,0.0,0,0,0,0,0.0,0,298.0,0.0,0.0,0.0,0.0,50.0,0,0,16492,0
MISW_natural_gas_fired_combined_cycle_2,MISW,Natural Gas Fired Combined Cycle,2,147,9,0,1,0,0,0,0,0,0,0.0,0.0,0,0,0.0,7024.0,0.0,12.0,7024.596,-1,585.38,0,0.0,0.0,0,0,0,0.0,0.0,0.0,0,10279,0.0,0,0,3.6,0.0,0,0,92.0,2.0,7.33,0.763,0.887,east_north_central_naturalgas,0.3,0.0,1.0,1.0,0.0,0.0,0.0,0.106666667,0.213333333,0.0,0.0,0,0,0,0.0,0,0.0,0.0,0.0,0.0,0.0,0.64,0.64,6,6,0.0,0.0,0,0,0,0,0.0,0.0,0.0,0.0,0,0,0,0,0,0,0,0,0,0,0,0,0.0,0.0,0,0,0,0,0,0,0,0,0,0,0,0.93,0,0.0,0.0,0,0.0,0,0,0.0,0,0,0,0,0.0,0,0.0,0.0,0.0,0.0,0.0,50.0,0,0,10279,0
MISW_natural_gas_fired_combustion_turbine_1,MISW,Natural Gas Fired Combustion Turbine,1,148,9,0,1,0,0,0,0,0,0,0.0,0.0,0,0,0.0,795.0,0.0,3.0,316.101,-1,105.37,0,0.0,0.0,0,0,0,0.0,0.0,0.0,0,11119,0.0,0,0,6.8,0.0,0,0,119.0,3.5,20.87,2.196,2.572,east_north_central_naturalgas,0.3,0.0,1.0,1.0,0.0,0.0,0.0,0.106666667,0.213333333,0.0,0.0,0,0,0,0.0,0,0.0,0.0,0.0,0.0,0.0,3.78,3.78,1,1,0.0,0.0,0,0,0,0,0.0,0.0,0.0,0.0,0,0,0,0,0,0,0,0,0,0,0,0,0.0,0.0,0,0,0,0,0,0,0,0,0,0,0,0.93,0,0.0,0.0,0,0.0,0,0,0.0,0,0,0,0,0.0,0,0.0,0.0,0.0,0.0,0.0,50.0,0,0,11119,0
MISW_natural_gas_fired_combustion_turbine_2,MISW,Natural Gas Fired Combustion Turbine,2,149,9,0,1,0,0,0,0,0,0,0.0,0.0,0,0,0.0,5816.0,0.0,43.0,5485.811,-1,127.58,0,0.0,0.0,0,0,0,0.0,0.0,0.0,0,9563,0.0,0,0,6.8,0.0,0,0,119.0,3.5,12.19,2.133,2.002,east_north_central_naturalgas,0.3,0.0,1.0,1.0,0.0,0.0,0.0,0.106666667,0.213333333,0.0,0.0,0,0,0,0.0,0,0.0,0.0,0.0,0.0,0.0,3.78,3.78,1,1,0.0,0.0,0,0,0,0,0.0,0.0,0.0,0.0,0,0,0,0,0,0,0,0,0,0,0,0,0.0,0.0,0,0,0,0,0,0,0,0,0,0,0,0.93,0,0.0,0.0,0,0.0,0,0,0.0,0,0,0,0,0.0,0,0.0,0.0,0.0,0.0,0.0,50.0,0,0,9563,0
MISW_natural_gas_fired_combustion_turbine_3,MISW,Natural Gas Fired Combustion Turbine,3,150,9,0,1,0,0,0,0,0,0,0.0,0.0,0,0,0.0,1.0,0.0,19.0,598.291,-1,31.49,0,0.0,0.0,0,0,0,0.0,0.0,0.0,0,13412,0.0,0,0,6.8,0.0,0,0,119.0,3.5,11.87,2.366,1.645,east_north_central_naturalgas,0.3,0.0,1.0,1.0,0.0,0.0,0.0,0.106666667,0.213333333,0.0,0.0,0,0,0,0.0,0,0.0,0.0,0.0,0.0,0.0,3.78,3.78,1,1,0.0,0.0,0,0,0,0,0.0,0.0,0.0,0.0,0,0,0,0,0,0,0,0,0,0,0,0,0.0,0.0,0,0,0,0,0,0,0,0,0,0,0,0.93,0,0.0,0.0,0,0.0,0,0,0.0,0,0,0,0,0.0,0,16.6,0.0,0.0,0.0,0.0,50.0,0,0,13412,0
MISW_natural_gas_internal_combustion_engine_1,MISW,Natural Gas Internal Combustion Engine,1,151,9,0,1,0,0,0,0,0,0,0.0,0.0,0,0,0.0,0.0,0.0,66.0,685.014,-1,10.38,0,0.0,0.0,0,0,0,0.0,0.0,0.0,0,24000,0.0,0,0,5.92,0.0,0,0,38.0,0.0,8.94,1.53,3.446,east_north_central_naturalgas,0.18,0.0,1.0,1.0,0.0,0.0,0.0,0.106666667,0.213333333,0.0,0.0,0,0,0,0.0,0,0.0,0.0,0.0,0.0,0.0,3.78,3.78,1,1,0.0,0.0,0,0,0,0,0.0,0.0,0.0,0.0,0,0,0,0,0,0,0,0,0,0,0,0,0.0,0.0,0,0,0,0,0,0,0,0,0,0,0,0.93,0,0.0,0.0,0,0.0,0,0,0.0,0,0,0,0,0.0,0,51.2,0.0,0.0,0.0,0.0,50.0,0,0,24000,0
MISW_natural_gas_steam_turbine_1,MISW,Natural Gas Steam Turbine,1,152,9,0,1,0,0,0,0,0,0,0.0,0.0,0,0,0.0,0.0,0.0,8.0,48.0,-1,6.0,0,0.0,0.0,0,0,0,0.0,0.0,0.0,0,51303,0.0,0,0,1.06,0.0,0,0,87.0,13.7,9.21,4.154,5.355,east_north_central_naturalgas,0.5,0.0,1.0,1.0,0.0,0.0,0.0,0.63,1.26,0.0,0.0,0,0,0,0.0,0,0.0,0.0,0.0,0.0,0.0,0.64,0.64,6,6,0.0,0.0,0,0,0,0,0.0,0.0,0.0,0.0,0,0,0,0,0,0,0,0,0,0,0,0,0.0,0.0,0,0,0,0,0,0,0,0,0,0,0,0.93,0,0.0,0.0,0,0.0,0,0,0.0,0,0,0,0,0.0,0,63.4,0.0,0.0,0.0,0.0,50.0,0,0,51303,0
MISW_nuclear_1,MISW,Nuclear,1,153,9,0,1,0,0,0,0,0,0,0.0,0.0,0,0,0.0,2928.0,0.0,5.0,2928.1,-1,585.62,0,0.0,0.0,0,0,0,0.0,0.0,0.0,0,226520,0.0,0,0,2.47,0.0,0,0,248.0,0.0,10.45,0.0,0.0,east_north_central_uranium,0.5,0.0,1.0,1.0,0.0,0.0,0.0,0.041666667,0.083333333,0.0,0.0,0,0,0,0.0,0,0.0,0.0,0.0,0.0,0.0,0.25,0.25,24,24,0.0,0.0,0,0,0,0,0.0,0.0,0.0,0.0,0,0,0,0,0,0,0,0,0,0,0,0,0.0,0.0,0,0,0,0,0,0,0,0,0,0,0,0.93,0,0.0,0.0,0,0.0,0,0,0.0,0,0,0,0,0.0,1,0.0,0.0,0.0,0.0,0.0,50.0,0,0,226520,0
MISW_onshore_wind_turbine_1,MISW,Onshore Wind Turbine,1,154,9,1,0,1,0,0,0,0,0,0.0,0.0,0,0,0.0,23791.0,0.0,278.0,22368.436,-1,80.46,0,0.0,0.0,0,0,0,0.0,0.0,0.0,0,30300,0.0,0,0,0.0,0.0,0,0,0.0,0.0,9.01,0.0,0.151,None,0.0,0.0,1.0,1.0,0.0,0.0,0.0,0.0,0.0,0.0,0.0,0,0,0,0.0,0,0.0,0.0,0.0,0.0,0.0,1.0,1.0,0,0,0.0,0.0,0,0,0,0,0.0,0.0,0.0,0.3125134160205605,0,0,0,0,0,0,0,0,0,0,0,0,0.0,0.0,0,0,0,0,0,0,0,1,0,0,0,0.8,0,0.0,0.0,0,0.0,0,1,0.0,0,0,0,0,0.0,1,952.6,0.0,0.0,0.0,0.0,50.0,0,0,30300,0
MISW_petroleum_liquids_1,MISW,Petroleum Liquids,1,155,9,0,1,0,0,0,0,0,0,0.0,0.0,0,0,0.0,0.0,0.0,410.0,1029.51,-1,2.51,0,0.0,0.0,0,0,0,0.0,0.0,0.0,0,24000,0.0,0,0,7.86,0.0,0,0,38.0,0.0,11.87,2.232,4.178,east_north_central_distillate,0.18,0.0,1.0,1.0,0.0,0.0,0.0,0.0,0.0,0.0,0.0,0,0,0,0.0,0,0.0,0.0,0.0,0.0,0.0,3.78,3.78,1,1,0.0,0.0,0,0,0,0,0.0,0.0,0.0,0.0,0,0,0,0,0,0,0,0,0,0,0,0,0.0,0.0,0,0,0,0,0,0,0,0,0,0,0,0.93,0,0.0,0.0,0,0.0,0,0,0.0,0,0,0,0,0.0,0,176.7,0.0,0.0,0.0,0.0,50.0,0,0,24000,0
MISW_small_hydroelectric_1,MISW,Small Hydroelectric,1,156,9,0,0,0,1,0,0,0,0,0.0,0.0,0,0,0.0,729.0,0.0,211.0,375.58,-1,2.0,0,0.0,0.0,0,0,0,0.0,0.0,0.0,0,47048,0.0,0,0,0.0,0.0,0,0,0.0,0.0,8.84,0.0,0.0,None,0.313,0.0,1.0,1.0,0.0,0.0,0.0,0.0,0.0,0.0,0.0,0,0,0,0.0,0,0.0,0.0,0.0,0.0,0.0,1.0,1.0,0,0,0.0,0.0,0,0,0,0,0.0,0.0,0.0,0.3403755268321025,0,0,0,0,0,0,0,0,0,0,0,0,0.0,0.0,0,0,0,0,0,0,0,0,0,0,0,0.8,0,0.0,0.0,0,0.0,0,1,0.0,0,0,0,0,0.0,1,20.1,0.0,0.0,0.0,0.0,50.0,0,0,47048,0
MISW_solar_photovoltaic_1,MISW,Solar Photovoltaic,1,157,9,1,0,1,0,0,0,0,0,0.0,0.0,0,0,0.0,3131.0,0.0,759.0,3131.634,-1,4.13,0,0.0,0.0,0,0,0,0.0,0.0,0.0,0,22528,0.0,0,0,0.0,0.0,0,0,0.0,0.0,9.16,0.0,0.137,None,0.0,0.0,1.0,1.0,0.0,0.0,0.0,0.0,0.0,0.0,0.0,0,0,0,0.0,0,0.0,0.0,0.0,0.0,0.0,1.0,1.0,0,0,0.0,0.0,0,0,0,0,0.0,0.0,0.0,0.2452537306694199,0,0,0,0,0,0,0,0,0,0,0,0,0.0,0.0,0,0,0,0,0,0,0,1,0,0,0,0.8,0,0.0,0.0,0,0.0,0,1,0.0,0,0,0,0,0.0,1,0.0,0.0,0.0,0.0,0.0,50.0,0,0,22528,0
NWPP_batteries_1,NWPP,Batteries,1,158,10,0,0,0,0,1,0,0,0,0.0,0.0,0,0,343.0,141.0,0.0,6.0,130.998,-1,21.83,0,0.0,0.0,0,0,0,0.0,0.0,0.0,0,7476,0.0,0,0,0.15,0.15,0,0,0.0,0.0,9.21,1.13,0.57,None,0.0,0.0,0.92,0.92,0.0,1.0,10.0,0.0,0.0,0.0,0.0,0,0,0,0.0,0,0.0,0.0,0.0,0.0,0.0,1.0,1.0,0,0,0.0,0.0,0,0,0,0,0.0,0.0,0.0,0.0,0,0,0,0,0,0,0,0,0,0,0,0,0.0,0.0,0,0,0,0,0,0,0,0,0,0,0,0.0,0,0.0,0.0,0,0.0,0,0,0.95,0,0,0,0,0.0,0,4.0,10.0,0.0,0.0,0.0,50.0,0,0,7476,0
NWPP_biomass_1,NWPP,Biomass,1,159,10,0,0,0,1,0,0,0,0,0.0,0.0,0,0,0.0,61.0,0.0,5.0,116.7,-1,6.28,0,0.0,0.0,0,0,0,0.0,0.0,0.0,0,157220,0.0,0,0,10.28,0.0,0,0,172.0,0.0,27.55,4.1,5.614,waste_biomass,0.356,0.0,1.0,1.0,0.0,0.0,0.0,0.0,0.0,0.0,0.0,0,0,0,0.0,0,0.0,0.0,0.0,0.0,0.0,1.0,1.0,0,0,0.0,0.0,0,0,0,0,0.0,0.0,0.0,0.0,0,0,0,0,0,0,0,0,0,0,0,0,0.0,0.0,0,0,0,0,0,1,0,0,0,0,0,0.0,0,0.0,0.0,0,0.0,0,0,0.93,0,0,0,1,0.0,0,45.2,0.0,0.0,0.0,0.0,50.0,0,0,157220,0
NWPP_biomass_2,NWPP,Biomass,2,160,10,0,0,0,1,0,0,0,0,0.0,0.0,0,0,0.0,132.0,0.0,68.0,159.732,-1,0.63,0,0.0,0.0,0,0,0,0.0,0.0,0.0,0,157220,0.0,0,0,3.96,0.0,0,0,172.0,0.0,10.62,2.782,2.048,waste_biomass,0.255,0.0,1.0,1.0,0.0,0.0,0.0,0.0,0.0,0.0,0.0,0,0,0,0.0,0,0.0,0.0,0.0,0.0,0.0,1.0,1.0,0,0,0.0,0.0,0,0,0,0,0.0,0.0,0.0,0.0,0,0,0,0,0,0,0,0,0,0,0,0,0.0,0.0,0,0,0,0,0,1,0,0,0,0,0,0.0,0,0.0,0.0,0,0.0,0,0,0.93,0,0,0,1,0.0,0,87.4,0.0,0.0,0.0,0.0,50.0,0,0,157220,0
NWPP_conventional_hydroelectric_1,NWPP,Conventional Hydroelectric,1,161,10,0,0,0,0,0,0,1,0,0.0,0.0,0,0,0.0,32307.0,0.0,351.0,31407.48,-1,89.48,0,0.0,0.0,0,0,0,0.0,0.0,0.0,0,47048,0.0,0,0,0.0,0.0,0,0,0.0,0.0,8.85,0.0,0.086,None,0.284,0.0,1.0,1.0,2.013854648642014,0.0,0.0,0.0,0.0,0.0,0.0,0,0,0,0.0,0,0.0,0.0,0.0,0.0,0.0,1.0,1.0,0,0,0.0,0.0,0,0,0,0,0.0,0.0,0.0,0.5033635185689017,0,0,0,0,0,0,0,0,0,0,0,0,0.0,0.0,0,0,0,0,0,0,0,0,0,0,0,0.0,0,0.0,0.0,0,0.0,0,0,0.8,0,0,0,1,0.0,0,165.2,0.0,0.0,0.0,0.0,50.0,0,0,47048,0
NWPP_conventional_steam_coal_1,NWPP,Conventional Steam Coal,1,162,10,0,1,0,0,0,0,0,0,0.0,0.0,0,0,0.0,0.0,0.0,3.0,1481.499,-1,493.83,0,0.0,0.0,0,0,0,0.0,0.0,0.0,0,60222,0.0,0,0,1.88,0.0,0,0,124.0,16.5,10.33,0.398,0.651,pacific_coal,0.5,0.0,1.0,1.0,0.0,0.0,0.0,0.095,0.19,0.0,0.0,0,0,0,0.0,0,0.0,0.0,0.0,0.0,0.0,0.57,0.57,24,24,0.0,0.0,0,0,0,0,0.0,0.0,0.0,0.0,0,0,0,0,0,0,0,0,0,0,0,0,0.0,0.0,0,0,0,0,0,0,0,0,0,0,0,0.0,0,0.0,0.0,0,0.0,0,0,0.93,0,0,0,0,0.0,0,0.0,0.0,0.0,0.0,0.0,50.0,0,0,60222,0
NWPP_conventional_steam_coal_2,NWPP,Conventional Steam Coal,2,163,10,0,1,0,0,0,0,0,0,0.0,0.0,0,0,0.0,0.0,0.0,2.0,147.5,-1,73.75,0,0.0,0.0,0,0,0,0.0,0.0,0.0,0,74571,0.0,0,0,1.88,0.0,0,0,124.0,16.5,13.01,0.14,0.199,pacific_coal,0.5,0.0,1.0,1.0,0.0,0.0,0.0,0.095,0.19,0.0,0.0,0,0,0,0.0,0,0.0,0.0,0.0,0.0,0.0,0.57,0.57,24,24,0.0,0.0,0,0,0,0,0.0,0.0,0.0,0.0,0,0,0,0,0,0,0,0,0,0,0,0,0.0,0.0,0,0,0,0,0,0,0,0,0,0,0,0.0,0,0.0,0.0,0,0.0,0,0,0.93,0,0,0,0,0.0,0,0.0,0.0,0.0,0.0,0.0,50.0,0,0,74571,0
NWPP_geothermal_1,NWPP,Geothermal,1,164,10,0,1,0,0,0,0,0,0,0.0,0.0,0,0,0.0,22.0,0.0,4.0,30.8,-1,5.41,0,0.0,0.0,0,0,0,0.0,0.0,0.0,0,209101,0.0,0,0,0.0,0.0,0,0,0.0,0.0,8.87,0.092,0.183,None,0.049,0.0,1.0,1.0,0.0,0.0,0.0,0.0,0.0,0.0,0.0,0,0,0,0.0,0,0.0,0.0,0.0,0.0,0.0,1.0,1.0,0,0,0.0,0.0,0,0,0,0,0.0,0.0,0.0,0.0,0,0,0,0,0,0,0,0,0,0,0,0,0.0,0.0,0,0,0,0,0,1,0,0,0,0,0,0.0,0,0.0,0.0,0,0.0,0,0,0.93,0,0,0,1,0.0,0,0.0,0.0,0.0,0.0,0.0,50.0,0,0,209101,0
NWPP_hydroelectric_pumped_storage_1,NWPP,Hydroelectric Pumped Storage,1,165,10,0,0,0,0,1,0,0,0,0.0,0.0,0,0,4867.0,314.0,0.0,6.0,313.998,-1,52.33,0,0.0,0.0,0,0,0,0.0,0.0,0.0,0,47048,0.0,0,0,0.0,0.0,0,0,0.0,0.0,0.0,0.0,0.0,None,0.0,0.0,0.866,0.866,0.0,1.0,20.0,0.0,0.0,0.0,0.0,0,0,0,0.0,0,0.0,0.0,0.0,0.0,0.0,1.0,1.0,0,0,0.0,0.0,0,0,0,0,0.0,0.0,0.0,0.0,0,0,0,0,0,0,0,0,0,0,0,0,0.0,0.0,0,0,0,0,0,0,0,0,0,0,0,0.0,0,0.0,0.0,0,0.0,0,0,0.95,0,0,0,0,0.0,0,0.0,0.0,0.0,0.0,0.0,50.0,0,0,47048,0
NWPP_natural_gas_fired_combined_cycle_1,NWPP,Natural Gas Fired Combined Cycle,1,166,10,0,1,0,0,0,0,0,0,0.0,0.0,0,0,0.0,2899.0,0.0,4.0,2382.0,-1,595.5,0,0.0,0.0,0,0,0,0.0,0.0,0.0,0,9787,0.0,0,0,3.61,0.0,0,0,92.0,2.0,7.43,0.39,1.396,pacific_naturalgas,0.3,0.0,1.0,1.0,0.0,0.0,0.0,0.106666667,0.213333333,0.0,0.0,0,0,0,0.0,0,0.0,0.0,0.0,0.0,0.0,0.64,0.64,6,6,0.0,0.0,0,0,0,0,0.0,0.0,0.0,0.0,0,0,0,0,0,0,0,0,0,0,0,0,0.0,0.0,0,0,0,0,0,0,0,0,0,0,0,0.0,0,0.0,0.0,0,0.0,0,0,0.93,0,0,0,0,0.0,0,378.0,0.0,0.0,0.0,0.0,50.0,0,0,9787,0
NWPP_natural_gas_fired_combined_cycle_2,NWPP,Natural Gas Fired Combined Cycle,2,167,10,0,1,0,0,0,0,0,0,0.0,0.0,0,0,0.0,1166.0,0.0,17.0,4016.199,-1,236.25,0,0.0,0.0,0,0,0,0.0,0.0,0.0,0,16492,0.0,0,0,4.55,0.0,0,0,92.0,2.0,7.44,1.447,1.434,pacific_naturalgas,0.3,0.0,1.0,1.0,0.0,0.0,0.0,0.106666667,0.213333333,0.0,0.0,0,0,0,0.0,0,0.0,0.0,0.0,0.0,0.0,0.64,0.64,6,6,0.0,0.0,0,0,0,0,0.0,0.0,0.0,0.0,0,0,0,0,0,0,0,0,0,0,0,0,0.0,0.0,0,0,0,0,0,0,0,0,0,0,0,0.0,0,0.0,0.0,0,0.0,0,0,0.93,0,0,0,0,0.0,0,0.0,0.0,0.0,0.0,0.0,50.0,0,0,16492,0
NWPP_natural_gas_fired_combustion_turbine_1,NWPP,Natural Gas Fired Combustion Turbine,1,168,10,0,1,0,0,0,0,0,0,0.0,0.0,0,0,0.0,1.0,0.0,16.0,724.496,-1,45.28,0,0.0,0.0,0,0,0,0.0,0.0,0.0,0,10748,0.0,0,0,6.8,0.0,0,0,119.0,3.5,12.0,0.508,0.329,pacific_naturalgas,0.3,0.0,1.0,1.0,0.0,0.0,0.0,0.106666667,0.213333333,0.0,0.0,0,0,0,0.0,0,0.0,0.0,0.0,0.0,0.0,3.78,3.78,1,1,0.0,0.0,0,0,0,0,0.0,0.0,0.0,0.0,0,0,0,0,0,0,0,0,0,0,0,0,0.0,0.0,0,0,0,0,0,0,0,0,0,0,0,0.0,0,0.0,0.0,0,0.0,0,0,0.93,0,0,0,0,0.0,0,294.0,0.0,0.0,0.0,0.0,50.0,0,0,10748,0
NWPP_natural_gas_fired_combustion_turbine_2,NWPP,Natural Gas Fired Combustion Turbine,2,169,10,0,1,0,0,0,0,0,0,0.0,0.0,0,0,0.0,1.0,0.0,0.0,0.0,-1,1.0,0,0.0,0.0,0,0,0,0.0,0.0,0.0,0,10931,0.0,0,0,6.8,0.0,0,0,119.0,3.5,14.69,0.482,0.278,pacific_naturalgas,0.3,0.0,1.0,1.0,0.0,0.0,0.0,0.106666667,0.213333333,0.0,0.0,0,0,0,0.0,0,0.0,0.0,0.0,0.0,0.0,3.78,3.78,1,1,0.0,0.0,0,0,0,0,0.0,0.0,0.0,0.0,0,0,0,0,0,0,0,0,0,0,0,0,0.0,0.0,0,0,0,0,0,0,0,0,0,0,0,0.0,0,0.0,0.0,0,0.0,0,0,0.93,0,0,0,0,0.0,0,324.4,0.0,0.0,0.0,0.0,50.0,0,0,10931,0
NWPP_natural_gas_internal_combustion_engine_1,NWPP,Natural Gas Internal Combustion Engine,1,170,10,0,1,0,0,0,0,0,0,0.0,0.0,0,0,0.0,0.0,0.0,32.0,309.792,-1,9.68,0,0.0,0.0,0,0,0,0.0,0.0,0.0,0,24000,0.0,0,0,5.86,0.0,0,0,38.0,0.0,8.84,0.635,0.406,pacific_naturalgas,0.18,0.0,1.0,1.0,0.0,0.0,0.0,0.106666667,0.213333333,0.0,0.0,0,0,0,0.0,0,0.0,0.0,0.0,0.0,0.0,3.78,3.78,1,1,0.0,0.0,0,0,0,0,0.0,0.0,0.0,0.0,0,0,0,0,0,0,0,0,0,0,0,0,0.0,0.0,0,0,0,0,0,0,0,0,0,0,0,0.0,0,0.0,0.0,0,0.0,0,0,0.93,0,0,0,0,0.0,0,0.0,0.0,0.0,0.0,0.0,50.0,0,0,24000,0
NWPP_natural_gas_steam_turbine_1,NWPP,Natural Gas Steam Turbine,1,171,10,0,1,0,0,0,0,0,0,0.0,0.0,0,0,0.0,0.0,0.0,1.0,3.0,-1,3.0,0,0.0,0.0,0,0,0,0.0,0.0,0.0,0,51303,0.0,0,0,1.06,0.0,0,0,87.0,13.7,9.21,0.0,0.0,pacific_naturalgas,0.5,0.0,1.0,1.0,0.0,0.0,0.0,0.63,1.26,0.0,0.0,0,0,0,0.0,0,0.0,0.0,0.0,0.0,0.0,0.64,0.64,6,6,0.0,0.0,0,0,0,0,0.0,0.0,0.0,0.0,0,0,0,0,0,0,0,0,0,0,0,0,0.0,0.0,0,0,0,0,0,0,0,0,0,0,0,0.0,0,0.0,0.0,0,0.0,0,0,0.93,0,0,0,0,0.0,0,0.0,0.0,0.0,0.0,0.0,50.0,0,0,51303,0
NWPP_nuclear_1,NWPP,Nuclear,1,172,10,0,1,0,0,0,0,0,0,0.0,0.0,0,0,0.0,1172.0,0.0,1.0,1172.0,-1,1172.0,0,0.0,0.0,0,0,0,0.0,0.0,0.0,0,275171,0.0,0,0,2.47,0.0,0,0,248.0,0.0,10.45,0.0,0.0,pacific_uranium,0.5,0.0,1.0,1.0,0.0,0.0,0.0,0.041666667,0.083333333,0.0,0.0,0,0,0,0.0,0,0.0,0.0,0.0,0.0,0.0,0.25,0.25,24,24,0.0,0.0,0,0,0,0,0.0,0.0,0.0,0.0,0,0,0,0,0,0,0,0,0,0,0,0,0.0,0.0,0,0,0,0,0,0,0,0,0,0,0,0.0,0,0.0,0.0,0,0.0,0,0,0.93,0,0,0,1,0.0,0,0.0,0.0,0.0,0.0,0.0,50.0,0,0,275171,0
NWPP_onshore_wind_turbine_1,NWPP,Onshore Wind Turbine,1,173,10,1,0,1,0,0,0,0,0,0.0,0.0,0,0,0.0,8732.0,0.0,93.0,7830.786,-1,84.2,0,0.0,0.0,0,0,0,0.0,0.0,0.0,0,30300,0.0,0,0,0.0,0.0,0,0,0.0,0.0,8.92,0.0,0.145,None,0.0,0.0,1.0,1.0,0.0,0.0,0.0,0.0,0.0,0.0,0.0,0,0,0,0.0,0,0.0,0.0,0.0,0.0,0.0,1.0,1.0,0,0,0.0,0.0,0,0,0,0,0.0,0.0,0.0,0.2713609028551774,0,0,0,0,0,0,0,0,0,0,0,0,0.0,0.0,0,0,0,0,0,1,0,1,0,0,0,0.0,0,0.0,0.0,0,0.0,0,0,0.8,0,0,0,1,0.0,0,876.9,0.0,0.0,0.0,0.0,50.0,0,0,30300,0
NWPP_petroleum_liquids_1,NWPP,Petroleum Liquids,1,174,10,0,1,0,0,0,0,0,0,0.0,0.0,0,0,0.0,0.0,0.0,8.0,15.296,-1,1.91,0,0.0,0.0,0,0,0,0.0,0.0,0.0,0,24000,0.0,0,0,6.32,0.0,0,0,38.0,0.0,9.54,0.479,0.76,pacific_distillate,0.18,0.0,1.0,1.0,0.0,0.0,0.0,0.0,0.0,0.0,0.0,0,0,0,0.0,0,0.0,0.0,0.0,0.0,0.0,3.78,3.78,1,1,0.0,0.0,0,0,0,0,0.0,0.0,0.0,0.0,0,0,0,0,0,0,0,0,0,0,0,0,0.0,0.0,0,0,0,0,0,0,0,0,0,0,0,0.0,0,0.0,0.0,0,0.0,0,0,0.93,0,0,0,0,0.0,0,6.0,0.0,0.0,0.0,0.0,50.0,0,0,24000,0
NWPP_small_hydroelectric_1,NWPP,Small Hydroelectric,1,175,10,0,0,0,1,0,0,0,0,0.0,0.0,0,0,0.0,536.0,0.0,123.0,685.848,-1,3.36,0,0.0,0.0,0,0,0,0.0,0.0,0.0,0,47048,0.0,0,0,0.0,0.0,0,0,0.0,0.0,8.84,0.0,0.0,None,0.304,0.0,1.0,1.0,0.0,0.0,0.0,0.0,0.0,0.0,0.0,0,0,0,0.0,0,0.0,0.0,0.0,0.0,0.0,1.0,1.0,0,0,0.0,0.0,0,0,0,0,0.0,0.0,0.0,0.5033635185689017,0,0,0,0,0,0,0,0,0,0,0,0,0.0,0.0,0,0,0,0,0,1,0,0,0,0,0,0.0,0,0.0,0.0,0,0.0,0,0,0.8,0,0,0,1,0.0,0,7.7,0.0,0.0,0.0,0.0,50.0,0,0,47048,0
NWPP_solar_photovoltaic_1,NWPP,Solar Photovoltaic,1,176,10,1,0,1,0,0,0,0,0,0.0,0.0,0,0,0.0,1628.0,0.0,136.0,1628.6,-1,11.98,0,0.0,0.0,0,0,0,0.0,0.0,0.0,0,22528,0.0,0,0,0.0,0.0,0,0,0.0,0.0,9.18,0.0,0.133,None,0.0,0.0,1.0,1.0,0.0,0.0,0.0,0.0,0.0,0.0,0.0,0,0,0,0.0,0,0.0,0.0,0.0,0.0,0.0,1.0,1.0,0,0,0.0,0.0,0,0,0,0,0.0,0.0,0.0,0.2433019958306205,0,0,0,0,0,0,0,0,0,0,0,0,0.0,0.0,0,0,0,0,0,1,0,1,0,0,0,0.0,0,0.0,0.0,0,0.0,0,0,0.8,0,0,0,1,0.0,0,0.0,0.0,0.0,0.0,0.0,50.0,0,0,22528,0
NYCW_batteries_1,NYCW,Batteries,1,177,11,0,0,0,0,1,0,0,0,0.0,0.0,0,0,120.0,27.0,0.0,3.0,14.199,-1,4.73,0,0.0,0.0,0,0,0,0.0,0.0,0.0,0,7476,0.0,0,0,0.15,0.15,0,0,0.0,0.0,9.21,0.0,0.0,None,0.0,0.0,0.92,0.92,0.0,1.0,10.0,0.0,0.0,0.0,0.0,0,0,0,0.0,0,0.0,0.0,0.0,0.0,0.0,1.0,1.0,0,0,0.0,0.0,0,0,0,0,0.0,0.0,0.0,0.0,0,0,0,0,0,0,0,0,0,0,0,0,0.0,0.95,0,0,0,0,0,0,0,0,0,0,0,0.0,0,0.0,0.0,0,0.0,0,0,0.0,0,0,0,0,0.0,0,10.0,80.0,0.0,0.0,0.0,50.0,0,0,7476,0
NYCW_biomass_1,NYCW,Biomass,1,178,11,0,0,0,1,0,0,0,0,0.0,0.0,0,0,0.0,11.0,0.0,0.0,0.0,-1,1.0,0,0.0,0.0,0,0,0,0.0,0.0,0.0,0,157220,0.0,0,0,8.96,0.0,0,0,172.0,0.0,24.01,3.155,4.462,waste_biomass,0.0,0.0,1.0,1.0,0.0,0.0,0.0,0.0,0.0,0.0,0.0,0,0,0,0.0,0,0.0,0.0,0.0,0.0,0.0,1.0,1.0,0,0,0.0,0.0,0,0,0,0,0.0,0.0,0.0,0.0,0,0,0,0,0,0,0,0,0,0,1,0,0.0,0.93,0,0,0,0,0,0,0,0,0,0,0,0.0,0,0.0,0.0,0,0.0,0,0,0.0,0,1,0,0,0.0,0,0.0,0.0,0.0,0.0,0.0,50.0,0,0,157220,0
NYCW_biomass_2,NYCW,Biomass,2,179,11,0,0,0,1,0,0,0,0,0.0,0.0,0,0,0.0,42.0,0.0,1.0,3.0,-1,1.25,0,0.0,0.0,0,0,0,0.0,0.0,0.0,0,157220,0.0,0,0,3.44,0.0,0,0,172.0,0.0,9.21,4.179,4.678,waste_biomass,0.0,0.0,1.0,1.0,0.0,0.0,0.0,0.0,0.0,0.0,0.0,0,0,0,0.0,0,0.0,0.0,0.0,0.0,0.0,1.0,1.0,0,0,0.0,0.0,0,0,0,0,0.0,0.0,0.0,0.0,0,0,0,0,0,0,0,0,0,0,1,0,0.0,0.93,0,0,0,0,0,0,0,0,0,0,0,0.0,0,0.0,0.0,0,0.0,0,0,0.0,0,1,0,0,0.0,0,24.5,0.0,0.0,0.0,0.0,50.0,0,0,157220,0
NYCW_natural_gas_fired_combined_cycle_1,NYCW,Natural Gas Fired Combined Cycle,1,180,11,0,1,0,0,0,0,0,0,0.0,0.0,0,0,0.0,1504.0,0.0,15.0,1504.605,-1,100.31,0,0.0,0.0,0,0,0,0.0,0.0,0.0,0,16492,0.0,0,0,4.55,0.0,0,0,92.0,2.0,7.86,1.527,1.317,middle_atlantic_naturalgas,0.3,0.0,1.0,1.0,0.0,0.0,0.0,0.106666667,0.213333333,0.0,0.0,0,0,0,0.0,0,0.0,0.0,0.0,0.0,0.0,0.64,0.64,6,6,0.0,0.0,0,0,0,0,0.0,0.0,0.0,0.0,0,0,0,0,0,0,0,0,0,0,0,0,0.0,0.93,0,0,0,0,0,0,0,0,0,0,0,0.0,0,0.0,0.0,0,0.0,0,0,0.0,0,0,0,0,0.0,0,0.0,0.0,0.0,0.0,0.0,50.0,0,0,16492,0
NYCW_natural_gas_fired_combined_cycle_2,NYCW,Natural Gas Fired Combined Cycle,2,181,11,0,1,0,0,0,0,0,0,0.0,0.0,0,0,0.0,2828.0,0.0,4.0,2828.4,-1,707.1,0,0.0,0.0,0,0,0,0.0,0.0,0.0,0,9787,0.0,0,0,3.61,0.0,0,0,92.0,2.0,8.18,0.645,0.95,middle_atlantic_naturalgas,0.3,0.0,1.0,1.0,0.0,0.0,0.0,0.106666667,0.213333333,0.0,0.0,0,0,0,0.0,0,0.0,0.0,0.0,0.0,0.0,0.64,0.64,6,6,0.0,0.0,0,0,0,0,0.0,0.0,0.0,0.0,0,0,0,0,0,0,0,0,0,0,0,0,0.0,0.93,0,0,0,0,0,0,0,0,0,0,0,0.0,0,0.0,0.0,0,0.0,0,0,0.0,0,0,0,0,0.0,0,0.0,0.0,0.0,0.0,0.0,50.0,0,0,9787,0
NYCW_natural_gas_fired_combustion_turbine_1,NYCW,Natural Gas Fired Combustion Turbine,1,182,11,0,1,0,0,0,0,0,0,0.0,0.0,0,0,0.0,1091.0,0.0,0.0,0.0,-1,1.0,0,0.0,0.0,0,0,0,0.0,0.0,0.0,0,9264,0.0,0,0,6.8,0.0,0,0,119.0,3.5,17.04,0.381,0.715,middle_atlantic_naturalgas,0.3,0.0,1.0,1.0,0.0,0.0,0.0,0.106666667,0.213333333,0.0,0.0,0,0,0,0.0,0,0.0,0.0,0.0,0.0,0.0,3.78,3.78,1,1,0.0,0.0,0,0,0,0,0.0,0.0,0.0,0.0,0,0,0,0,0,0,0,0,0,0,0,0,0.0,0.93,0,0,0,0,0,0,0,0,0,0,0,0.0,0,0.0,0.0,0,0.0,0,0,0.0,0,0,0,0,0.0,0,0.0,0.0,0.0,0.0,0.0,50.0,0,0,9264,0
NYCW_natural_gas_fired_combustion_turbine_2,NYCW,Natural Gas Fired Combustion Turbine,2,183,11,0,1,0,0,0,0,0,0,0.0,0.0,0,0,0.0,1159.0,0.0,28.0,1084.3,-1,38.72,0,0.0,0.0,0,0,0,0.0,0.0,0.0,0,13412,0.0,0,0,6.8,0.0,0,0,119.0,3.5,10.87,0.734,1.77,middle_atlantic_naturalgas,0.3,0.0,1.0,1.0,0.0,0.0,0.0,0.106666667,0.213333333,0.0,0.0,0,0,0,0.0,0,0.0,0.0,0.0,0.0,0.0,3.78,3.78,1,1,0.0,0.0,0,0,0,0,0.0,0.0,0.0,0.0,0,0,0,0,0,0,0,0,0,0,0,0,0.0,0.93,0,0,0,0,0,0,0,0,0,0,0,0.0,0,0.0,0.0,0,0.0,0,0,0.0,0,0,0,0,0.0,0,0.0,0.0,0.0,0.0,0.0,50.0,0,0,13412,0
NYCW_natural_gas_fired_combustion_turbine_3,NYCW,Natural Gas Fired Combustion Turbine,3,184,11,0,1,0,0,0,0,0,0,0.0,0.0,0,0,0.0,1011.0,0.0,12.0,1010.904,-1,84.24,0,0.0,0.0,0,0,0,0.0,0.0,0.0,0,9168,0.0,0,0,6.8,0.0,0,0,119.0,3.5,9.38,0.0,0.866,middle_atlantic_naturalgas,0.3,0.0,1.0,1.0,0.0,0.0,0.0,0.106666667,0.213333333,0.0,0.0,0,0,0,0.0,0,0.0,0.0,0.0,0.0,0.0,3.78,3.78,1,1,0.0,0.0,0,0,0,0,0.0,0.0,0.0,0.0,0,0,0,0,0,0,0,0,0,0,0,0,0.0,0.93,0,0,0,0,0,0,0,0,0,0,0,0.0,0,0.0,0.0,0,0.0,0,0,0.0,0,0,0,0,0.0,0,0.0,0.0,0.0,0.0,0.0,50.0,0,0,9168,0
NYCW_natural_gas_internal_combustion_engine_1,NYCW,Natural Gas Internal Combustion Engine,1,185,11,0,1,0,0,0,0,0,0,0.0,0.0,0,0,0.0,37.0,0.0,28.0,37.408,-1,1.34,0,0.0,0.0,0,0,0,0.0,0.0,0.0,0,24000,0.0,0,0,5.72,0.0,0,0,38.0,0.0,8.63,1.482,0.753,middle_atlantic_naturalgas,0.18,0.0,1.0,1.0,0.0,0.0,0.0,0.106666667,0.213333333,0.0,0.0,0,0,0,0.0,0,0.0,0.0,0.0,0.0,0.0,3.78,3.78,1,1,0.0,0.0,0,0,0,0,0.0,0.0,0.0,0.0,0,0,0,0,0,0,0,0,0,0,0,0,0.0,0.93,0,0,0,0,0,0,0,0,0,0,0,0.0,0,0.0,0.0,0,0.0,0,0,0.0,0,0,0,0,0.0,0,0.0,0.0,0.0,0.0,0.0,50.0,0,0,24000,0
NYCW_natural_gas_steam_turbine_1,NYCW,Natural Gas Steam Turbine,1,186,11,0,1,0,0,0,0,0,0,0.0,0.0,0,0,0.0,4985.0,0.0,0.0,0.0,-1,1.0,0,0.0,0.0,0,0,0,0.0,0.0,0.0,0,34968,0.0,0,0,1.06,0.0,0,0,87.0,13.7,11.3,2.088,1.326,middle_atlantic_naturalgas,0.5,0.0,1.0,1.0,0.0,0.0,0.0,0.63,1.26,0.0,0.0,0,0,0,0.0,0,0.0,0.0,0.0,0.0,0.0,0.64,0.64,6,6,0.0,0.0,0,0,0,0,0.0,0.0,0.0,0.0,0,0,0,0,0,0,0,0,0,0,0,0,0.0,0.93,0,0,0,0,0,0,0,0,0,0,0,0.0,0,0.0,0.0,0,0.0,0,0,0.0,0,0,0,0,0.0,0,0.0,0.0,0.0,0.0,0.0,50.0,0,0,34968,0
NYCW_petroleum_liquids_1,NYCW,Petroleum Liquids,1,187,11,0,1,0,0,0,0,0,0,0.0,0.0,0,0,0.0,2117.0,0.0,157.0,317.768,-1,2.02,0,0.0,0.0,0,0,0,0.0,0.0,0.0,0,24000,0.0,0,0,6.52,0.0,0,0,38.0,0.0,9.84,1.933,3.087,middle_atlantic_distillate,0.18,0.0,1.0,1.0,0.0,0.0,0.0,0.0,0.0,0.0,0.0,0,0,0,0.0,0,0.0,0.0,0.0,0.0,0.0,3.78,3.78,1,1,0.0,0.0,0,0,0,0,0.0,0.0,0.0,0.0,0,0,0,0,0,0,0,0,0,0,0,0,0.0,0.93,0,0,0,0,0,0,0,0,0,0,0,0.0,0,0.0,0.0,0,0.0,0,0,0.0,0,0,0,0,0.0,0,12.8,0.0,0.0,0.0,0.0,50.0,0,0,24000,0
NYCW_solar_photovoltaic_1,NYCW,Solar Photovoltaic,1,188,11,1,0,1,0,0,0,0,0,0.0,0.0,0,0,0.0,157.0,0.0,28.0,157.304,-1,5.62,0,0.0,0.0,0,0,0,0.0,0.0,0.0,0,22528,0.0,0,0,0.0,0.0,0,0,0.0,0.0,9.01,0.367,0.187,None,0.0,0.0,1.0,1.0,0.0,0.0,0.0,0.0,0.0,0.0,0.0,0,0,0,0.0,0,0.0,0.0,0.0,0.0,0.0,1.0,1.0,0,0,0.0,0.0,0,0,0,0,0.0,0.0,0.0,0.2095016545327514,0,0,0,0,0,0,0,0,0,0,1,0,0.0,0.8,0,0,0,0,0,0,0,1,0,0,0,0.0,0,0.0,0.0,0,0.0,0,0,0.0,0,1,0,0,0.0,0,0.0,0.0,0.0,0.0,0.0,50.0,0,0,22528,0
NYUP_batteries_1,NYUP,Batteries,1,189,12,0,0,0,0,1,0,0,0,0.0,0.0,0,0,394.0,170.0,0.0,19.0,112.898,-1,5.94,0,0.0,0.0,0,0,0,0.0,0.0,0.0,0,7476,0.0,0,0,0.15,0.15,0,0,0.0,0.0,9.21,0.0,0.0,None,0.0,0.0,0.92,0.92,0.0,1.0,10.0,0.0,0.0,0.0,0.0,0,0,0,0.0,0,0.0,0.0,0.0,0.0,0.0,1.0,1.0,0,0,0.0,0.0,0,0,0,0,0.0,0.0,0.0,0.0,0,0,0,0,0,0,0,0,0,0,0,0,0.0,0.95,0,0,0,0,0,0,0,0,0,0,0,0.0,0,0.0,0.0,0,0.0,0,0,0.0,0,0,0,0,0.0,0,57.1,112.2,0.0,0.0,0.0,50.0,0,0,7476,0
NYUP_biomass_1,NYUP,Biomass,1,190,12,0,0,0,1,0,0,0,0,0.0,0.0,0,0,0.0,99.0,0.0,87.0,152.424,-1,0.86,0,0.0,0.0,0,0,0,0.0,0.0,0.0,0,157220,0.0,0,0,4.1,0.0,0,0,172.0,0.0,10.97,1.374,1.082,waste_biomass,0.377,0.0,1.0,1.0,0.0,0.0,0.0,0.0,0.0,0.0,0.0,0,0,0,0.0,0,0.0,0.0,0.0,0.0,0.0,1.0,1.0,0,0,0.0,0.0,0,0,0,0,0.0,0.0,0.0,0.0,0,0,0,0,0,0,0,0,0,0,1,0,0.0,0.93,0,0,0,0,0,0,0,0,0,0,0,0.0,0,0.0,0.0,0,0.0,0,0,0.0,0,1,0,0,0.0,0,3.2,0.0,0.0,0.0,0.0,50.0,0,0,157220,0
NYUP_biomass_2,NYUP,Biomass,2,191,12,0,0,0,1,0,0,0,0,0.0,0.0,0,0,0.0,74.0,0.0,1.0,56.0,-1,27.49,0,0.0,0.0,0,0,0,0.0,0.0,0.0,0,157220,0.0,0,0,7.09,0.0,0,0,172.0,0.0,18.99,1.918,2.835,waste_biomass,0.268,0.0,1.0,1.0,0.0,0.0,0.0,0.0,0.0,0.0,0.0,0,0,0,0.0,0,0.0,0.0,0.0,0.0,0.0,1.0,1.0,0,0,0.0,0.0,0,0,0,0,0.0,0.0,0.0,0.0,0,0,0,0,0,0,0,0,0,0,1,0,0.0,0.93,0,0,0,0,0,0,0,0,0,0,0,0.0,0,0.0,0.0,0,0.0,0,0,0.0,0,1,0,0,0.0,0,41.5,0.0,0.0,0.0,0.0,50.0,0,0,157220,0
NYUP_conventional_hydroelectric_1,NYUP,Conventional Hydroelectric,1,192,12,0,0,0,0,0,0,1,0,0.0,0.0,0,0,0.0,3621.0,0.0,53.0,3443.092,-1,64.96,0,0.0,0.0,0,0,0,0.0,0.0,0.0,0,47048,0.0,0,0,0.0,0.0,0,0,0.0,0.0,8.85,0.0,0.142,None,0.019,0.0,1.0,1.0,1.201833258229866,0.0,0.0,0.0,0.0,0.0,0.0,0,0,0,0.0,0,0.0,0.0,0.0,0.0,0.0,1.0,1.0,0,0,0.0,0.0,0,0,0,0,0.0,0.0,0.0,0.601313463406007,0,0,0,0,0,0,0,0,0,0,1,0,0.0,0.8,0,0,0,0,0,0,0,0,0,0,0,0.0,0,0.0,0.0,0,0.0,0,0,0.0,0,0,0,0,0.0,0,0.0,0.0,0.0,0.0,0.0,50.0,0,0,47048,0
NYUP_hydroelectric_pumped_storage_1,NYUP,Hydroelectric Pumped Storage,1,193,12,0,0,0,0,1,0,0,0,0.0,0.0,0,0,21808.5,1407.0,0.0,16.0,1406.704,-1,87.92,0,0.0,0.0,0,0,0,0.0,0.0,0.0,0,47048,0.0,0,0,0.0,0.0,0,0,0.0,0.0,0.0,0.0,0.0,None,0.011,0.0,0.866,0.866,0.0,1.0,20.0,0.0,0.0,0.0,0.0,0,0,0,0.0,0,0.0,0.0,0.0,0.0,0.0,1.0,1.0,0,0,0.0,0.0,0,0,0,0,0.0,0.0,0.0,0.0,0,0,0,0,0,0,0,0,0,0,0,0,0.0,0.95,0,0,0,0,0,0,0,0,0,0,0,0.0,0,0.0,0.0,0,0.0,0,0,0.0,0,0,0,0,0.0,0,0.0,0.0,0.0,0.0,0.0,50.0,0,0,47048,0
NYUP_natural_gas_fired_combined_cycle_1,NYUP,Natural Gas Fired Combined Cycle,1,194,12,0,1,0,0,0,0,0,0,0.0,0.0,0,0,0.0,6565.0,0.0,19.0,6565.906,-1,345.57,0,0.0,0.0,0,0,0,0.0,0.0,0.0,0,11153,0.0,0,0,3.58,0.0,0,0,92.0,2.0,7.17,1.133,0.518,middle_atlantic_naturalgas,0.3,0.0,1.0,1.0,0.0,0.0,0.0,0.106666667,0.213333333,0.0,0.0,0,0,0,0.0,0,0.0,0.0,0.0,0.0,0.0,0.64,0.64,6,6,0.0,0.0,0,0,0,0,0.0,0.0,0.0,0.0,0,0,0,0,0,0,0,0,0,0,0,0,0.0,0.93,0,0,0,0,0,0,0,0,0,0,0,0.0,0,0.0,0.0,0,0.0,0,0,0.0,0,0,0,0,0.0,0,0.0,0.0,0.0,0.0,0.0,50.0,0,0,11153,0
NYUP_natural_gas_fired_combined_cycle_2,NYUP,Natural Gas Fired Combined Cycle,2,195,12,0,1,0,0,0,0,0,0,0.0,0.0,0,0,0.0,1837.0,0.0,23.0,1836.711,-1,79.86,0,0.0,0.0,0,0,0,0.0,0.0,0.0,0,16492,0.0,0,0,4.55,0.0,0,0,92.0,2.0,9.2,1.735,1.859,middle_atlantic_naturalgas,0.3,0.0,1.0,1.0,0.0,0.0,0.0,0.106666667,0.213333333,0.0,0.0,0,0,0,0.0,0,0.0,0.0,0.0,0.0,0.0,0.64,0.64,6,6,0.0,0.0,0,0,0,0,0.0,0.0,0.0,0.0,0,0,0,0,0,0,0,0,0,0,0,0,0.0,0.93,0,0,0,0,0,0,0,0,0,0,0,0.0,0,0.0,0.0,0,0.0,0,0,0.0,0,0,0,0,0.0,0,0.0,0.0,0.0,0.0,0.0,50.0,0,0,16492,0
NYUP_natural_gas_fired_combustion_turbine_1,NYUP,Natural Gas Fired Combustion Turbine,1,196,12,0,1,0,0,0,0,0,0,0.0,0.0,0,0,0.0,84.0,0.0,0.0,0.0,-1,1.0,0,0.0,0.0,0,0,0,0.0,0.0,0.0,0,13412,0.0,0,0,6.8,0.0,0,0,119.0,3.5,23.47,0.142,0.201,middle_atlantic_naturalgas,0.3,0.0,1.0,1.0,0.0,0.0,0.0,0.106666667,0.213333333,0.0,0.0,0,0,0,0.0,0,0.0,0.0,0.0,0.0,0.0,3.78,3.78,1,1,0.0,0.0,0,0,0,0,0.0,0.0,0.0,0.0,0,0,0,0,0,0,0,0,0,0,0,0,0.0,0.93,0,0,0,0,0,0,0,0,0,0,0,0.0,0,0.0,0.0,0,0.0,0,0,0.0,0,0,0,0,0.0,0,0.0,0.0,0.0,0.0,0.0,50.0,0,0,13412,0
NYUP_natural_gas_fired_combustion_turbine_2,NYUP,Natural Gas Fired Combustion Turbine,2,197,12,0,1,0,0,0,0,0,0,0.0,0.0,0,0,0.0,82.0,0.0,4.0,57.6,-1,14.4,0,0.0,0.0,0,0,0,0.0,0.0,0.0,0,13412,0.0,0,0,6.8,0.0,0,0,119.0,3.5,10.02,0.443,1.236,middle_atlantic_naturalgas,0.3,0.0,1.0,1.0,0.0,0.0,0.0,0.106666667,0.213333333,0.0,0.0,0,0,0,0.0,0,0.0,0.0,0.0,0.0,0.0,3.78,3.78,1,1,0.0,0.0,0,0,0,0,0.0,0.0,0.0,0.0,0,0,0,0,0,0,0,0,0,0,0,0,0.0,0.93,0,0,0,0,0,0,0,0,0,0,0,0.0,0,0.0,0.0,0,0.0,0,0,0.0,0,0,0,0,0.0,0,0.0,0.0,0.0,0.0,0.0,50.0,0,0,13412,0
NYUP_natural_gas_internal_combustion_engine_1,NYUP,Natural Gas Internal Combustion Engine,1,198,12,0,1,0,0,0,0,0,0,0.0,0.0,0,0,0.0,19.0,0.0,20.0,18.5,-1,0.92,0,0.0,0.0,0,0,0,0.0,0.0,0.0,0,24000,0.0,0,0,5.38,0.0,0,0,38.0,0.0,8.12,0.0,0.147,middle_atlantic_naturalgas,0.18,0.0,1.0,1.0,0.0,0.0,0.0,0.106666667,0.213333333,0.0,0.0,0,0,0,0.0,0,0.0,0.0,0.0,0.0,0.0,3.78,3.78,1,1,0.0,0.0,0,0,0,0,0.0,0.0,0.0,0.0,0,0,0,0,0,0,0,0,0,0,0,0,0.0,0.93,0,0,0,0,0,0,0,0,0,0,0,0.0,0,0.0,0.0,0,0.0,0,0,0.0,0,0,0,0,0.0,0,1.0,0.0,0.0,0.0,0.0,50.0,0,0,24000,0
NYUP_natural_gas_steam_turbine_1,NYUP,Natural Gas Steam Turbine,1,199,12,0,1,0,0,0,0,0,0,0.0,0.0,0,0,0.0,1.0,0.0,3.0,49.2,-1,16.4,0,0.0,0.0,0,0,0,0.0,0.0,0.0,0,51303,0.0,0,0,1.06,0.0,0,0,87.0,13.7,9.21,2.701,4.097,middle_atlantic_naturalgas,0.5,0.0,1.0,1.0,0.0,0.0,0.0,0.63,1.26,0.0,0.0,0,0,0,0.0,0,0.0,0.0,0.0,0.0,0.0,0.64,0.64,6,6,0.0,0.0,0,0,0,0,0.0,0.0,0.0,0.0,0,0,0,0,0,0,0,0,0,0,0,0,0.0,0.93,0,0,0,0,0,0,0,0,0,0,0,0.0,0,0.0,0.0,0,0.0,0,0,0.0,0,0,0,0,0.0,0,0.0,0.0,0.0,0.0,0.0,50.0,0,0,51303,0
NYUP_nuclear_1,NYUP,Nuclear,1,200,12,0,1,0,0,0,0,0,0,0.0,0.0,0,0,0.0,3358.0,0.0,4.0,3358.3,-1,839.58,0,0.0,0.0,0,0,0,0.0,0.0,0.0,0,257745,0.0,0,0,2.47,0.0,0,0,248.0,0.0,10.45,0.0,0.0,middle_atlantic_uranium,0.5,0.0,1.0,1.0,0.0,0.0,0.0,0.041666667,0.083333333,0.0,0.0,0,0,0,0.0,0,0.0,0.0,0.0,0.0,0.0,0.25,0.25,24,24,0.0,0.0,0,0,0,0,0.0,0.0,0.0,0.0,0,0,0,0,0,0,0,0,0,0,1,0,0.0,0.93,0,0,0,0,0,0,0,0,0,0,0,0.0,0,0.0,0.0,0,0.0,0,0,0.0,0,0,0,0,0.0,0,0.0,0.0,0.0,0.0,0.0,50.0,0,0,257745,0
NYUP_onshore_wind_turbine_1,NYUP,Onshore Wind Turbine,1,201,12,1,0,1,0,0,0,0,0,0.0,0.0,0,0,0.0,3389.0,0.0,42.0,3203.592,-1,76.28,0,0.0,0.0,0,0,0,0.0,0.0,0.0,0,30300,0.0,0,0,0.0,0.0,0,0,0.0,0.0,9.02,0.367,0.182,None,0.0,0.0,1.0,1.0,0.0,0.0,0.0,0.0,0.0,0.0,0.0,0,0,0,0.0,0,0.0,0.0,0.0,0.0,0.0,1.0,1.0,0,0,0.0,0.0,0,0,0,0,0.0,0.0,0.0,0.2422566875223967,0,0,0,0,0,0,0,0,0,0,1,0,0.0,0.8,0,0,0,0,0,0,0,1,0,0,0,0.0,0,0.0,0.0,0,0.0,0,0,0.0,0,1,0,0,0.0,0,167.3,0.0,0.0,0.0,0.0,50.0,0,0,30300,0
NYUP_petroleum_liquids_1,NYUP,Petroleum Liquids,1,202,12,0,1,0,0,0,0,0,0,0.0,0.0,0,0,0.0,579.0,0.0,69.0,68.034,-1,0.99,0,0.0,0.0,0,0,0,0.0,0.0,0.0,0,24000,0.0,0,0,6.18,0.0,0,0,38.0,0.0,9.33,0.0,2.658,middle_atlantic_distillate,0.18,0.0,1.0,1.0,0.0,0.0,0.0,0.0,0.0,0.0,0.0,0,0,0,0.0,0,0.0,0.0,0.0,0.0,0.0,3.78,3.78,1,1,0.0,0.0,0,0,0,0,0.0,0.0,0.0,0.0,0,0,0,0,0,0,0,0,0,0,0,0,0.0,0.93,0,0,0,0,0,0,0,0,0,0,0,0.0,0,0.0,0.0,0,0.0,0,0,0.0,0,0,0,0,0.0,0,7.5,0.0,0.0,0.0,0.0,50.0,0,0,24000,0
NYUP_small_hydroelectric_1,NYUP,Small Hydroelectric,1,203,12,0,0,0,1,0,0,0,0,0.0,0.0,0,0,0.0,649.0,0.0,171.0,510.264,-1,2.12,0,0.0,0.0,0,0,0,0.0,0.0,0.0,0,47048,0.0,0,0,0.0,0.0,0,0,0.0,0.0,8.84,0.0,0.0,None,0.169,0.0,1.0,1.0,0.0,0.0,0.0,0.0,0.0,0.0,0.0,0,0,0,0.0,0,0.0,0.0,0.0,0.0,0.0,1.0,1.0,0,0,0.0,0.0,0,0,0,0,0.0,0.0,0.0,0.601313463406007,0,0,0,0,0,0,0,0,0,0,1,0,0.0,0.8,0,0,0,0,0,0,0,0,0,0,0,0.0,0,0.0,0.0,0,0.0,0,0,0.0,0,1,0,0,0.0,0,24.3,0.0,0.0,0.0,0.0,50.0,0,0,47048,0
NYUP_solar_photovoltaic_1,NYUP,Solar Photovoltaic,1,204,12,1,0,1,0,0,0,0,0,0.0,0.0,0,0,0.0,1743.0,0.0,428.0,1742.816,-1,4.07,0,0.0,0.0,0,0,0,0.0,0.0,0.0,0,22528,0.0,0,0,0.0,0.0,0,0,0.0,0.0,9.2,0.0,0.105,None,0.0,0.0,1.0,1.0,0.0,0.0,0.0,0.0,0.0,0.0,0.0,0,0,0,0.0,0,0.0,0.0,0.0,0.0,0.0,1.0,1.0,0,0,0.0,0.0,0,0,0,0,0.0,0.0,0.0,0.2173564884274753,0,0,0,0,0,0,0,0,0,0,1,0,0.0,0.8,0,0,0,0,0,0,0,1,0,0,0,0.0,0,0.0,0.0,0,0.0,0,0,0.0,0,1,0,0,0.0,0,0.0,0.0,0.0,0.0,0.0,50.0,0,0,22528,0
PJMC_batteries_1,PJMC,Batteries,1,205,13,0,0,0,0,1,0,0,0,0.0,0.0,0,0,172.0,96.0,0.0,0.0,0.0,-1,1.0,0,0.0,0.0,0,0,0,0.0,0.0,0.0,0,7476,0.0,0,0,0.15,0.15,0,0,0.0,0.0,10.11,0.0,0.505,None,0.0,0.0,0.92,0.92,0.0,1.0,10.0,0.0,0.0,0.0,0.0,0,0,0,0.0,0,0.0,0.0,0.0,0.0,0.0,1.0,1.0,0,0,0.0,0.0,0,0,0,0,0.0,0.0,0.0,0.0,0,0,0,0,0,0,0,0,0,0,0,0,0.0,0.0,0,0,0,0,0,0,0,0,0,0,0,0.0,0,0.0,0.95,0,0.0,0,0,0.0,0,0,0,0,0.0,0,39.8,59.6,0.0,0.0,0.0,50.0,0,0,7476,0
PJMC_biomass_1,PJMC,Biomass,1,206,13,0,0,0,1,0,0,0,0,0.0,0.0,0,0,0.0,14.0,0.0,6.0,13.2,-1,1.21,0,0.0,0.0,0,0,0,0.0,0.0,0.0,0,157220,0.0,0,0,7.75,0.0,0,0,172.0,0.0,20.77,0.391,0.701,waste_biomass,0.477,0.0,1.0,1.0,0.0,0.0,0.0,0.0,0.0,0.0,0.0,0,0,0,0.0,0,0.0,0.0,0.0,0.0,0.0,1.0,1.0,0,0,0.0,0.0,0,0,0,0,0.0,0.0,0.0,0.0,0,0,0,0,0,0,0,0,0,0,0,0,0.0,0.0,0,0,0,0,0,0,0,0,0,1,0,0.0,1,0.0,0.93,0,0.0,0,0,0.0,0,0,0,0,0.0,0,6.6,0.0,0.0,0.0,0.0,50.0,0,0,157220,0
PJMC_biomass_2,PJMC,Biomass,2,207,13,0,0,0,1,0,0,0,0,0.0,0.0,0,0,0.0,16.0,0.0,14.0,27.202,-1,1.07,0,0.0,0.0,0,0,0,0.0,0.0,0.0,0,157220,0.0,0,0,3.84,0.0,0,0,172.0,0.0,10.27,0.731,1.001,waste_biomass,0.261,0.0,1.0,1.0,0.0,0.0,0.0,0.0,0.0,0.0,0.0,0,0,0,0.0,0,0.0,0.0,0.0,0.0,0.0,1.0,1.0,0,0,0.0,0.0,0,0,0,0,0.0,0.0,0.0,0.0,0,0,0,0,0,0,0,0,0,0,0,0,0.0,0.0,0,0,0,0,0,0,0,0,0,1,0,0.0,1,0.0,0.93,0,0.0,0,0,0.0,0,0,0,0,0.0,0,1.6,0.0,0.0,0.0,0.0,50.0,0,0,157220,0
PJMC_conventional_hydroelectric_1,PJMC,Conventional Hydroelectric,1,208,13,0,0,0,0,0,0,1,0,0.0,0.0,0,0,0.0,11.0,0.0,6.0,11.202,-1,1.87,0,0.0,0.0,0,0,0,0.0,0.0,0.0,0,47048,0.0,0,0,0.0,0.0,0,0,0.0,0.0,9.21,0.0,0.0,None,0.0,0.0,1.0,1.0,1.0,0.0,0.0,0.0,0.0,0.0,0.0,0,0,0,0.0,0,0.0,0.0,0.0,0.0,0.0,1.0,1.0,0,0,0.0,0.0,0,0,0,0,0.0,0.0,0.0,0.3242162340619308,0,0,0,0,0,0,0,0,0,0,0,0,0.0,0.0,0,0,0,0,0,0,0,0,0,1,0,0.0,0,0.0,0.8,0,0.0,0,0,0.0,0,0,0,0,0.0,0,0.0,0.0,0.0,0.0,0.0,50.0,0,0,47048,0
PJMC_conventional_steam_coal_1,PJMC,Conventional Steam Coal,1,209,13,0,1,0,0,0,0,0,0,0.0,0.0,0,0,0.0,0.0,0.0,2.0,1538.0,-1,769.0,0,0.0,0.0,0,0,0,0.0,0.0,0.0,0,58746,0.0,0,0,1.88,0.0,0,0,124.0,16.5,12.23,0.073,0.103,east_north_central_coal,0.5,0.0,1.0,1.0,0.0,0.0,0.0,0.095,0.19,0.0,0.0,0,0,0,0.0,0,0.0,0.0,0.0,0.0,0.0,0.57,0.57,24,24,0.0,0.0,0,0,0,0,0.0,0.0,0.0,0.0,0,0,0,0,0,0,0,0,0,0,0,0,0.0,0.0,0,0,0,0,0,0,0,0,0,0,0,0.0,0,0.0,0.93,0,0.0,0,0,0.0,0,0,0,0,0.0,0,0.0,0.0,0.0,0.0,0.0,50.0,0,0,58746,0
PJMC_conventional_steam_coal_2,PJMC,Conventional Steam Coal,2,210,13,0,1,0,0,0,0,0,0,0.0,0.0,0,0,0.0,0.0,0.0,0.0,0.0,-1,1.0,0,0.0,0.0,0,0,0,0.0,0.0,0.0,0,62543,0.0,0,0,1.88,0.0,0,0,124.0,16.5,11.31,0.147,0.208,east_north_central_coal,0.5,0.0,1.0,1.0,0.0,0.0,0.0,0.095,0.19,0.0,0.0,0,0,0,0.0,0,0.0,0.0,0.0,0.0,0.0,0.57,0.57,24,24,0.0,0.0,0,0,0,0,0.0,0.0,0.0,0.0,0,0,0,0,0,0,0,0,0,0,0,0,0.0,0.0,0,0,0,0,0,0,0,0,0,0,0,0.0,0,0.0,0.93,0,0.0,0,0,0.0,0,0,0,0,0.0,0,0.0,0.0,0.0,0.0,0.0,50.0,0,0,62543,0
PJMC_natural_gas_fired_combined_cycle_1,PJMC,Natural Gas Fired Combined Cycle,1,211,13,0,1,0,0,0,0,0,0,0.0,0.0,0,0,0.0,4843.0,0.0,13.0,4843.397,-1,372.57,0,0.0,0.0,0,0,0,0.0,0.0,0.0,0,11698,0.0,0,0,3.57,0.0,0,0,92.0,2.0,6.82,0.995,0.497,east_north_central_naturalgas,0.3,0.0,1.0,1.0,0.0,0.0,0.0,0.106666667,0.213333333,0.0,0.0,0,0,0,0.0,0,0.0,0.0,0.0,0.0,0.0,0.64,0.64,6,6,0.0,0.0,0,0,0,0,0.0,0.0,0.0,0.0,0,0,0,0,0,0,0,0,0,0,0,0,0.0,0.0,0,0,0,0,0,0,0,0,0,0,0,0.0,0,0.0,0.93,0,0.0,0,0,0.0,0,0,0,0,0.0,0,0.0,0.0,0.0,0.0,0.0,50.0,0,0,11698,0
PJMC_natural_gas_fired_combined_cycle_2,PJMC,Natural Gas Fired Combined Cycle,2,212,13,0,1,0,0,0,0,0,0,0.0,0.0,0,0,0.0,0.0,0.0,1.0,195.0,-1,195.0,0,0.0,0.0,0,0,0,0.0,0.0,0.0,0,16492,0.0,0,0,4.55,0.0,0,0,92.0,2.0,13.02,0.0,0.0,east_north_central_naturalgas,0.3,0.0,1.0,1.0,0.0,0.0,0.0,0.106666667,0.213333333,0.0,0.0,0,0,0,0.0,0,0.0,0.0,0.0,0.0,0.0,0.64,0.64,6,6,0.0,0.0,0,0,0,0,0.0,0.0,0.0,0.0,0,0,0,0,0,0,0,0,0,0,0,0,0.0,0.0,0,0,0,0,0,0,0,0,0,0,0,0.0,0,0.0,0.93,0,0.0,0,0,0.0,0,0,0,0,0.0,0,0.0,0.0,0.0,0.0,0.0,50.0,0,0,16492,0
PJMC_natural_gas_fired_combustion_turbine_1,PJMC,Natural Gas Fired Combustion Turbine,1,213,13,0,1,0,0,0,0,0,0,0.0,0.0,0,0,0.0,0.0,0.0,18.0,101.808,-1,5.66,0,0.0,0.0,0,0,0,0.0,0.0,0.0,0,13412,0.0,0,0,6.8,0.0,0,0,119.0,3.5,10.61,2.347,1.149,east_north_central_naturalgas,0.3,0.0,1.0,1.0,0.0,0.0,0.0,0.106666667,0.213333333,0.0,0.0,0,0,0,0.0,0,0.0,0.0,0.0,0.0,0.0,3.78,3.78,1,1,0.0,0.0,0,0,0,0,0.0,0.0,0.0,0.0,0,0,0,0,0,0,0,0,0,0,0,0,0.0,0.0,0,0,0,0,0,0,0,0,0,0,0,0.0,0,0.0,0.93,0,0.0,0,0,0.0,0,0,0,0,0.0,0,0.0,0.0,0.0,0.0,0.0,50.0,0,0,13412,0
PJMC_natural_gas_fired_combustion_turbine_2,PJMC,Natural Gas Fired Combustion Turbine,2,214,13,0,1,0,0,0,0,0,0,0.0,0.0,0,0,0.0,8112.0,0.0,83.0,8523.934,-1,102.7,0,0.0,0.0,0,0,0,0.0,0.0,0.0,0,9206,0.0,0,0,6.8,0.0,0,0,119.0,3.5,12.28,2.753,4.479,east_north_central_naturalgas,0.3,0.0,1.0,1.0,0.0,0.0,0.0,0.106666667,0.213333333,0.0,0.0,0,0,0,0.0,0,0.0,0.0,0.0,0.0,0.0,3.78,3.78,1,1,0.0,0.0,0,0,0,0,0.0,0.0,0.0,0.0,0,0,0,0,0,0,0,0,0,0,0,0,0.0,0.0,0,0,0,0,0,0,0,0,0,0,0,0.0,0,0.0,0.93,0,0.0,0,0,0.0,0,0,0,0,0.0,0,0.0,0.0,0.0,0.0,0.0,50.0,0,0,9206,0
PJMC_natural_gas_internal_combustion_engine_1,PJMC,Natural Gas Internal Combustion Engine,1,215,13,0,1,0,0,0,0,0,0,0.0,0.0,0,0,0.0,0.0,0.0,66.0,111.408,-1,1.69,0,0.0,0.0,0,0,0,0.0,0.0,0.0,0,24000,0.0,0,0,5.81,0.0,0,0,38.0,0.0,8.76,0.446,1.68,east_north_central_naturalgas,0.18,0.0,1.0,1.0,0.0,0.0,0.0,0.106666667,0.213333333,0.0,0.0,0,0,0,0.0,0,0.0,0.0,0.0,0.0,0.0,3.78,3.78,1,1,0.0,0.0,0,0,0,0,0.0,0.0,0.0,0.0,0,0,0,0,0,0,0,0,0,0,0,0,0.0,0.0,0,0,0,0,0,0,0,0,0,0,0,0.0,0,0.0,0.93,0,0.0,0,0,0.0,0,0,0,0,0.0,0,0.0,0.0,0.0,0.0,0.0,50.0,0,0,24000,0
PJMC_natural_gas_steam_turbine_1,PJMC,Natural Gas Steam Turbine,1,216,13,0,1,0,0,0,0,0,0,0.0,0.0,0,0,0.0,0.0,0.0,2.0,44.2,-1,22.1,0,0.0,0.0,0,0,0,0.0,0.0,0.0,0,51303,0.0,0,0,1.06,0.0,0,0,87.0,13.7,33.93,7.482,10.723,east_north_central_naturalgas,0.5,0.0,1.0,1.0,0.0,0.0,0.0,0.63,1.26,0.0,0.0,0,0,0,0.0,0,0.0,0.0,0.0,0.0,0.0,0.64,0.64,6,6,0.0,0.0,0,0,0,0,0.0,0.0,0.0,0.0,0,0,0,0,0,0,0,0,0,0,0,0,0.0,0.0,0,0,0,0,0,0,0,0,0,0,0,0.0,0,0.0,0.93,0,0.0,0,0,0.0,0,0,0,0,0.0,0,0.0,0.0,0.0,0.0,0.0,50.0,0,0,51303,0
PJMC_nuclear_1,PJMC,Nuclear,1,217,13,0,1,0,0,0,0,0,0,0.0,0.0,0,0,0.0,10897.0,0.0,10.0,10898.1,-1,1089.81,0,0.0,0.0,0,0,0,0.0,0.0,0.0,0,193275,0.0,0,0,2.47,0.0,0,0,248.0,0.0,10.45,0.0,0.0,east_north_central_uranium,0.5,0.0,1.0,1.0,0.0,0.0,0.0,0.041666667,0.083333333,0.0,0.0,0,0,0,0.0,0,0.0,0.0,0.0,0.0,0.0,0.25,0.25,24,24,0.0,0.0,0,0,0,0,0.0,0.0,0.0,0.0,0,0,0,0,0,0,0,0,0,0,0,0,0.0,0.0,0,0,0,0,0,0,0,0,0,1,0,0.0,0,0.0,0.93,0,0.0,0,0,0.0,0,0,0,0,0.0,0,0.0,0.0,0.0,0.0,0.0,50.0,0,0,193275,0
PJMC_onshore_wind_turbine_1,PJMC,Onshore Wind Turbine,1,218,13,1,0,1,0,0,0,0,0,0.0,0.0,0,0,0.0,4488.0,0.0,33.0,4412.595,-1,133.72,0,0.0,0.0,0,0,0,0.0,0.0,0.0,0,30300,0.0,0,0,0.0,0.0,0,0,0.0,0.0,8.98,0.367,0.178,None,0.0,0.0,1.0,1.0,0.0,0.0,0.0,0.0,0.0,0.0,0.0,0,0,0,0.0,0,0.0,0.0,0.0,0.0,0.0,1.0,1.0,0,0,0.0,0.0,0,0,0,0,0.0,0.0,0.0,0.2627839367030965,0,0,0,0,0,0,0,0,0,0,0,0,0.0,0.0,0,0,0,0,0,0,0,1,0,1,0,0.0,1,0.0,0.8,0,0.0,0,0,0.0,0,0,0,0,0.0,0,76.2,0.0,0.0,0.0,0.0,50.0,0,0,30300,0
PJMC_petroleum_liquids_1,PJMC,Petroleum Liquids,1,219,13,0,1,0,0,0,0,0,0,0.0,0.0,0,0,0.0,0.0,0.0,26.0,53.508,-1,2.06,0,0.0,0.0,0,0,0,0.0,0.0,0.0,0,24000,0.0,0,0,6.76,0.0,0,0,38.0,0.0,10.21,1.204,2.506,east_north_central_distillate,0.18,0.0,1.0,1.0,0.0,0.0,0.0,0.0,0.0,0.0,0.0,0,0,0,0.0,0,0.0,0.0,0.0,0.0,0.0,3.78,3.78,1,1,0.0,0.0,0,0,0,0,0.0,0.0,0.0,0.0,0,0,0,0,0,0,0,0,0,0,0,0,0.0,0.0,0,0,0,0,0,0,0,0,0,0,0,0.0,0,0.0,0.93,0,0.0,0,0,0.0,0,0,0,0,0.0,0,1.8,0.0,0.0,0.0,0.0,50.0,0,0,24000,0
PJMC_small_hydroelectric_1,PJMC,Small Hydroelectric,1,220,13,0,0,0,1,0,0,0,0,0.0,0.0,0,0,0.0,11.0,0.0,9.0,21.204,-1,0.99,0,0.0,0.0,0,0,0,0.0,0.0,0.0,0,47048,0.0,0,0,0.0,0.0,0,0,0.0,0.0,8.84,0.0,0.0,None,0.325,0.0,1.0,1.0,0.0,0.0,0.0,0.0,0.0,0.0,0.0,0,0,0,0.0,0,0.0,0.0,0.0,0.0,0.0,1.0,1.0,0,0,0.0,0.0,0,0,0,0,0.0,0.0,0.0,0.3242162340619308,0,0,0,0,0,0,0,0,0,0,0,0,0.0,0.0,0,0,0,0,0,0,0,0,0,1,0,0.0,1,0.0,0.8,0,0.0,0,0,0.0,0,0,0,0,0.0,0,0.0,0.0,0.0,0.0,0.0,50.0,0,0,47048,0
PJMC_solar_photovoltaic_1,PJMC,Solar Photovoltaic,1,221,13,1,0,1,0,0,0,0,0,0.0,0.0,0,0,0.0,344.0,0.0,95.0,344.09,-1,3.62,0,0.0,0.0,0,0,0,0.0,0.0,0.0,0,22528,0.0,0,0,0.0,0.0,0,0,0.0,0.0,9.17,0.0,0.083,None,0.0,0.0,1.0,1.0,0.0,0.0,0.0,0.0,0.0,0.0,0.0,0,0,0,0.0,0,0.0,0.0,0.0,0.0,0.0,1.0,1.0,0,0,0.0,0.0,0,0,0,0,0.0,0.0,0.0,0.2427064549180328,0,0,0,0,0,0,0,0,0,0,0,0,0.0,0.0,0,0,0,0,0,0,0,1,0,1,0,0.0,1,0.0,0.8,0,0.0,0,0,0.0,0,0,0,0,0.0,0,0.0,0.0,0.0,0.0,0.0,50.0,0,0,22528,0
PJMD_batteries_1,PJMD,Batteries,1,222,14,0,0,0,0,1,0,0,0,0.0,0.0,0,0,75.0,40.0,0.0,3.0,40.5,-1,13.5,0,0.0,0.0,0,0,0,0.0,0.0,0.0,0,7476,0.0,0,0,0.15,0.15,0,0,0.0,0.0,9.21,0.0,0.0,None,0.0,0.0,0.92,0.92,0.0,1.0,10.0,0.0,0.0,0.0,0.0,0,0,0,0.0,0,0.0,0.0,0.0,0.0,0.0,1.0,1.0,0,0,0.0,0.0,0,0,0,0,0.0,0.0,0.0,0.0,0,0,0,0,0,0,0,0,0,0,0,0,0.0,0.0,0,0,0,0,0,0,0,0,0,0,0,0.0,0,0.0,0.95,0,0.0,0,0,0.0,0,0,0,0,0.0,0,0.0,0.0,0.0,0.0,0.0,50.0,0,0,7476,0
PJMD_biomass_1,PJMD,Biomass,1,223,14,0,0,0,1,0,0,0,0,0.0,0.0,0,0,0.0,125.0,0.0,252.0,139.356,-1,0.12,0,0.0,0.0,0,0,0,0.0,0.0,0.0,0,157220,0.0,0,0,4.61,0.0,0,0,172.0,0.0,12.34,0.435,0.667,waste_biomass,0.466,0.0,1.0,1.0,0.0,0.0,0.0,0.0,0.0,0.0,0.0,0,0,0,0.0,0,0.0,0.0,0.0,0.0,0.0,1.0,1.0,0,0,0.0,0.0,0,0,0,0,0.0,0.0,0.0,0.0,0,0,0,0,0,0,0,0,0,0,0,0,0.0,0.0,0,0,0,0,0,0,0,0,0,1,0,0.0,1,0.0,0.93,0,0.0,0,0,0.0,0,0,0,0,0.0,0,49.2,0.0,0.0,0.0,0.0,50.0,0,0,157220,0
PJMD_biomass_2,PJMD,Biomass,2,224,14,0,0,0,1,0,0,0,0,0.0,0.0,0,0,0.0,41.0,0.0,40.0,23.68,-1,0.13,0,0.0,0.0,0,0,0,0.0,0.0,0.0,0,157220,0.0,0,0,6.39,0.0,0,0,172.0,0.0,17.12,0.0,2.948,waste_biomass,0.321,0.0,1.0,1.0,0.0,0.0,0.0,0.0,0.0,0.0,0.0,0,0,0,0.0,0,0.0,0.0,0.0,0.0,0.0,1.0,1.0,0,0,0.0,0.0,0,0,0,0,0.0,0.0,0.0,0.0,0,0,0,0,0,0,0,0,0,0,0,0,0.0,0.0,0,0,0,0,0,0,0,0,0,1,0,0.0,1,0.0,0.93,0,0.0,0,0,0.0,0,0,0,0,0.0,0,0.0,0.0,0.0,0.0,0.0,50.0,0,0,157220,0
PJMD_conventional_hydroelectric_1,PJMD,Conventional Hydroelectric,1,225,14,0,0,0,0,0,0,1,0,0.0,0.0,0,0,0.0,616.0,0.0,20.0,613.1,-1,30.66,0,0.0,0.0,0,0,0,0.0,0.0,0.0,0,47048,0.0,0,0,0.0,0.0,0,0,0.0,0.0,8.85,0.367,0.17,None,0.045,0.0,1.0,1.0,1.0,0.0,0.0,0.0,0.0,0.0,0.0,0,0,0,0.0,0,0.0,0.0,0.0,0.0,0.0,1.0,1.0,0,0,0.0,0.0,0,0,0,0,0.0,0.0,0.0,0.1159680669398907,0,0,0,0,0,0,0,0,0,0,0,0,0.0,0.0,0,0,0,0,0,0,0,0,0,1,0,0.0,0,0.0,0.8,0,0.0,0,0,0.0,0,0,0,0,0.0,0,0.0,0.0,0.0,0.0,0.0,50.0,0,0,47048,0
PJMD_conventional_steam_coal_1,PJMD,Conventional Steam Coal,1,226,14,0,1,0,0,0,0,0,0,0.0,0.0,0,0,0.0,0.0,0.0,0.0,0.0,-1,1.0,0,0.0,0.0,0,0,0,0.0,0.0,0.0,0,78777,0.0,0,0,1.88,0.0,0,0,124.0,16.5,12.82,0.0,0.0,south_atlantic_coal,0.5,0.0,1.0,1.0,0.0,0.0,0.0,0.095,0.19,0.0,0.0,0,0,0,0.0,0,0.0,0.0,0.0,0.0,0.0,0.57,0.57,24,24,0.0,0.0,0,0,0,0,0.0,0.0,0.0,0.0,0,0,0,0,0,0,0,0,0,0,0,0,0.0,0.0,0,0,0,0,0,0,0,0,0,0,0,0.0,0,0.0,0.93,0,0.0,0,0,0.0,0,0,0,0,0.0,0,0.0,0.0,0.0,0.0,0.0,50.0,0,0,78777,0
PJMD_conventional_steam_coal_2,PJMD,Conventional Steam Coal,2,227,14,0,1,0,0,0,0,0,0,0.0,0.0,0,0,0.0,0.0,0.0,2.0,881.0,-1,440.5,0,0.0,0.0,0,0,0,0.0,0.0,0.0,0,64625,0.0,0,0,1.88,0.0,0,0,124.0,16.5,11.99,0.644,0.91,south_atlantic_coal,0.5,0.0,1.0,1.0,0.0,0.0,0.0,0.095,0.19,0.0,0.0,0,0,0,0.0,0,0.0,0.0,0.0,0.0,0.0,0.57,0.57,24,24,0.0,0.0,0,0,0,0,0.0,0.0,0.0,0.0,0,0,0,0,0,0,0,0,0,0,0,0,0.0,0.0,0,0,0,0,0,0,0,0,0,0,0,0.0,0,0.0,0.93,0,0.0,0,0,0.0,0,0,0,0,0.0,0,0.0,0.0,0.0,0.0,0.0,50.0,0,0,64625,0
PJMD_hydroelectric_pumped_storage_1,PJMD,Hydroelectric Pumped Storage,1,228,14,0,0,0,0,1,0,0,0,0.0,0.0,0,0,46546.5,3003.0,0.0,6.0,3003.0,-1,500.5,0,0.0,0.0,0,0,0,0.0,0.0,0.0,0,47048,0.0,0,0,0.0,0.0,0,0,0.0,0.0,0.0,0.0,0.0,None,0.414,0.0,0.866,0.866,0.0,1.0,20.0,0.0,0.0,0.0,0.0,0,0,0,0.0,0,0.0,0.0,0.0,0.0,0.0,1.0,1.0,0,0,0.0,0.0,0,0,0,0,0.0,0.0,0.0,0.0,0,0,0,0,0,0,0,0,0,0,0,0,0.0,0.0,0,0,0,0,0,0,0,0,0,0,0,0.0,0,0.0,0.95,0,0.0,0,0,0.0,0,0,0,0,0.0,0,0.0,0.0,0.0,0.0,0.0,50.0,0,0,47048,0
PJMD_natural_gas_fired_combined_cycle_1,PJMD,Natural Gas Fired Combined Cycle,1,229,14,0,1,0,0,0,0,0,0,0.0,0.0,0,0,0.0,6969.0,0.0,8.0,6969.296,-1,871.16,0,0.0,0.0,0,0,0,0.0,0.0,0.0,0,11312,0.0,0,0,3.58,0.0,0,0,92.0,2.0,7.06,0.5,0.74,south_atlantic_naturalgas,0.3,0.0,1.0,1.0,0.0,0.0,0.0,0.106666667,0.213333333,0.0,0.0,0,0,0,0.0,0,0.0,0.0,0.0,0.0,0.0,0.64,0.64,6,6,0.0,0.0,0,0,0,0,0.0,0.0,0.0,0.0,0,0,0,0,0,0,0,0,0,0,0,0,0.0,0.0,0,0,0,0,0,0,0,0,0,0,0,0.0,0,0.0,0.93,0,0.0,0,0,0.0,0,0,0,0,0.0,0,0.0,0.0,0.0,0.0,0.0,50.0,0,0,11312,0
PJMD_natural_gas_fired_combined_cycle_2,PJMD,Natural Gas Fired Combined Cycle,2,230,14,0,1,0,0,0,0,0,0,0.0,0.0,0,0,0.0,0.0,0.0,4.0,730.0,-1,182.5,0,0.0,0.0,0,0,0,0.0,0.0,0.0,0,16492,0.0,0,0,4.55,0.0,0,0,92.0,2.0,7.82,0.743,0.583,south_atlantic_naturalgas,0.3,0.0,1.0,1.0,0.0,0.0,0.0,0.106666667,0.213333333,0.0,0.0,0,0,0,0.0,0,0.0,0.0,0.0,0.0,0.0,0.64,0.64,6,6,0.0,0.0,0,0,0,0,0.0,0.0,0.0,0.0,0,0,0,0,0,0,0,0,0,0,0,0,0.0,0.0,0,0,0,0,0,0,0,0,0,0,0,0.0,0,0.0,0.93,0,0.0,0,0,0.0,0,0,0,0,0.0,0,0.0,0.0,0.0,0.0,0.0,50.0,0,0,16492,0
PJMD_natural_gas_fired_combustion_turbine_1,PJMD,Natural Gas Fired Combustion Turbine,1,231,14,0,1,0,0,0,0,0,0,0.0,0.0,0,0,0.0,1.0,0.0,15.0,1873.995,-1,124.93,0,0.0,0.0,0,0,0,0.0,0.0,0.0,0,9168,0.0,0,0,6.8,0.0,0,0,119.0,3.5,11.97,0.808,0.742,south_atlantic_naturalgas,0.3,0.0,1.0,1.0,0.0,0.0,0.0,0.106666667,0.213333333,0.0,0.0,0,0,0,0.0,0,0.0,0.0,0.0,0.0,0.0,3.78,3.78,1,1,0.0,0.0,0,0,0,0,0.0,0.0,0.0,0.0,0,0,0,0,0,0,0,0,0,0,0,0,0.0,0.0,0,0,0,0,0,0,0,0,0,0,0,0.0,0,0.0,0.93,0,0.0,0,0,0.0,0,0,0,0,0.0,0,0.0,0.0,0.0,0.0,0.0,50.0,0,0,9168,0
PJMD_natural_gas_fired_combustion_turbine_2,PJMD,Natural Gas Fired Combustion Turbine,2,232,14,0,1,0,0,0,0,0,0,0.0,0.0,0,0,0.0,0.0,0.0,1.0,59.5,-1,59.5,0,0.0,0.0,0,0,0,0.0,0.0,0.0,0,13412,0.0,0,0,6.8,0.0,0,0,119.0,3.5,9.66,0.0,0.0,south_atlantic_naturalgas,0.3,0.0,1.0,1.0,0.0,0.0,0.0,0.106666667,0.213333333,0.0,0.0,0,0,0,0.0,0,0.0,0.0,0.0,0.0,0.0,3.78,3.78,1,1,0.0,0.0,0,0,0,0,0.0,0.0,0.0,0.0,0,0,0,0,0,0,0,0,0,0,0,0,0.0,0.0,0,0,0,0,0,0,0,0,0,0,0,0.0,0,0.0,0.93,0,0.0,0,0,0.0,0,0,0,0,0.0,0,0.0,0.0,0.0,0.0,0.0,50.0,0,0,13412,0
PJMD_natural_gas_fired_combustion_turbine_3,PJMD,Natural Gas Fired Combustion Turbine,3,233,14,0,1,0,0,0,0,0,0,0.0,0.0,0,0,0.0,2187.0,0.0,16.0,2627.008,-1,164.19,0,0.0,0.0,0,0,0,0.0,0.0,0.0,0,9168,0.0,0,0,6.8,0.0,0,0,119.0,3.5,10.45,0.197,0.181,south_atlantic_naturalgas,0.3,0.0,1.0,1.0,0.0,0.0,0.0,0.106666667,0.213333333,0.0,0.0,0,0,0,0.0,0,0.0,0.0,0.0,0.0,0.0,3.78,3.78,1,1,0.0,0.0,0,0,0,0,0.0,0.0,0.0,0.0,0,0,0,0,0,0,0,0,0,0,0,0,0.0,0.0,0,0,0,0,0,0,0,0,0,0,0,0.0,0,0.0,0.93,0,0.0,0,0,0.0,0,0,0,0,0.0,0,0.0,0.0,0.0,0.0,0.0,50.0,0,0,9168,0
PJMD_natural_gas_internal_combustion_engine_1,PJMD,Natural Gas Internal Combustion Engine,1,234,14,0,1,0,0,0,0,0,0,0.0,0.0,0,0,0.0,0.0,0.0,2.0,2.3,-1,1.15,0,0.0,0.0,0,0,0,0.0,0.0,0.0,0,24000,0.0,0,0,5.41,0.0,0,0,38.0,0.0,8.16,0.0,0.0,south_atlantic_naturalgas,0.18,0.0,1.0,1.0,0.0,0.0,0.0,0.106666667,0.213333333,0.0,0.0,0,0,0,0.0,0,0.0,0.0,0.0,0.0,0.0,3.78,3.78,1,1,0.0,0.0,0,0,0,0,0.0,0.0,0.0,0.0,0,0,0,0,0,0,0,0,0,0,0,0,0.0,0.0,0,0,0,0,0,0,0,0,0,0,0,0.0,0,0.0,0.93,0,0.0,0,0,0.0,0,0,0,0,0.0,0,0.0,0.0,0.0,0.0,0.0,50.0,0,0,24000,0
PJMD_natural_gas_steam_turbine_1,PJMD,Natural Gas Steam Turbine,1,235,14,0,1,0,0,0,0,0,0,0.0,0.0,0,0,0.0,0.0,0.0,2.0,2.4,-1,1.2,0,0.0,0.0,0,0,0,0.0,0.0,0.0,0,51303,0.0,0,0,1.06,0.0,0,0,87.0,13.7,9.21,1.227,1.197,south_atlantic_naturalgas,0.5,0.0,1.0,1.0,0.0,0.0,0.0,0.63,1.26,0.0,0.0,0,0,0,0.0,0,0.0,0.0,0.0,0.0,0.0,0.64,0.64,6,6,0.0,0.0,0,0,0,0,0.0,0.0,0.0,0.0,0,0,0,0,0,0,0,0,0,0,0,0,0.0,0.0,0,0,0,0,0,0,0,0,0,0,0,0.0,0,0.0,0.93,0,0.0,0,0,0.0,0,0,0,0,0.0,0,17.9,0.0,0.0,0.0,0.0,50.0,0,0,51303,0
PJMD_nuclear_1,PJMD,Nuclear,1,236,14,0,1,0,0,0,0,0,0,0.0,0.0,0,0,0.0,3708.0,0.0,4.0,3708.0,-1,927.0,0,0.0,0.0,0,0,0,0.0,0.0,0.0,0,193275,0.0,0,0,2.47,0.0,0,0,248.0,0.0,10.45,0.0,0.0,south_atlantic_uranium,0.5,0.0,1.0,1.0,0.0,0.0,0.0,0.041666667,0.083333333,0.0,0.0,0,0,0,0.0,0,0.0,0.0,0.0,0.0,0.0,0.25,0.25,24,24,0.0,0.0,0,0,0,0,0.0,0.0,0.0,0.0,0,0,0,0,0,0,0,0,0,0,0,0,0.0,0.0,0,0,0,0,0,0,0,0,0,1,0,0.0,0,0.0,0.93,0,0.0,0,0,0.0,0,0,0,0,0.0,0,0.0,0.0,0.0,0.0,0.0,50.0,0,0,193275,0
PJMD_onshore_wind_turbine_1,PJMD,Onshore Wind Turbine,1,237,14,1,0,1,0,0,0,0,0,0.0,0.0,0,0,0.0,208.0,0.0,1.0,208.0,-1,208.0,0,0.0,0.0,0,0,0,0.0,0.0,0.0,0,30300,0.0,0,0,0.0,0.0,0,0,0.0,0.0,8.84,0.0,0.0,None,0.0,0.0,1.0,1.0,0.0,0.0,0.0,0.0,0.0,0.0,0.0,0,0,0,0.0,0,0.0,0.0,0.0,0.0,0.0,1.0,1.0,0,0,0.0,0.0,0,0,0,0,0.0,0.0,0.0,0.1924715733151184,0,0,0,0,0,0,0,0,0,0,0,0,0.0,0.0,0,0,0,0,0,0,0,1,0,1,0,0.0,1,0.0,0.8,0,0.0,0,0,0.0,0,0,0,0,0.0,0,0.0,0.0,0.0,0.0,0.0,50.0,0,0,30300,0
PJMD_petroleum_liquids_1,PJMD,Petroleum Liquids,1,238,14,0,1,0,0,0,0,0,0,0.0,0.0,0,0,0.0,0.0,0.0,74.0,80.882,-1,1.09,0,0.0,0.0,0,0,0,0.0,0.0,0.0,0,24000,0.0,0,0,7.54,0.0,0,0,38.0,0.0,11.38,1.794,3.961,south_atlantic_distillate,0.18,0.0,1.0,1.0,0.0,0.0,0.0,0.0,0.0,0.0,0.0,0,0,0,0.0,0,0.0,0.0,0.0,0.0,0.0,3.78,3.78,1,1,0.0,0.0,0,0,0,0,0.0,0.0,0.0,0.0,0,0,0,0,0,0,0,0,0,0,0,0,0.0,0.0,0,0,0,0,0,0,0,0,0,0,0,0.0,0,0.0,0.93,0,0.0,0,0,0.0,0,0,0,0,0.0,0,34.7,0.0,0.0,0.0,0.0,50.0,0,0,24000,0
PJMD_small_hydroelectric_1,PJMD,Small Hydroelectric,1,239,14,0,0,0,1,0,0,0,0,0.0,0.0,0,0,0.0,5.0,0.0,7.0,10.899,-1,0.55,0,0.0,0.0,0,0,0,0.0,0.0,0.0,0,47048,0.0,0,0,0.0,0.0,0,0,0.0,0.0,8.84,0.0,0.001,None,0.119,0.0,1.0,1.0,0.0,0.0,0.0,0.0,0.0,0.0,0.0,0,0,0,0.0,0,0.0,0.0,0.0,0.0,0.0,1.0,1.0,0,0,0.0,0.0,0,0,0,0,0.0,0.0,0.0,0.1159680669398907,0,0,0,0,0,0,0,0,0,0,0,0,0.0,0.0,0,0,0,0,0,0,0,0,0,1,0,0.0,1,0.0,0.8,0,0.0,0,0,0.0,0,0,0,0,0.0,0,0.0,0.0,0.0,0.0,0.0,50.0,0,0,47048,0
PJMD_solar_photovoltaic_1,PJMD,Solar Photovoltaic,1,240,14,1,0,1,0,0,0,0,0,0.0,0.0,0,0,0.0,4753.0,0.0,176.0,4753.584,-1,27.01,0,0.0,0.0,0,0,0,0.0,0.0,0.0,0,22528,0.0,0,0,0.0,0.0,0,0,0.0,0.0,9.17,0.367,0.179,None,0.0,0.0,1.0,1.0,0.0,0.0,0.0,0.0,0.0,0.0,0.0,0,0,0,0.0,0,0.0,0.0,0.0,0.0,0.0,1.0,1.0,0,0,0.0,0.0,0,0,0,0,0.0,0.0,0.0,0.2478220742258652,0,0,0,0,0,0,0,0,0,0,0,0,0.0,0.0,0,0,0,0,0,0,0,1,0,1,0,0.0,1,0.0,0.8,0,0.0,0,0,0.0,0,0,0,0,0.0,0,0.0,0.0,0.0,0.0,0.0,50.0,0,0,22528,0
PJME_batteries_1,PJME,Batteries,1,241,15,0,0,0,0,1,0,0,0,0.0,0.0,0,0,146.0,107.0,0.0,5.0,35.9,-1,7.18,0,0.0,0.0,0,0,0,0.0,0.0,0.0,0,7476,0.0,0,0,0.15,0.15,0,0,0.0,0.0,9.21,0.0,0.313,None,0.0,0.0,0.92,0.92,0.0,1.0,10.0,0.0,0.0,0.0,0.0,0,0,0,0.0,0,0.0,0.0,0.0,0.0,0.0,1.0,1.0,0,0,0.0,0.0,0,0,0,0,0.0,0.0,0.0,0.0,0,0,0,0,0,0,0,0,0,0,0,0,0.0,0.0,0,0,0,0,0,0,0,0,0,0,0,0.0,0,0.0,0.95,0,0.0,0,0,0.0,0,0,0,0,0.0,0,52.1,65.5,0.0,0.0,0.0,50.0,0,0,7476,0
PJME_biomass_1,PJME,Biomass,1,242,15,0,0,0,1,0,0,0,0,0.0,0.0,0,0,0.0,101.0,0.0,111.0,201.576,-1,0.67,0,0.0,0.0,0,0,0,0.0,0.0,0.0,0,157220,0.0,0,0,4.05,0.0,0,0,172.0,0.0,10.85,1.684,1.222,waste_biomass,0.323,0.0,1.0,1.0,0.0,0.0,0.0,0.0,0.0,0.0,0.0,0,0,0,0.0,0,0.0,0.0,0.0,0.0,0.0,1.0,1.0,0,0,0.0,0.0,0,0,0,0,0.0,0.0,0.0,0.0,0,0,0,0,0,0,0,0,0,0,0,0,0.0,0.0,0,0,0,0,0,0,0,0,0,1,0,0.0,1,0.0,0.93,0,0.0,0,0,0.0,0,0,0,0,0.0,0,0.0,0.0,0.0,0.0,0.0,50.0,0,0,157220,0
PJME_biomass_2,PJME,Biomass,2,243,15,0,0,0,1,0,0,0,0,0.0,0.0,0,0,0.0,191.0,0.0,7.0,44.303,-1,2.32,0,0.0,0.0,0,0,0,0.0,0.0,0.0,0,157220,0.0,0,0,7.47,0.0,0,0,172.0,0.0,20.02,2.779,2.008,waste_biomass,0.205,0.0,1.0,1.0,0.0,0.0,0.0,0.0,0.0,0.0,0.0,0,0,0,0.0,0,0.0,0.0,0.0,0.0,0.0,1.0,1.0,0,0,0.0,0.0,0,0,0,0,0.0,0.0,0.0,0.0,0,0,0,0,0,0,0,0,0,0,0,0,0.0,0.0,0,0,0,0,0,0,0,0,0,1,0,0.0,1,0.0,0.93,0,0.0,0,0,0.0,0,0,0,0,0.0,0,279.1,0.0,0.0,0.0,0.0,50.0,0,0,157220,0
PJME_conventional_hydroelectric_1,PJME,Conventional Hydroelectric,1,244,15,0,0,0,0,0,0,1,0,0.0,0.0,0,0,0.0,1318.0,0.0,14.0,612.094,-1,43.72,0,0.0,0.0,0,0,0,0.0,0.0,0.0,0,47048,0.0,0,0,0.0,0.0,0,0,0.0,0.0,8.84,0.0,0.103,None,0.109,0.0,1.0,1.0,1.0,0.0,0.0,0.0,0.0,0.0,0.0,0,0,0,0.0,0,0.0,0.0,0.0,0.0,0.0,1.0,1.0,0,0,0.0,0.0,0,0,0,0,0.0,0.0,0.0,0.3476340258451194,0,0,0,0,0,0,0,0,0,0,0,0,0.0,0.0,0,0,0,0,0,0,0,0,0,1,0,0.0,0,0.0,0.8,0,0.0,0,0,0.0,0,0,0,0,0.0,0,199.4,0.0,0.0,0.0,0.0,50.0,0,0,47048,0
PJME_conventional_steam_coal_1,PJME,Conventional Steam Coal,1,245,15,0,1,0,0,0,0,0,0,0.0,0.0,0,0,0.0,0.0,0.0,6.0,4147.998,-1,691.33,0,0.0,0.0,0,0,0,0.0,0.0,0.0,0,61508,0.0,0,0,1.88,0.0,0,0,124.0,16.5,11.15,0.583,0.964,middle_atlantic_coal,0.5,0.0,1.0,1.0,0.0,0.0,0.0,0.095,0.19,0.0,0.0,0,0,0,0.0,0,0.0,0.0,0.0,0.0,0.0,0.57,0.57,24,24,0.0,0.0,0,0,0,0,0.0,0.0,0.0,0.0,0,0,0,0,0,0,0,0,0,0,0,0,0.0,0.0,0,0,0,0,0,0,0,0,0,0,0,0.0,0,0.0,0.93,0,0.0,0,0,0.0,0,0,0,0,0.0,0,3292.0,0.0,0.0,0.0,0.0,50.0,0,0,61508,0
PJME_conventional_steam_coal_2,PJME,Conventional Steam Coal,2,246,15,0,1,0,0,0,0,0,0,0.0,0.0,0,0,0.0,0.0,0.0,8.0,563.904,-1,70.49,0,0.0,0.0,0,0,0,0.0,0.0,0.0,0,75944,0.0,0,0,1.88,0.0,0,0,124.0,16.5,14.3,4.156,3.484,middle_atlantic_coal,0.5,0.0,1.0,1.0,0.0,0.0,0.0,0.095,0.19,0.0,0.0,0,0,0,0.0,0,0.0,0.0,0.0,0.0,0.0,0.57,0.57,24,24,0.0,0.0,0,0,0,0,0.0,0.0,0.0,0.0,0,0,0,0,0,0,0,0,0,0,0,0,0.0,0.0,0,0,0,0,0,0,0,0,0,0,0,0.0,0,0.0,0.93,0,0.0,0,0,0.0,0,0,0,0,0.0,0,305.0,0.0,0.0,0.0,0.0,50.0,0,0,75944,0
PJME_hydroelectric_pumped_storage_1,PJME,Hydroelectric Pumped Storage,1,247,15,0,0,0,0,1,0,0,0,0.0,0.0,0,0,30101.0,1942.0,0.0,13.0,1942.005,-1,149.38,0,0.0,0.0,0,0,0,0.0,0.0,0.0,0,47048,0.0,0,0,0.0,0.0,0,0,0.0,0.0,0.0,0.0,0.0,None,0.391,0.0,0.866,0.866,0.0,1.0,20.0,0.0,0.0,0.0,0.0,0,0,0,0.0,0,0.0,0.0,0.0,0.0,0.0,1.0,1.0,0,0,0.0,0.0,0,0,0,0,0.0,0.0,0.0,0.0,0,0,0,0,0,0,0,0,0,0,0,0,0.0,0.0,0,0,0,0,0,0,0,0,0,0,0,0.0,0,0.0,0.95,0,0.0,0,0,0.0,0,0,0,0,0.0,0,0.0,0.0,0.0,0.0,0.0,50.0,0,0,47048,0
PJME_natural_gas_fired_combined_cycle_1,PJME,Natural Gas Fired Combined Cycle,1,248,15,0,1,0,0,0,0,0,0,0.0,0.0,0,0,0.0,4314.0,0.0,18.0,3857.904,-1,214.33,0,0.0,0.0,0,0,0,0.0,0.0,0.0,0,14449,0.0,0,0,4.2,0.0,0,0,92.0,2.0,11.36,3.183,3.266,middle_atlantic_naturalgas,0.3,0.0,1.0,1.0,0.0,0.0,0.0,0.106666667,0.213333333,0.0,0.0,0,0,0,0.0,0,0.0,0.0,0.0,0.0,0.0,0.64,0.64,6,6,0.0,0.0,0,0,0,0,0.0,0.0,0.0,0.0,0,0,0,0,0,0,0,0,0,0,0,0,0.0,0.0,0,0,0,0,0,0,0,0,0,0,0,0.0,0,0.0,0.93,0,0.0,0,0,0.0,0,0,0,0,0.0,0,224.0,0.0,0.0,0.0,0.0,50.0,0,0,14449,0
PJME_natural_gas_fired_combined_cycle_2,PJME,Natural Gas Fired Combined Cycle,2,249,15,0,1,0,0,0,0,0,0,0.0,0.0,0,0,0.0,24224.0,0.0,36.0,22981.104,-1,638.36,0,0.0,0.0,0,0,0,0.0,0.0,0.0,0,11173,0.0,0,0,3.58,0.0,0,0,92.0,2.0,7.16,0.943,0.722,middle_atlantic_naturalgas,0.3,0.0,1.0,1.0,0.0,0.0,0.0,0.106666667,0.213333333,0.0,0.0,0,0,0,0.0,0,0.0,0.0,0.0,0.0,0.0,0.64,0.64,6,6,0.0,0.0,0,0,0,0,0.0,0.0,0.0,0.0,0,0,0,0,0,0,0,0,0,0,0,0,0.0,0.0,0,0,0,0,0,0,0,0,0,0,0,0.0,0,0.0,0.93,0,0.0,0,0,0.0,0,0,0,0,0.0,0,0.0,0.0,0.0,0.0,0.0,50.0,0,0,11173,0
PJME_natural_gas_fired_combustion_turbine_1,PJME,Natural Gas Fired Combustion Turbine,1,250,15,0,1,0,0,0,0,0,0,0.0,0.0,0,0,0.0,286.0,0.0,5.0,267.5,-1,53.5,0,0.0,0.0,0,0,0,0.0,0.0,0.0,0,10931,0.0,0,0,6.8,0.0,0,0,119.0,3.5,25.22,0.0,1.423,middle_atlantic_naturalgas,0.3,0.0,1.0,1.0,0.0,0.0,0.0,0.106666667,0.213333333,0.0,0.0,0,0,0,0.0,0,0.0,0.0,0.0,0.0,0.0,3.78,3.78,1,1,0.0,0.0,0,0,0,0,0.0,0.0,0.0,0.0,0,0,0,0,0,0,0,0,0,0,0,0,0.0,0.0,0,0,0,0,0,0,0,0,0,0,0,0.0,0,0.0,0.93,0,0.0,0,0,0.0,0,0,0,0,0.0,0,0.0,0.0,0.0,0.0,0.0,50.0,0,0,10931,0
PJME_natural_gas_fired_combustion_turbine_2,PJME,Natural Gas Fired Combustion Turbine,2,251,15,0,1,0,0,0,0,0,0,0.0,0.0,0,0,0.0,4258.0,0.0,43.0,3919.02,-1,91.14,0,0.0,0.0,0,0,0,0.0,0.0,0.0,0,9751,0.0,0,0,6.8,0.0,0,0,119.0,3.5,12.0,0.754,1.359,middle_atlantic_naturalgas,0.3,0.0,1.0,1.0,0.0,0.0,0.0,0.106666667,0.213333333,0.0,0.0,0,0,0,0.0,0,0.0,0.0,0.0,0.0,0.0,3.78,3.78,1,1,0.0,0.0,0,0,0,0,0.0,0.0,0.0,0.0,0,0,0,0,0,0,0,0,0,0,0,0,0.0,0.0,0,0,0,0,0,0,0,0,0,0,0,0.0,0,0.0,0.93,0,0.0,0,0,0.0,0,0,0,0,0.0,0,59.0,0.0,0.0,0.0,0.0,50.0,0,0,9751,0
PJME_natural_gas_fired_combustion_turbine_3,PJME,Natural Gas Fired Combustion Turbine,3,252,15,0,1,0,0,0,0,0,0,0.0,0.0,0,0,0.0,998.0,0.0,44.0,888.404,-1,20.19,0,0.0,0.0,0,0,0,0.0,0.0,0.0,0,13412,0.0,0,0,6.8,0.0,0,0,119.0,3.5,11.49,2.439,2.422,middle_atlantic_naturalgas,0.3,0.0,1.0,1.0,0.0,0.0,0.0,0.106666667,0.213333333,0.0,0.0,0,0,0,0.0,0,0.0,0.0,0.0,0.0,0.0,3.78,3.78,1,1,0.0,0.0,0,0,0,0,0.0,0.0,0.0,0.0,0,0,0,0,0,0,0,0,0,0,0,0,0.0,0.0,0,0,0,0,0,0,0,0,0,0,0,0.0,0,0.0,0.93,0,0.0,0,0,0.0,0,0,0,0,0.0,0,0.0,0.0,0.0,0.0,0.0,50.0,0,0,13412,0
PJME_natural_gas_internal_combustion_engine_1,PJME,Natural Gas Internal Combustion Engine,1,253,15,0,1,0,0,0,0,0,0,0.0,0.0,0,0,0.0,265.0,0.0,83.0,264.77,-1,3.19,0,0.0,0.0,0,0,0,0.0,0.0,0.0,0,24000,0.0,0,0,5.95,0.0,0,0,38.0,0.0,8.98,1.079,1.111,middle_atlantic_naturalgas,0.18,0.0,1.0,1.0,0.0,0.0,0.0,0.106666667,0.213333333,0.0,0.0,0,0,0,0.0,0,0.0,0.0,0.0,0.0,0.0,3.78,3.78,1,1,0.0,0.0,0,0,0,0,0.0,0.0,0.0,0.0,0,0,0,0,0,0,0,0,0,0,0,0,0.0,0.0,0,0,0,0,0,0,0,0,0,0,0,0.0,0,0.0,0.93,0,0.0,0,0,0.0,0,0,0,0,0.0,0,0.0,0.0,0.0,0.0,0.0,50.0,0,0,24000,0
PJME_natural_gas_steam_turbine_1,PJME,Natural Gas Steam Turbine,1,254,15,0,1,0,0,0,0,0,0,0.0,0.0,0,0,0.0,0.0,0.0,6.0,88.602,-1,14.77,0,0.0,0.0,0,0,0,0.0,0.0,0.0,0,51303,0.0,0,0,1.06,0.0,0,0,87.0,13.7,17.51,7.124,4.133,middle_atlantic_naturalgas,0.5,0.0,1.0,1.0,0.0,0.0,0.0,0.63,1.26,0.0,0.0,0,0,0,0.0,0,0.0,0.0,0.0,0.0,0.0,0.64,0.64,6,6,0.0,0.0,0,0,0,0,0.0,0.0,0.0,0.0,0,0,0,0,0,0,0,0,0,0,0,0,0.0,0.0,0,0,0,0,0,0,0,0,0,0,0,0.0,0,0.0,0.93,0,0.0,0,0,0.0,0,0,0,0,0.0,0,1.6,0.0,0.0,0.0,0.0,50.0,0,0,51303,0
PJME_nuclear_1,PJME,Nuclear,1,255,15,0,1,0,0,0,0,0,0,0.0,0.0,0,0,0.0,12828.0,0.0,11.0,12829.399,-1,1166.31,0,0.0,0.0,0,0,0,0.0,0.0,0.0,0,200756,0.0,0,0,2.47,0.0,0,0,248.0,0.0,10.45,0.0,0.0,middle_atlantic_uranium,0.5,0.0,1.0,1.0,0.0,0.0,0.0,0.041666667,0.083333333,0.0,0.0,0,0,0,0.0,0,0.0,0.0,0.0,0.0,0.0,0.25,0.25,24,24,0.0,0.0,0,0,0,0,0.0,0.0,0.0,0.0,0,0,0,0,0,0,0,0,0,0,0,0,0.0,0.0,0,0,0,0,0,0,0,0,0,1,0,0.0,0,0.0,0.93,0,0.0,0,0,0.0,0,0,0,0,0.0,0,0.0,0.0,0.0,0.0,0.0,50.0,0,0,200756,0
PJME_onshore_wind_turbine_1,PJME,Onshore Wind Turbine,1,256,15,1,0,1,0,0,0,0,0,0.0,0.0,0,0,0.0,1314.0,0.0,23.0,1210.904,-1,52.65,0,0.0,0.0,0,0,0,0.0,0.0,0.0,0,30300,0.0,0,0,0.0,0.0,0,0,0.0,0.0,8.84,0.0,0.072,None,0.0,0.0,1.0,1.0,0.0,0.0,0.0,0.0,0.0,0.0,0.0,0,0,0,0.0,0,0.0,0.0,0.0,0.0,0.0,1.0,1.0,0,0,0.0,0.0,0,0,0,0,0.0,0.0,0.0,0.2468179207761932,0,0,0,0,0,0,0,0,0,0,0,0,0.0,0.0,0,0,0,0,0,0,0,1,0,1,0,0.0,1,0.0,0.8,0,0.0,0,0,0.0,0,0,0,0,0.0,0,103.5,0.0,0.0,0.0,0.0,50.0,0,0,30300,0
PJME_petroleum_liquids_1,PJME,Petroleum Liquids,1,257,15,0,1,0,0,0,0,0,0,0.0,0.0,0,0,0.0,1.0,0.0,88.0,630.872,-1,7.17,0,0.0,0.0,0,0,0,0.0,0.0,0.0,0,24000,0.0,0,0,8.49,0.0,0,0,38.0,0.0,12.81,4.543,5.668,middle_atlantic_distillate,0.18,0.0,1.0,1.0,0.0,0.0,0.0,0.0,0.0,0.0,0.0,0,0,0,0.0,0,0.0,0.0,0.0,0.0,0.0,3.78,3.78,1,1,0.0,0.0,0,0,0,0,0.0,0.0,0.0,0.0,0,0,0,0,0,0,0,0,0,0,0,0,0.0,0.0,0,0,0,0,0,0,0,0,0,0,0,0.0,0,0.0,0.93,0,0.0,0,0,0.0,0,0,0,0,0.0,0,10.5,0.0,0.0,0.0,0.0,50.0,0,0,24000,0
PJME_small_hydroelectric_1,PJME,Small Hydroelectric,1,258,15,0,0,0,1,0,0,0,0,0.0,0.0,0,0,0.0,88.0,0.0,21.0,130.494,-1,3.26,0,0.0,0.0,0,0,0,0.0,0.0,0.0,0,47048,0.0,0,0,0.0,0.0,0,0,0.0,0.0,8.84,0.0,0.001,None,0.407,0.0,1.0,1.0,0.0,0.0,0.0,0.0,0.0,0.0,0.0,0,0,0,0.0,0,0.0,0.0,0.0,0.0,0.0,1.0,1.0,0,0,0.0,0.0,0,0,0,0,0.0,0.0,0.0,0.3476340258451194,0,0,0,0,0,0,0,0,0,0,0,0,0.0,0.0,0,0,0,0,0,0,0,0,0,1,0,0.0,1,0.0,0.8,0,0.0,0,0,0.0,0,0,0,0,0.0,0,0.0,0.0,0.0,0.0,0.0,50.0,0,0,47048,0
PJME_solar_photovoltaic_1,PJME,Solar Photovoltaic,1,259,15,1,0,1,0,0,0,0,0,0.0,0.0,0,0,0.0,2210.0,0.0,526.0,2209.726,-1,4.2,0,0.0,0.0,0,0,0,0.0,0.0,0.0,0,22528,0.0,0,0,0.0,0.0,0,0,0.0,0.0,9.06,0.367,0.183,None,0.0,0.0,1.0,1.0,0.0,0.0,0.0,0.0,0.0,0.0,0.0,0,0,0,0.0,0,0.0,0.0,0.0,0.0,0.0,1.0,1.0,0,0,0.0,0.0,0,0,0,0,0.0,0.0,0.0,0.2144955272721871,0,0,0,0,0,0,0,0,0,0,0,0,0.0,0.0,0,0,0,0,0,0,0,1,0,1,0,0.0,1,0.0,0.8,0,0.0,0,0,0.0,0,0,0,0,0.0,0,0.4,0.0,0.0,0.0,0.0,50.0,0,0,22528,0
PJMW_batteries_1,PJMW,Batteries,1,260,16,0,0,0,0,1,0,0,0,0.0,0.0,0,0,178.0,92.0,0.0,3.0,18.801,-1,6.27,0,0.0,0.0,0,0,0,0.0,0.0,0.0,0,7476,0.0,0,0,0.15,0.15,0,0,0.0,0.0,9.26,0.282,0.511,None,0.0,0.0,0.92,0.92,0.0,1.0,10.0,0.0,0.0,0.0,0.0,0,0,0,0.0,0,0.0,0.0,0.0,0.0,0.0,1.0,1.0,0,0,0.0,0.0,0,0,0,0,0.0,0.0,0.0,0.0,0,0,0,0,0,0,0,0,0,0,0,0,0.0,0.0,0,0,0,0,0,0,0,0,0,0,0,0.0,0,0.0,0.95,0,0.0,0,0,0.0,0,0,0,0,0.0,0,13.0,19.0,0.0,0.0,0.0,50.0,0,0,7476,0
PJMW_biomass_1,PJMW,Biomass,1,261,16,0,0,0,1,0,0,0,0,0.0,0.0,0,0,0.0,22.0,0.0,132.0,86.328,-1,0.15,0,0.0,0.0,0,0,0,0.0,0.0,0.0,0,157220,0.0,0,0,4.44,0.0,0,0,172.0,0.0,11.88,0.432,0.554,waste_biomass,0.417,0.0,1.0,1.0,0.0,0.0,0.0,0.0,0.0,0.0,0.0,0,0,0,0.0,0,0.0,0.0,0.0,0.0,0.0,1.0,1.0,0,0,0.0,0.0,0,0,0,0,0.0,0.0,0.0,0.0,0,0,0,0,0,0,0,0,0,0,0,0,0.0,0.0,0,0,0,0,0,0,0,0,0,1,0,0.0,1,0.0,0.93,0,0.0,0,0,0.0,0,0,0,0,0.0,0,3.2,0.0,0.0,0.0,0.0,50.0,0,0,157220,0
PJMW_biomass_2,PJMW,Biomass,2,262,16,0,0,0,1,0,0,0,0,0.0,0.0,0,0,0.0,13.0,0.0,10.0,23.2,-1,0.53,0,0.0,0.0,0,0,0,0.0,0.0,0.0,0,157220,0.0,0,0,3.34,0.0,0,0,172.0,0.0,8.95,1.007,0.867,waste_biomass,0.172,0.0,1.0,1.0,0.0,0.0,0.0,0.0,0.0,0.0,0.0,0,0,0,0.0,0,0.0,0.0,0.0,0.0,0.0,1.0,1.0,0,0,0.0,0.0,0,0,0,0,0.0,0.0,0.0,0.0,0,0,0,0,0,0,0,0,0,0,0,0,0.0,0.0,0,0,0,0,0,0,0,0,0,1,0,0.0,1,0.0,0.93,0,0.0,0,0,0.0,0,0,0,0,0.0,0,0.0,0.0,0.0,0.0,0.0,50.0,0,0,157220,0
PJMW_conventional_hydroelectric_1,PJMW,Conventional Hydroelectric,1,263,16,0,0,0,0,0,0,1,0,0.0,0.0,0,0,0.0,885.0,0.0,28.0,832.804,-1,29.74,0,0.0,0.0,0,0,0,0.0,0.0,0.0,0,47048,0.0,0,0,0.0,0.0,0,0,0.0,0.0,8.85,0.0,0.154,None,0.208,0.0,1.0,1.0,1.0,0.0,0.0,0.0,0.0,0.0,0.0,0,0,0,0.0,0,0.0,0.0,0.0,0.0,0.0,1.0,1.0,0,0,0.0,0.0,0,0,0,0,0.0,0.0,0.0,0.3073955905848736,0,0,0,0,0,0,0,0,0,0,0,0,0.0,0.0,0,0,0,0,0,0,0,0,0,1,0,0.0,0,0.0,0.8,0,0.0,0,0,0.0,0,0,0,0,0.0,0,0.0,0.0,0.0,0.0,0.0,50.0,0,0,47048,0
PJMW_conventional_steam_coal_1,PJMW,Conventional Steam Coal,1,264,16,0,1,0,0,0,0,0,0,0.0,0.0,0,0,0.0,0.0,0.0,20.0,14300.0,-1,715.0,0,0.0,0.0,0,0,0,0.0,0.0,0.0,0,63764,0.0,0,0,1.88,0.0,0,0,124.0,16.5,10.21,0.764,0.991,east_north_central_coal,0.5,0.0,1.0,1.0,0.0,0.0,0.0,0.095,0.19,0.0,0.0,0,0,0,0.0,0,0.0,0.0,0.0,0.0,0.0,0.57,0.57,24,24,0.0,0.0,0,0,0,0,0.0,0.0,0.0,0.0,0,0,0,0,0,0,0,0,0,0,0,0,0.0,0.0,0,0,0,0,0,0,0,0,0,0,0,0.0,0,0.0,0.93,0,0.0,0,0,0.0,0,0,0,0,0.0,0,2858.0,0.0,0.0,0.0,0.0,50.0,0,0,63764,0
PJMW_conventional_steam_coal_2,PJMW,Conventional Steam Coal,2,265,16,0,1,0,0,0,0,0,0,0.0,0.0,0,0,0.0,0.0,0.0,0.0,0.0,-1,1.0,0,0.0,0.0,0,0,0,0.0,0.0,0.0,0,73798,0.0,0,0,1.88,0.0,0,0,124.0,16.5,20.7,3.392,2.867,east_north_central_coal,0.5,0.0,1.0,1.0,0.0,0.0,0.0,0.095,0.19,0.0,0.0,0,0,0,0.0,0,0.0,0.0,0.0,0.0,0.0,0.57,0.57,24,24,0.0,0.0,0,0,0,0,0.0,0.0,0.0,0.0,0,0,0,0,0,0,0,0,0,0,0,0,0.0,0.0,0,0,0,0,0,0,0,0,0,0,0,0.0,0,0.0,0.93,0,0.0,0,0,0.0,0,0,0,0,0.0,0,15.2,0.0,0.0,0.0,0.0,50.0,0,0,73798,0
PJMW_conventional_steam_coal_3,PJMW,Conventional Steam Coal,3,266,16,0,1,0,0,0,0,0,0,0.0,0.0,0,0,0.0,0.0,0.0,3.0,324.999,-1,108.33,0,0.0,0.0,0,0,0,0.0,0.0,0.0,0,75839,0.0,0,0,1.88,0.0,0,0,124.0,16.5,12.45,2.365,1.756,east_north_central_coal,0.5,0.0,1.0,1.0,0.0,0.0,0.0,0.095,0.19,0.0,0.0,0,0,0,0.0,0,0.0,0.0,0.0,0.0,0.0,0.57,0.57,24,24,0.0,0.0,0,0,0,0,0.0,0.0,0.0,0.0,0,0,0,0,0,0,0,0,0,0,0,0,0.0,0.0,0,0,0,0,0,0,0,0,0,0,0,0.0,0,0.0,0.93,0,0.0,0,0,0.0,0,0,0,0,0.0,0,225.0,0.0,0.0,0.0,0.0,50.0,0,0,75839,0
PJMW_hydroelectric_pumped_storage_1,PJMW,Hydroelectric Pumped Storage,1,267,16,0,0,0,0,1,0,0,0,0.0,0.0,0,0,3689.0,238.0,0.0,3.0,237.999,-1,79.33,0,0.0,0.0,0,0,0,0.0,0.0,0.0,0,47048,0.0,0,0,0.0,0.0,0,0,0.0,0.0,0.0,0.0,0.0,None,0.987,0.0,0.866,0.866,0.0,1.0,20.0,0.0,0.0,0.0,0.0,0,0,0,0.0,0,0.0,0.0,0.0,0.0,0.0,1.0,1.0,0,0,0.0,0.0,0,0,0,0,0.0,0.0,0.0,0.0,0,0,0,0,0,0,0,0,0,0,0,0,0.0,0.0,0,0,0,0,0,0,0,0,0,0,0,0.0,0,0.0,0.95,0,0.0,0,0,0.0,0,0,0,0,0.0,0,0.0,0.0,0.0,0.0,0.0,50.0,0,0,47048,0
PJMW_natural_gas_fired_combined_cycle_1,PJMW,Natural Gas Fired Combined Cycle,1,268,16,0,1,0,0,0,0,0,0,0.0,0.0,0,0,0.0,8508.0,0.0,31.0,18210.795,-1,587.45,0,0.0,0.0,0,0,0,0.0,0.0,0.0,0,11107,0.0,0,0,3.58,0.0,0,0,92.0,2.0,6.75,0.503,0.292,east_north_central_naturalgas,0.3,0.0,1.0,1.0,0.0,0.0,0.0,0.106666667,0.213333333,0.0,0.0,0,0,0,0.0,0,0.0,0.0,0.0,0.0,0.0,0.64,0.64,6,6,0.0,0.0,0,0,0,0,0.0,0.0,0.0,0.0,0,0,0,0,0,0,0,0,0,0,0,0,0.0,0.0,0,0,0,0,0,0,0,0,0,0,0,0.0,0,0.0,0.93,0,0.0,0,0,0.0,0,0,0,0,0.0,0,0.0,0.0,0.0,0.0,0.0,50.0,0,0,11107,0
PJMW_natural_gas_fired_combined_cycle_2,PJMW,Natural Gas Fired Combined Cycle,2,269,16,0,1,0,0,0,0,0,0,0.0,0.0,0,0,0.0,0.0,0.0,9.0,851.202,-1,94.58,0,0.0,0.0,0,0,0,0.0,0.0,0.0,0,16492,0.0,0,0,4.55,0.0,0,0,92.0,2.0,8.19,3.992,3.964,east_north_central_naturalgas,0.3,0.0,1.0,1.0,0.0,0.0,0.0,0.106666667,0.213333333,0.0,0.0,0,0,0,0.0,0,0.0,0.0,0.0,0.0,0.0,0.64,0.64,6,6,0.0,0.0,0,0,0,0,0.0,0.0,0.0,0.0,0,0,0,0,0,0,0,0,0,0,0,0,0.0,0.0,0,0,0,0,0,0,0,0,0,0,0,0.0,0,0.0,0.93,0,0.0,0,0,0.0,0,0,0,0,0.0,0,269.4,0.0,0.0,0.0,0.0,50.0,0,0,16492,0
PJMW_natural_gas_fired_combustion_turbine_1,PJMW,Natural Gas Fired Combustion Turbine,1,270,16,0,1,0,0,0,0,0,0,0.0,0.0,0,0,0.0,0.0,0.0,31.0,668.701,-1,21.57,0,0.0,0.0,0,0,0,0.0,0.0,0.0,0,13412,0.0,0,0,6.8,0.0,0,0,119.0,3.5,12.99,5.808,2.962,east_north_central_naturalgas,0.3,0.0,1.0,1.0,0.0,0.0,0.0,0.106666667,0.213333333,0.0,0.0,0,0,0,0.0,0,0.0,0.0,0.0,0.0,0.0,3.78,3.78,1,1,0.0,0.0,0,0,0,0,0.0,0.0,0.0,0.0,0,0,0,0,0,0,0,0,0,0,0,0,0.0,0.0,0,0,0,0,0,0,0,0,0,0,0,0.0,0,0.0,0.93,0,0.0,0,0,0.0,0,0,0,0,0.0,0,0.0,0.0,0.0,0.0,0.0,50.0,0,0,13412,0
PJMW_natural_gas_fired_combustion_turbine_2,PJMW,Natural Gas Fired Combustion Turbine,2,271,16,0,1,0,0,0,0,0,0,0.0,0.0,0,0,0.0,0.0,0.0,94.0,10942.446,-1,116.41,0,0.0,0.0,0,0,0,0.0,0.0,0.0,0,9279,0.0,0,0,6.8,0.0,0,0,119.0,3.5,11.88,1.86,1.592,east_north_central_naturalgas,0.3,0.0,1.0,1.0,0.0,0.0,0.0,0.106666667,0.213333333,0.0,0.0,0,0,0,0.0,0,0.0,0.0,0.0,0.0,0.0,3.78,3.78,1,1,0.0,0.0,0,0,0,0,0.0,0.0,0.0,0.0,0,0,0,0,0,0,0,0,0,0,0,0,0.0,0.0,0,0,0,0,0,0,0,0,0,0,0,0.0,0,0.0,0.93,0,0.0,0,0,0.0,0,0,0,0,0.0,0,0.0,0.0,0.0,0.0,0.0,50.0,0,0,9279,0
PJMW_natural_gas_fired_combustion_turbine_3,PJMW,Natural Gas Fired Combustion Turbine,3,272,16,0,1,0,0,0,0,0,0,0.0,0.0,0,0,0.0,0.0,0.0,0.0,0.0,-1,1.0,0,0.0,0.0,0,0,0,0.0,0.0,0.0,0,11758,0.0,0,0,6.8,0.0,0,0,119.0,3.5,25.3,0.177,3.165,east_north_central_naturalgas,0.3,0.0,1.0,1.0,0.0,0.0,0.0,0.106666667,0.213333333,0.0,0.0,0,0,0,0.0,0,0.0,0.0,0.0,0.0,0.0,3.78,3.78,1,1,0.0,0.0,0,0,0,0,0.0,0.0,0.0,0.0,0,0,0,0,0,0,0,0,0,0,0,0,0.0,0.0,0,0,0,0,0,0,0,0,0,0,0,0.0,0,0.0,0.93,0,0.0,0,0,0.0,0,0,0,0,0.0,0,0.0,0.0,0.0,0.0,0.0,50.0,0,0,11758,0
PJMW_natural_gas_internal_combustion_engine_1,PJMW,Natural Gas Internal Combustion Engine,1,273,16,0,1,0,0,0,0,0,0,0.0,0.0,0,0,0.0,0.0,0.0,22.0,83.292,-1,3.79,0,0.0,0.0,0,0,0,0.0,0.0,0.0,0,24000,0.0,0,0,6.53,0.0,0,0,38.0,0.0,9.86,5.973,2.889,east_north_central_naturalgas,0.18,0.0,1.0,1.0,0.0,0.0,0.0,0.106666667,0.213333333,0.0,0.0,0,0,0,0.0,0,0.0,0.0,0.0,0.0,0.0,3.78,3.78,1,1,0.0,0.0,0,0,0,0,0.0,0.0,0.0,0.0,0,0,0,0,0,0,0,0,0,0,0,0,0.0,0.0,0,0,0,0,0,0,0,0,0,0,0,0.0,0,0.0,0.93,0,0.0,0,0,0.0,0,0,0,0,0.0,0,0.0,0.0,0.0,0.0,0.0,50.0,0,0,24000,0
PJMW_natural_gas_steam_turbine_1,PJMW,Natural Gas Steam Turbine,1,274,16,0,1,0,0,0,0,0,0,0.0,0.0,0,0,0.0,0.0,0.0,16.0,50.496,-1,3.16,0,0.0,0.0,0,0,0,0.0,0.0,0.0,0,51303,0.0,0,0,1.06,0.0,0,0,87.0,13.7,9.29,2.296,2.853,east_north_central_naturalgas,0.5,0.0,1.0,1.0,0.0,0.0,0.0,0.63,1.26,0.0,0.0,0,0,0,0.0,0,0.0,0.0,0.0,0.0,0.0,0.64,0.64,6,6,0.0,0.0,0,0,0,0,0.0,0.0,0.0,0.0,0,0,0,0,0,0,0,0,0,0,0,0,0.0,0.0,0,0,0,0,0,0,0,0,0,0,0,0.0,0,0.0,0.93,0,0.0,0,0,0.0,0,0,0,0,0.0,0,0.0,0.0,0.0,0.0,0.0,50.0,0,0,51303,0
PJMW_nuclear_1,PJMW,Nuclear,1,275,16,0,1,0,0,0,0,0,0,0.0,0.0,0,0,0.0,6325.0,0.0,6.0,6325.998,-1,1054.33,0,0.0,0.0,0,0,0,0.0,0.0,0.0,0,221445,0.0,0,0,2.47,0.0,0,0,248.0,0.0,10.45,0.0,0.0,east_north_central_uranium,0.5,0.0,1.0,1.0,0.0,0.0,0.0,0.041666667,0.083333333,0.0,0.0,0,0,0,0.0,0,0.0,0.0,0.0,0.0,0.0,0.25,0.25,24,24,0.0,0.0,0,0,0,0,0.0,0.0,0.0,0.0,0,0,0,0,0,0,0,0,0,0,0,0,0.0,0.0,0,0,0,0,0,0,0,0,0,1,0,0.0,0,0.0,0.93,0,0.0,0,0,0.0,0,0,0,0,0.0,0,0.0,0.0,0.0,0.0,0.0,50.0,0,0,221445,0
PJMW_onshore_wind_turbine_1,PJMW,Onshore Wind Turbine,1,276,16,1,0,1,0,0,0,0,0,0.0,0.0,0,0,0.0,4454.0,0.0,69.0,4365.768,-1,63.27,0,0.0,0.0,0,0,0,0.0,0.0,0.0,0,30300,0.0,0,0,0.0,0.0,0,0,0.0,0.0,8.96,0.367,0.176,None,0.0,0.0,1.0,1.0,0.0,0.0,0.0,0.0,0.0,0.0,0.0,0,0,0,0.0,0,0.0,0.0,0.0,0.0,0.0,1.0,1.0,0,0,0.0,0.0,0,0,0,0,0.0,0.0,0.0,0.2336311837349298,0,0,0,0,0,0,0,0,0,0,0,0,0.0,0.0,0,0,0,0,0,0,0,1,0,1,0,0.0,1,0.0,0.8,0,0.0,0,0,0.0,0,0,0,0,0.0,0,88.2,0.0,0.0,0.0,0.0,50.0,0,0,30300,0
PJMW_petroleum_liquids_1,PJMW,Petroleum Liquids,1,277,16,0,1,0,0,0,0,0,0,0.0,0.0,0,0,0.0,0.0,0.0,106.0,184.97,-1,1.74,0,0.0,0.0,0,0,0,0.0,0.0,0.0,0,24000,0.0,0,0,7.05,0.0,0,0,38.0,0.0,10.63,1.285,4.308,east_north_central_distillate,0.18,0.0,1.0,1.0,0.0,0.0,0.0,0.0,0.0,0.0,0.0,0,0,0,0.0,0,0.0,0.0,0.0,0.0,0.0,3.78,3.78,1,1,0.0,0.0,0,0,0,0,0.0,0.0,0.0,0.0,0,0,0,0,0,0,0,0,0,0,0,0,0.0,0.0,0,0,0,0,0,0,0,0,0,0,0,0.0,0,0.0,0.93,0,0.0,0,0,0.0,0,0,0,0,0.0,0,12.0,0.0,0.0,0.0,0.0,50.0,0,0,24000,0
PJMW_small_hydroelectric_1,PJMW,Small Hydroelectric,1,278,16,0,0,0,1,0,0,0,0,0.0,0.0,0,0,0.0,242.0,0.0,94.0,287.922,-1,1.92,0,0.0,0.0,0,0,0,0.0,0.0,0.0,0,47048,0.0,0,0,0.0,0.0,0,0,0.0,0.0,8.84,0.0,0.001,None,0.075,0.0,1.0,1.0,0.0,0.0,0.0,0.0,0.0,0.0,0.0,0,0,0,0.0,0,0.0,0.0,0.0,0.0,0.0,1.0,1.0,0,0,0.0,0.0,0,0,0,0,0.0,0.0,0.0,0.3073955905848736,0,0,0,0,0,0,0,0,0,0,0,0,0.0,0.0,0,0,0,0,0,0,0,0,0,1,0,0.0,1,0.0,0.8,0,0.0,0,0,0.0,0,0,0,0,0.0,0,33.9,0.0,0.0,0.0,0.0,50.0,0,0,47048,0
PJMW_solar_photovoltaic_1,PJMW,Solar Photovoltaic,1,279,16,1,0,1,0,0,0,0,0,0.0,0.0,0,0,0.0,4143.0,0.0,132.0,4143.612,-1,31.39,0,0.0,0.0,0,0,0,0.0,0.0,0.0,0,22528,0.0,0,0,0.0,0.0,0,0,0.0,0.0,9.2,0.366,0.163,None,0.0,0.0,1.0,1.0,0.0,0.0,0.0,0.0,0.0,0.0,0.0,0,0,0,0.0,0,0.0,0.0,0.0,0.0,0.0,1.0,1.0,0,0,0.0,0.0,0,0,0,0,0.0,0.0,0.0,0.2349154484775832,0,0,0,0,0,0,0,0,0,0,0,0,0.0,0.0,0,0,0,0,0,0,0,1,0,1,0,0.0,1,0.0,0.8,0,0.0,0,0,0.0,0,0,0,0,0.0,0,0.0,0.0,0.0,0.0,0.0,50.0,0,0,22528,0
RMRG_batteries_1,RMRG,Batteries,1,280,17,0,0,0,0,1,0,0,0,0.0,0.0,0,0,364.0,240.0,0.0,4.0,231.0,-1,57.75,0,0.0,0.0,0,0,0,0.0,0.0,0.0,0,7476,0.0,0,0,0.15,0.15,0,0,0.0,0.0,9.21,0.0,0.0,None,0.0,0.0,0.92,0.92,0.0,1.0,10.0,0.0,0.0,0.0,0.0,0,0,0,0.0,0,0.0,0.0,0.0,0.0,0.0,1.0,1.0,0,0,0.0,0.0,0,0,0,0,0.0,0.0,0.0,0.0,0,0,0,0,0,0,0,0,0,0,0,0,0.0,0.0,0,0,0,0,0,0,0,0,0,0,0,0.0,0,0.0,0.0,0,0.0,0,0,0.95,0,0,0,0,0.0,0,9.2,26.7,0.0,0.0,0.0,50.0,0,0,7476,0
RMRG_biomass_1,RMRG,Biomass,1,281,17,0,0,0,1,0,0,0,0,0.0,0.0,0,0,0.0,6.0,0.0,6.0,18.9,-1,1.01,0,0.0,0.0,0,0,0,0.0,0.0,0.0,0,157220,0.0,0,0,4.48,0.0,0,0,172.0,0.0,11.99,0.0,0.139,waste_biomass,0.243,0.0,1.0,1.0,0.0,0.0,0.0,0.0,0.0,0.0,0.0,0,0,0,0.0,0,0.0,0.0,0.0,0.0,0.0,1.0,1.0,0,0,0.0,0.0,0,0,0,0,0.0,0.0,0.0,0.0,0,0,0,0,0,0,0,0,0,0,0,0,0.0,0.0,0,0,0,0,0,1,0,0,0,0,0,0.0,0,0.0,0.0,0,0.0,0,0,0.93,0,0,0,1,0.0,0,0.0,0.0,0.0,0.0,0.0,50.0,0,0,157220,0
RMRG_biomass_2,RMRG,Biomass,2,282,17,0,0,0,1,0,0,0,0,0.0,0.0,0,0,0.0,4.0,0.0,2.0,6.2,-1,1.0,0,0.0,0.0,0,0,0,0.0,0.0,0.0,0,157220,0.0,0,0,3.16,0.0,0,0,172.0,0.0,8.46,0.62,0.41,waste_biomass,0.194,0.0,1.0,1.0,0.0,0.0,0.0,0.0,0.0,0.0,0.0,0,0,0,0.0,0,0.0,0.0,0.0,0.0,0.0,1.0,1.0,0,0,0.0,0.0,0,0,0,0,0.0,0.0,0.0,0.0,0,0,0,0,0,0,0,0,0,0,0,0,0.0,0.0,0,0,0,0,0,1,0,0,0,0,0,0.0,0,0.0,0.0,0,0.0,0,0,0.93,0,0,0,1,0.0,0,4.8,0.0,0.0,0.0,0.0,50.0,0,0,157220,0
RMRG_conventional_hydroelectric_1,RMRG,Conventional Hydroelectric,1,283,17,0,0,0,0,0,0,1,0,0.0,0.0,0,0,0.0,709.0,0.0,24.0,707.304,-1,29.47,0,0.0,0.0,0,0,0,0.0,0.0,0.0,0,47048,0.0,0,0,0.0,0.0,0,0,0.0,0.0,8.85,0.0,0.12,None,0.0,0.0,1.0,1.0,1.0,0.0,0.0,0.0,0.0,0.0,0.0,0,0,0,0.0,0,0.0,0.0,0.0,0.0,0.0,1.0,1.0,0,0,0.0,0.0,0,0,0,0,0.0,0.0,0.0,0.2880901204327111,0,0,0,0,0,0,0,0,0,0,0,0,0.0,0.0,0,0,0,0,0,0,0,0,0,0,0,0.0,0,0.0,0.0,0,0.0,0,0,0.8,0,0,0,1,0.0,0,0.0,0.0,0.0,0.0,0.0,50.0,0,0,47048,0
RMRG_conventional_steam_coal_1,RMRG,Conventional Steam Coal,1,284,17,0,1,0,0,0,0,0,0,0.0,0.0,0,0,0.0,0.0,0.0,10.0,3581.0,-1,358.1,0,0.0,0.0,0,0,0,0.0,0.0,0.0,0,61738,0.0,0,0,1.88,0.0,0,0,124.0,16.5,10.65,1.464,0.745,mountain_coal,0.5,0.0,1.0,1.0,0.0,0.0,0.0,0.095,0.19,0.0,0.0,0,0,0,0.0,0,0.0,0.0,0.0,0.0,0.0,0.57,0.57,24,24,0.0,0.0,0,0,0,0,0.0,0.0,0.0,0.0,0,0,0,0,0,0,0,0,0,0,0,0,0.0,0.0,0,0,0,0,0,0,0,0,0,0,0,0.0,0,0.0,0.0,0,0.0,0,0,0.93,0,0,0,0,0.0,0,15.0,0.0,0.0,0.0,0.0,50.0,0,0,61738,0
RMRG_conventional_steam_coal_2,RMRG,Conventional Steam Coal,2,285,17,0,1,0,0,0,0,0,0,0.0,0.0,0,0,0.0,0.0,0.0,9.0,2654.001,-1,294.89,0,0.0,0.0,0,0,0,0.0,0.0,0.0,0,69901,0.0,0,0,1.88,0.0,0,0,124.0,16.5,11.44,1.111,0.707,mountain_coal,0.5,0.0,1.0,1.0,0.0,0.0,0.0,0.095,0.19,0.0,0.0,0,0,0,0.0,0,0.0,0.0,0.0,0.0,0.0,0.57,0.57,24,24,0.0,0.0,0,0,0,0,0.0,0.0,0.0,0.0,0,0,0,0,0,0,0,0,0,0,0,0,0.0,0.0,0,0,0,0,0,0,0,0,0,0,0,0.0,0,0.0,0.0,0,0.0,0,0,0.93,0,0,0,0,0.0,0,0.0,0.0,0.0,0.0,0.0,50.0,0,0,69901,0
RMRG_hydroelectric_pumped_storage_1,RMRG,Hydroelectric Pumped Storage,1,286,17,0,0,0,0,1,0,0,0,0.0,0.0,0,0,9005.5,581.0,0.0,5.0,580.8,-1,116.16,0,0.0,0.0,0,0,0,0.0,0.0,0.0,0,47048,0.0,0,0,0.0,0.0,0,0,0.0,0.0,0.0,0.0,0.0,None,0.258,0.0,0.866,0.866,0.0,1.0,20.0,0.0,0.0,0.0,0.0,0,0,0,0.0,0,0.0,0.0,0.0,0.0,0.0,1.0,1.0,0,0,0.0,0.0,0,0,0,0,0.0,0.0,0.0,0.0,0,0,0,0,0,0,0,0,0,0,0,0,0.0,0.0,0,0,0,0,0,0,0,0,0,0,0,0.0,0,0.0,0.0,0,0.0,0,0,0.95,0,0,0,0,0.0,0,0.0,0.0,0.0,0.0,0.0,50.0,0,0,47048,0
RMRG_natural_gas_fired_combined_cycle_1,RMRG,Natural Gas Fired Combined Cycle,1,287,17,0,1,0,0,0,0,0,0,0.0,0.0,0,0,0.0,0.0,0.0,10.0,1606.5,-1,160.65,0,0.0,0.0,0,0,0,0.0,0.0,0.0,0,16492,0.0,0,0,4.55,0.0,0,0,92.0,2.0,8.88,2.478,1.522,mountain_naturalgas,0.3,0.0,1.0,1.0,0.0,0.0,0.0,0.106666667,0.213333333,0.0,0.0,0,0,0,0.0,0,0.0,0.0,0.0,0.0,0.0,0.64,0.64,6,6,0.0,0.0,0,0,0,0,0.0,0.0,0.0,0.0,0,0,0,0,0,0,0,0,0,0,0,0,0.0,0.0,0,0,0,0,0,0,0,0,0,0,0,0.0,0,0.0,0.0,0,0.0,0,0,0.93,0,0,0,0,0.0,0,0.0,0.0,0.0,0.0,0.0,50.0,0,0,16492,0
RMRG_natural_gas_fired_combined_cycle_2,RMRG,Natural Gas Fired Combined Cycle,2,288,17,0,1,0,0,0,0,0,0,0.0,0.0,0,0,0.0,1955.0,0.0,3.0,1955.001,-1,651.67,0,0.0,0.0,0,0,0,0.0,0.0,0.0,0,9787,0.0,0,0,3.61,0.0,0,0,92.0,2.0,7.66,0.366,0.389,mountain_naturalgas,0.3,0.0,1.0,1.0,0.0,0.0,0.0,0.106666667,0.213333333,0.0,0.0,0,0,0,0.0,0,0.0,0.0,0.0,0.0,0.0,0.64,0.64,6,6,0.0,0.0,0,0,0,0,0.0,0.0,0.0,0.0,0,0,0,0,0,0,0,0,0,0,0,0,0.0,0.0,0,0,0,0,0,0,0,0,0,0,0,0.0,0,0.0,0.0,0,0.0,0,0,0.93,0,0,0,0,0.0,0,0.0,0.0,0.0,0.0,0.0,50.0,0,0,9787,0
RMRG_natural_gas_fired_combustion_turbine_1,RMRG,Natural Gas Fired Combustion Turbine,1,289,17,0,1,0,0,0,0,0,0,0.0,0.0,0,0,0.0,2774.0,0.0,35.0,2674.385,-1,76.41,0,0.0,0.0,0,0,0,0.0,0.0,0.0,0,10050,0.0,0,0,6.8,0.0,0,0,119.0,3.5,12.02,0.587,2.332,mountain_naturalgas,0.3,0.0,1.0,1.0,0.0,0.0,0.0,0.106666667,0.213333333,0.0,0.0,0,0,0,0.0,0,0.0,0.0,0.0,0.0,0.0,3.78,3.78,1,1,0.0,0.0,0,0,0,0,0.0,0.0,0.0,0.0,0,0,0,0,0,0,0,0,0,0,0,0,0.0,0.0,0,0,0,0,0,0,0,0,0,0,0,0.0,0,0.0,0.0,0,0.0,0,0,0.93,0,0,0,0,0.0,0,0.0,0.0,0.0,0.0,0.0,50.0,0,0,10050,0
RMRG_natural_gas_fired_combustion_turbine_2,RMRG,Natural Gas Fired Combustion Turbine,2,290,17,0,1,0,0,0,0,0,0,0.0,0.0,0,0,0.0,0.0,0.0,20.0,379.9,-1,19.0,0,0.0,0.0,0,0,0,0.0,0.0,0.0,0,13412,0.0,0,0,6.8,0.0,0,0,119.0,3.5,12.7,6.15,4.495,mountain_naturalgas,0.3,0.0,1.0,1.0,0.0,0.0,0.0,0.106666667,0.213333333,0.0,0.0,0,0,0,0.0,0,0.0,0.0,0.0,0.0,0.0,3.78,3.78,1,1,0.0,0.0,0,0,0,0,0.0,0.0,0.0,0.0,0,0,0,0,0,0,0,0,0,0,0,0,0.0,0.0,0,0,0,0,0,0,0,0,0,0,0,0.0,0,0.0,0.0,0,0.0,0,0,0.93,0,0,0,0,0.0,0,2.5,0.0,0.0,0.0,0.0,50.0,0,0,13412,0
RMRG_natural_gas_internal_combustion_engine_1,RMRG,Natural Gas Internal Combustion Engine,1,291,17,0,1,0,0,0,0,0,0,0.0,0.0,0,0,0.0,0.0,0.0,42.0,243.39,-1,5.8,0,0.0,0.0,0,0,0,0.0,0.0,0.0,0,24000,0.0,0,0,6.45,0.0,0,0,38.0,0.0,9.73,0.798,0.6,mountain_naturalgas,0.18,0.0,1.0,1.0,0.0,0.0,0.0,0.106666667,0.213333333,0.0,0.0,0,0,0,0.0,0,0.0,0.0,0.0,0.0,0.0,3.78,3.78,1,1,0.0,0.0,0,0,0,0,0.0,0.0,0.0,0.0,0,0,0,0,0,0,0,0,0,0,0,0,0.0,0.0,0,0,0,0,0,0,0,0,0,0,0,0.0,0,0.0,0.0,0,0.0,0,0,0.93,0,0,0,0,0.0,0,0.0,0.0,0.0,0.0,0.0,50.0,0,0,24000,0
RMRG_natural_gas_steam_turbine_1,RMRG,Natural Gas Steam Turbine,1,292,17,0,1,0,0,0,0,0,0,0.0,0.0,0,0,0.0,0.0,0.0,0.0,0.0,-1,1.0,0,0.0,0.0,0,0,0,0.0,0.0,0.0,0,51303,0.0,0,0,1.06,0.0,0,0,87.0,13.7,17.29,7.179,8.41,mountain_naturalgas,0.5,0.0,1.0,1.0,0.0,0.0,0.0,0.63,1.26,0.0,0.0,0,0,0,0.0,0,0.0,0.0,0.0,0.0,0.0,0.64,0.64,6,6,0.0,0.0,0,0,0,0,0.0,0.0,0.0,0.0,0,0,0,0,0,0,0,0,0,0,0,0,0.0,0.0,0,0,0,0,0,0,0,0,0,0,0,0.0,0,0.0,0.0,0,0.0,0,0,0.93,0,0,0,0,0.0,0,20.0,0.0,0.0,0.0,0.0,50.0,0,0,51303,0
RMRG_onshore_wind_turbine_1,RMRG,Onshore Wind Turbine,1,293,17,1,0,1,0,0,0,0,0,0.0,0.0,0,0,0.0,11501.0,0.0,68.0,11065.572,-1,162.73,0,0.0,0.0,0,0,0,0.0,0.0,0.0,0,30300,0.0,0,0,0.0,0.0,0,0,0.0,0.0,9.07,0.367,0.169,None,0.0,0.0,1.0,1.0,0.0,0.0,0.0,0.0,0.0,0.0,0.0,0,0,0,0.0,0,0.0,0.0,0.0,0.0,0.0,1.0,1.0,0,0,0.0,0.0,0,0,0,0,0.0,0.0,0.0,0.3429288638293997,0,0,0,0,0,0,0,0,0,0,0,0,0.0,0.0,0,0,0,0,0,1,0,1,0,0,0,0.0,0,0.0,0.0,0,0.0,0,0,0.8,0,0,0,1,0.0,0,389.4,0.0,0.0,0.0,0.0,50.0,0,0,30300,0
RMRG_petroleum_liquids_1,RMRG,Petroleum Liquids,1,294,17,0,1,0,0,0,0,0,0,0.0,0.0,0,0,0.0,0.0,0.0,9.0,17.496,-1,1.94,0,0.0,0.0,0,0,0,0.0,0.0,0.0,0,24000,0.0,0,0,6.98,0.0,0,0,38.0,0.0,10.53,0.347,1.445,mountain_distillate,0.18,0.0,1.0,1.0,0.0,0.0,0.0,0.0,0.0,0.0,0.0,0,0,0,0.0,0,0.0,0.0,0.0,0.0,0.0,3.78,3.78,1,1,0.0,0.0,0,0,0,0,0.0,0.0,0.0,0.0,0,0,0,0,0,0,0,0,0,0,0,0,0.0,0.0,0,0,0,0,0,0,0,0,0,0,0,0.0,0,0.0,0.0,0,0.0,0,0,0.93,0,0,0,0,0.0,0,0.8,0.0,0.0,0.0,0.0,50.0,0,0,24000,0
RMRG_small_hydroelectric_1,RMRG,Small Hydroelectric,1,295,17,0,0,0,1,0,0,0,0,0.0,0.0,0,0,0.0,115.0,0.0,56.0,231.728,-1,1.79,0,0.0,0.0,0,0,0,0.0,0.0,0.0,0,47048,0.0,0,0,0.0,0.0,0,0,0.0,0.0,8.84,0.0,0.004,None,0.101,0.0,1.0,1.0,0.0,0.0,0.0,0.0,0.0,0.0,0.0,0,0,0,0.0,0,0.0,0.0,0.0,0.0,0.0,1.0,1.0,0,0,0.0,0.0,0,0,0,0,0.0,0.0,0.0,0.2880901204327111,0,0,0,0,0,0,0,0,0,0,0,0,0.0,0.0,0,0,0,0,0,1,0,0,0,0,0,0.0,0,0.0,0.0,0,0.0,0,0,0.8,0,0,0,1,0.0,0,1.4,0.0,0.0,0.0,0.0,50.0,0,0,47048,0
RMRG_solar_photovoltaic_1,RMRG,Solar Photovoltaic,1,296,17,1,0,1,0,0,0,0,0,0.0,0.0,0,0,0.0,2310.0,0.0,145.0,2310.43,-1,15.93,0,0.0,0.0,0,0,0,0.0,0.0,0.0,0,22528,0.0,0,0,0.0,0.0,0,0,0.0,0.0,9.14,0.366,0.163,None,0.0,0.0,1.0,1.0,0.0,0.0,0.0,0.0,0.0,0.0,0.0,0,0,0,0.0,0,0.0,0.0,0.0,0.0,0.0,1.0,1.0,0,0,0.0,0.0,0,0,0,0,0.0,0.0,0.0,0.2776740126021057,0,0,0,0,0,0,0,0,0,0,0,0,0.0,0.0,0,0,0,0,0,1,0,1,0,0,0,0.0,0,0.0,0.0,0,0.0,0,0,0.8,0,0,0,1,0.0,0,0.0,0.0,0.0,0.0,0.0,50.0,0,0,22528,0
SPPC_batteries_1,SPPC,Batteries,1,297,18,0,0,0,0,1,0,0,0,0.0,0.0,0,0,4.0,2.0,0.0,0.0,0.0,-1,1.0,0,0.0,0.0,0,0,0,0.0,0.0,0.0,0,7476,0.0,0,0,0.15,0.15,0,0,0.0,0.0,9.78,0.565,0.799,None,0.0,0.0,0.92,0.92,0.0,1.0,10.0,0.0,0.0,0.0,0.0,0,0,0,0.0,0,0.0,0.0,0.0,0.0,0.0,1.0,1.0,0,0,0.0,0.0,0,0,0,0,0.0,0.0,0.0,0.0,0,0,0,0,0,0,0,0,0,0,0,0,0.0,0.0,0,0,0,0,0,0,0,0,0,0,0,0.0,0,0.95,0.0,0,0.0,0,0,0.0,0,0,0,0,0.0,0,1.2,1.5,0.0,0.0,0.0,50.0,0,0,7476,0
SPPC_biomass_1,SPPC,Biomass,1,298,18,0,0,0,1,0,0,0,0,0.0,0.0,0,0,0.0,4.0,0.0,2.0,4.6,-1,1.99,0,0.0,0.0,0,0,0,0.0,0.0,0.0,0,157220,0.0,0,0,3.87,0.0,0,0,172.0,0.0,10.36,0.28,0.397,waste_biomass,0.478,0.0,1.0,1.0,0.0,0.0,0.0,0.0,0.0,0.0,0.0,0,0,0,0.0,0,0.0,0.0,0.0,0.0,0.0,1.0,1.0,0,0,0.0,0.0,0,0,0,0,0.0,0.0,0.0,0.0,0,0,0,0,0,0,0,0,0,0,0,0,0.0,0.0,0,1,0,0,0,0,1,0,0,0,0,0.0,0,0.93,0.0,0,0.0,0,0,0.0,0,0,0,0,0.0,0,0.0,0.0,0.0,0.0,0.0,50.0,0,0,157220,0
SPPC_biomass_2,SPPC,Biomass,2,299,18,0,0,0,1,0,0,0,0,0.0,0.0,0,0,0.0,8.0,0.0,9.0,9.0,-1,0.86,0,0.0,0.0,0,0,0,0.0,0.0,0.0,0,157220,0.0,0,0,4.35,0.0,0,0,172.0,0.0,11.66,0.0,0.235,waste_biomass,0.633,0.0,1.0,1.0,0.0,0.0,0.0,0.0,0.0,0.0,0.0,0,0,0,0.0,0,0.0,0.0,0.0,0.0,0.0,1.0,1.0,0,0,0.0,0.0,0,0,0,0,0.0,0.0,0.0,0.0,0,0,0,0,0,0,0,0,0,0,0,0,0.0,0.0,0,1,0,0,0,0,1,0,0,0,0,0.0,0,0.93,0.0,0,0.0,0,0,0.0,0,0,0,0,0.0,0,0.0,0.0,0.0,0.0,0.0,50.0,0,0,157220,0
SPPC_conventional_hydroelectric_1,SPPC,Conventional Hydroelectric,1,300,18,0,0,0,0,0,0,1,0,0.0,0.0,0,0,0.0,52.0,0.0,1.0,52.0,-1,52.0,0,0.0,0.0,0,0,0,0.0,0.0,0.0,0,47048,0.0,0,0,0.0,0.0,0,0,0.0,0.0,8.84,0.0,0.0,None,0.034,0.0,1.0,1.0,1.0,0.0,0.0,0.0,0.0,0.0,0.0,0,0,0,0.0,0,0.0,0.0,0.0,0.0,0.0,1.0,1.0,0,0,0.0,0.0,0,0,0,0,0.0,0.0,0.0,0.1436821493624772,0,0,0,0,0,0,0,0,0,0,0,0,0.0,0.0,0,1,0,0,0,0,0,0,0,0,0,0.0,0,0.8,0.0,0,0.0,0,0,0.0,0,0,0,0,0.0,0,0.0,0.0,0.0,0.0,0.0,50.0,0,0,47048,0
SPPC_conventional_steam_coal_1,SPPC,Conventional Steam Coal,1,301,18,0,1,0,0,0,0,0,0,0.0,0.0,0,0,0.0,0.0,0.0,9.0,4114.503,-1,457.17,0,0.0,0.0,0,0,0,0.0,0.0,0.0,0,68966,0.0,0,0,1.88,0.0,0,0,124.0,16.5,11.29,0.857,0.576,west_north_central_coal,0.5,0.0,1.0,1.0,0.0,0.0,0.0,0.095,0.19,0.0,0.0,0,0,0,0.0,0,0.0,0.0,0.0,0.0,0.0,0.57,0.57,24,24,0.0,0.0,0,0,0,0,0.0,0.0,0.0,0.0,0,0,0,0,0,0,0,0,0,0,0,0,0.0,0.0,0,0,0,0,0,0,0,0,0,0,0,0.0,0,0.93,0.0,0,0.0,0,0,0.0,0,0,0,0,0.0,0,552.2,0.0,0.0,0.0,0.0,50.0,0,0,68966,0
SPPC_conventional_steam_coal_2,SPPC,Conventional Steam Coal,2,302,18,0,1,0,0,0,0,0,0,0.0,0.0,0,0,0.0,0.0,0.0,3.0,2337.801,-1,779.27,0,0.0,0.0,0,0,0,0.0,0.0,0.0,0,59684,0.0,0,0,1.88,0.0,0,0,124.0,16.5,9.78,0.797,0.798,west_north_central_coal,0.5,0.0,1.0,1.0,0.0,0.0,0.0,0.095,0.19,0.0,0.0,0,0,0,0.0,0,0.0,0.0,0.0,0.0,0.0,0.57,0.57,24,24,0.0,0.0,0,0,0,0,0.0,0.0,0.0,0.0,0,0,0,0,0,0,0,0,0,0,0,0,0.0,0.0,0,0,0,0,0,0,0,0,0,0,0,0.0,0,0.93,0.0,0,0.0,0,0,0.0,0,0,0,0,0.0,0,0.0,0.0,0.0,0.0,0.0,50.0,0,0,59684,0
SPPC_natural_gas_fired_combined_cycle_1,SPPC,Natural Gas Fired Combined Cycle,1,303,18,0,1,0,0,0,0,0,0,0.0,0.0,0,0,0.0,1560.0,0.0,3.0,1560.201,-1,520.07,0,0.0,0.0,0,0,0,0.0,0.0,0.0,0,11063,0.0,0,0,3.79,0.0,0,0,92.0,2.0,7.48,0.198,0.223,west_north_central_naturalgas,0.3,0.0,1.0,1.0,0.0,0.0,0.0,0.106666667,0.213333333,0.0,0.0,0,0,0,0.0,0,0.0,0.0,0.0,0.0,0.0,0.64,0.64,6,6,0.0,0.0,0,0,0,0,0.0,0.0,0.0,0.0,0,0,0,0,0,0,0,0,0,0,0,0,0.0,0.0,0,0,0,0,0,0,0,0,0,0,0,0.0,0,0.93,0.0,0,0.0,0,0,0.0,0,0,0,0,0.0,0,0.0,0.0,0.0,0.0,0.0,50.0,0,0,11063,0
SPPC_natural_gas_fired_combined_cycle_2,SPPC,Natural Gas Fired Combined Cycle,2,304,18,0,1,0,0,0,0,0,0,0.0,0.0,0,0,0.0,0.0,0.0,1.0,312.8,-1,312.8,0,0.0,0.0,0,0,0,0.0,0.0,0.0,0,16492,0.0,0,0,4.55,0.0,0,0,92.0,2.0,9.28,0.0,0.0,west_north_central_naturalgas,0.3,0.0,1.0,1.0,0.0,0.0,0.0,0.106666667,0.213333333,0.0,0.0,0,0,0,0.0,0,0.0,0.0,0.0,0.0,0.0,0.64,0.64,6,6,0.0,0.0,0,0,0,0,0.0,0.0,0.0,0.0,0,0,0,0,0,0,0,0,0,0,0,0,0.0,0.0,0,0,0,0,0,0,0,0,0,0,0,0.0,0,0.93,0.0,0,0.0,0,0,0.0,0,0,0,0,0.0,0,0.0,0.0,0.0,0.0,0.0,50.0,0,0,16492,0
SPPC_natural_gas_fired_combustion_turbine_1,SPPC,Natural Gas Fired Combustion Turbine,1,305,18,0,1,0,0,0,0,0,0,0.0,0.0,0,0,0.0,3294.0,0.0,31.0,2788.698,-1,89.96,0,0.0,0.0,0,0,0,0.0,0.0,0.0,0,9745,0.0,0,0,6.8,0.0,0,0,119.0,3.5,12.63,2.066,1.987,west_north_central_naturalgas,0.3,0.0,1.0,1.0,0.0,0.0,0.0,0.106666667,0.213333333,0.0,0.0,0,0,0,0.0,0,0.0,0.0,0.0,0.0,0.0,3.78,3.78,1,1,0.0,0.0,0,0,0,0,0.0,0.0,0.0,0.0,0,0,0,0,0,0,0,0,0,0,0,0,0.0,0.0,0,0,0,0,0,0,0,0,0,0,0,0.0,0,0.93,0.0,0,0.0,0,0,0.0,0,0,0,0,0.0,0,294.0,0.0,0.0,0.0,0.0,50.0,0,0,9745,0
SPPC_natural_gas_fired_combustion_turbine_2,SPPC,Natural Gas Fired Combustion Turbine,2,306,18,0,1,0,0,0,0,0,0,0.0,0.0,0,0,0.0,0.0,0.0,4.0,60.0,-1,15.0,0,0.0,0.0,0,0,0,0.0,0.0,0.0,0,13412,0.0,0,0,6.8,0.0,0,0,119.0,3.5,20.31,5.769,4.988,west_north_central_naturalgas,0.3,0.0,1.0,1.0,0.0,0.0,0.0,0.106666667,0.213333333,0.0,0.0,0,0,0,0.0,0,0.0,0.0,0.0,0.0,0.0,3.78,3.78,1,1,0.0,0.0,0,0,0,0,0.0,0.0,0.0,0.0,0,0,0,0,0,0,0,0,0,0,0,0,0.0,0.0,0,0,0,0,0,0,0,0,0,0,0,0.0,0,0.93,0.0,0,0.0,0,0,0.0,0,0,0,0,0.0,0,10.0,0.0,0.0,0.0,0.0,50.0,0,0,13412,0
SPPC_natural_gas_fired_combustion_turbine_3,SPPC,Natural Gas Fired Combustion Turbine,3,307,18,0,1,0,0,0,0,0,0,0.0,0.0,0,0,0.0,0.0,0.0,11.0,405.196,-1,36.84,0,0.0,0.0,0,0,0,0.0,0.0,0.0,0,13412,0.0,0,0,6.8,0.0,0,0,119.0,3.5,12.7,1.874,2.083,west_north_central_naturalgas,0.3,0.0,1.0,1.0,0.0,0.0,0.0,0.106666667,0.213333333,0.0,0.0,0,0,0,0.0,0,0.0,0.0,0.0,0.0,0.0,3.78,3.78,1,1,0.0,0.0,0,0,0,0,0.0,0.0,0.0,0.0,0,0,0,0,0,0,0,0,0,0,0,0,0.0,0.0,0,0,0,0,0,0,0,0,0,0,0,0.0,0,0.93,0.0,0,0.0,0,0,0.0,0,0,0,0,0.0,0,33.0,0.0,0.0,0.0,0.0,50.0,0,0,13412,0
SPPC_natural_gas_internal_combustion_engine_1,SPPC,Natural Gas Internal Combustion Engine,1,308,18,0,1,0,0,0,0,0,0,0.0,0.0,0,0,0.0,0.0,0.0,64.0,360.576,-1,5.63,0,0.0,0.0,0,0,0,0.0,0.0,0.0,0,24000,0.0,0,0,8.38,0.0,0,0,38.0,0.0,12.64,2.517,5.227,west_north_central_naturalgas,0.18,0.0,1.0,1.0,0.0,0.0,0.0,0.106666667,0.213333333,0.0,0.0,0,0,0,0.0,0,0.0,0.0,0.0,0.0,0.0,3.78,3.78,1,1,0.0,0.0,0,0,0,0,0.0,0.0,0.0,0.0,0,0,0,0,0,0,0,0,0,0,0,0,0.0,0.0,0,0,0,0,0,0,0,0,0,0,0,0.0,0,0.93,0.0,0,0.0,0,0,0.0,0,0,0,0,0.0,0,28.6,0.0,0.0,0.0,0.0,50.0,0,0,24000,0
SPPC_natural_gas_steam_turbine_1,SPPC,Natural Gas Steam Turbine,1,309,18,0,1,0,0,0,0,0,0,0.0,0.0,0,0,0.0,0.0,0.0,4.0,10.5,-1,2.62,0,0.0,0.0,0,0,0,0.0,0.0,0.0,0,51303,0.0,0,0,1.06,0.0,0,0,87.0,13.7,10.75,4.135,4.574,west_north_central_naturalgas,0.5,0.0,1.0,1.0,0.0,0.0,0.0,0.63,1.26,0.0,0.0,0,0,0,0.0,0,0.0,0.0,0.0,0.0,0.0,0.64,0.64,6,6,0.0,0.0,0,0,0,0,0.0,0.0,0.0,0.0,0,0,0,0,0,0,0,0,0,0,0,0,0.0,0.0,0,0,0,0,0,0,0,0,0,0,0,0.0,0,0.93,0.0,0,0.0,0,0,0.0,0,0,0,0,0.0,0,0.0,0.0,0.0,0.0,0.0,50.0,0,0,51303,0
SPPC_nuclear_1,SPPC,Nuclear,1,310,18,0,1,0,0,0,0,0,0,0.0,0.0,0,0,0.0,1255.0,0.0,1.0,1255.0,-1,1255.0,0,0.0,0.0,0,0,0,0.0,0.0,0.0,0,275171,0.0,0,0,2.47,0.0,0,0,248.0,0.0,10.45,0.0,0.0,west_north_central_uranium,0.5,0.0,1.0,1.0,0.0,0.0,0.0,0.041666667,0.083333333,0.0,0.0,0,0,0,0.0,0,0.0,0.0,0.0,0.0,0.0,0.25,0.25,24,24,0.0,0.0,0,0,0,0,0.0,0.0,0.0,0.0,0,0,0,0,0,0,0,0,0,0,0,0,0.0,0.0,0,1,0,0,0,0,0,0,0,0,0,0.0,0,0.93,0.0,0,0.0,0,0,0.0,0,0,0,0,0.0,0,0.0,0.0,0.0,0.0,0.0,50.0,0,0,275171,0
SPPC_onshore_wind_turbine_1,SPPC,Onshore Wind Turbine,1,311,18,1,0,1,0,0,0,0,0,0.0,0.0,0,0,0.0,8379.0,0.0,50.0,8117.5,-1,162.35,0,0.0,0.0,0,0,0,0.0,0.0,0.0,0,30300,0.0,0,0,0.0,0.0,0,0,0.0,0.0,9.01,0.367,0.178,None,0.0,0.0,1.0,1.0,0.0,0.0,0.0,0.0,0.0,0.0,0.0,0,0,0,0.0,0,0.0,0.0,0.0,0.0,0.0,1.0,1.0,0,0,0.0,0.0,0,0,0,0,0.0,0.0,0.0,0.3523124430783242,0,0,0,0,0,0,0,0,0,0,0,0,0.0,0.0,0,1,0,0,0,0,1,1,0,0,0,0.0,0,0.8,0.0,0,0.0,0,0,0.0,0,0,0,0,0.0,0,262.2,0.0,0.0,0.0,0.0,50.0,0,0,30300,0
SPPC_petroleum_liquids_1,SPPC,Petroleum Liquids,1,312,18,0,1,0,0,0,0,0,0,0.0,0.0,0,0,0.0,0.0,0.0,79.0,165.9,-1,2.1,0,0.0,0.0,0,0,0,0.0,0.0,0.0,0,24000,0.0,0,0,9.22,0.0,0,0,38.0,0.0,13.91,2.916,5.415,west_north_central_distillate,0.18,0.0,1.0,1.0,0.0,0.0,0.0,0.0,0.0,0.0,0.0,0,0,0,0.0,0,0.0,0.0,0.0,0.0,0.0,3.78,3.78,1,1,0.0,0.0,0,0,0,0,0.0,0.0,0.0,0.0,0,0,0,0,0,0,0,0,0,0,0,0,0.0,0.0,0,0,0,0,0,0,0,0,0,0,0,0.0,0,0.93,0.0,0,0.0,0,0,0.0,0,0,0,0,0.0,0,22.1,0.0,0.0,0.0,0.0,50.0,0,0,24000,0
SPPC_small_hydroelectric_1,SPPC,Small Hydroelectric,1,313,18,0,0,0,1,0,0,0,0,0.0,0.0,0,0,0.0,0.0,0.0,4.0,4.6,-1,1.0,0,0.0,0.0,0,0,0,0.0,0.0,0.0,0,47048,0.0,0,0,0.0,0.0,0,0,0.0,0.0,8.84,0.0,0.0,None,0.739,0.0,1.0,1.0,0.0,0.0,0.0,0.0,0.0,0.0,0.0,0,0,0,0.0,0,0.0,0.0,0.0,0.0,0.0,1.0,1.0,0,0,0.0,0.0,0,0,0,0,0.0,0.0,0.0,0.1436821493624772,0,0,0,0,0,0,0,0,0,0,0,0,0.0,0.0,0,1,0,0,0,0,1,0,0,0,0,0.0,0,0.8,0.0,0,0.0,0,0,0.0,0,0,0,0,0.0,0,16.0,0.0,0.0,0.0,0.0,50.0,0,0,47048,0
SPPC_solar_photovoltaic_1,SPPC,Solar Photovoltaic,1,314,18,1,0,1,0,0,0,0,0,0.0,0.0,0,0,0.0,102.0,0.0,27.0,101.898,-1,3.77,0,0.0,0.0,0,0,0,0.0,0.0,0.0,0,22528,0.0,0,0,0.0,0.0,0,0,0.0,0.0,9.12,0.367,0.176,None,0.0,0.0,1.0,1.0,0.0,0.0,0.0,0.0,0.0,0.0,0.0,0,0,0,0.0,0,0.0,0.0,0.0,0.0,0.0,1.0,1.0,0,0,0.0,0.0,0,0,0,0,0.0,0.0,0.0,0.2518800546448087,0,0,0,0,0,0,0,0,0,0,0,0,0.0,0.0,0,1,0,0,0,0,1,1,0,0,0,0.0,0,0.8,0.0,0,0.0,0,0,0.0,0,0,0,0,0.0,0,0.0,0.0,0.0,0.0,0.0,50.0,0,0,22528,0
SPPN_batteries_1,SPPN,Batteries,1,315,19,0,0,0,0,1,0,0,0,0.0,0.0,0,0,13.0,5.0,0.0,3.0,2.4,-1,0.8,0,0.0,0.0,0,0,0,0.0,0.0,0.0,0,7476,0.0,0,0,0.15,0.15,0,0,0.0,0.0,9.21,0.0,0.505,None,0.0,0.0,0.92,0.92,0.0,1.0,10.0,0.0,0.0,0.0,0.0,0,0,0,0.0,0,0.0,0.0,0.0,0.0,0.0,1.0,1.0,0,0,0.0,0.0,0,0,0,0,0.0,0.0,0.0,0.0,0,0,0,0,0,0,0,0,0,0,0,0,0.0,0.0,0,0,0,0,0,0,0,0,0,0,0,0.0,0,0.95,0.0,0,0.0,0,0,0.0,0,0,0,0,0.0,0,2.3,4.6,0.0,0.0,0.0,50.0,0,0,7476,0
SPPN_biomass_1,SPPN,Biomass,1,316,19,0,0,0,1,0,0,0,0,0.0,0.0,0,0,0.0,7.0,0.0,8.0,6.2,-1,0.93,0,0.0,0.0,0,0,0,0.0,0.0,0.0,0,157220,0.0,0,0,4.52,0.0,0,0,172.0,0.0,12.1,0.0,0.0,waste_biomass,1.0,0.0,1.0,1.0,0.0,0.0,0.0,0.0,0.0,0.0,0.0,0,0,0,0.0,0,0.0,0.0,0.0,0.0,0.0,1.0,1.0,0,0,0.0,0.0,0,0,0,0,0.0,0.0,0.0,0.0,0,0,0,0,0,0,0,0,0,0,0,0,0.0,0.0,0,1,0,0,0,0,1,0,0,0,0,0.0,0,0.93,0.0,0,0.0,0,0,0.0,0,0,0,0,0.0,0,0.0,0.0,0.0,0.0,0.0,50.0,0,0,157220,0
SPPN_biomass_2,SPPN,Biomass,2,317,19,0,0,0,1,0,0,0,0,0.0,0.0,0,0,0.0,16.0,0.0,5.0,11.2,-1,2.69,0,0.0,0.0,0,0,0,0.0,0.0,0.0,0,157220,0.0,0,0,3.65,0.0,0,0,172.0,0.0,9.79,1.344,0.719,waste_biomass,0.295,0.0,1.0,1.0,0.0,0.0,0.0,0.0,0.0,0.0,0.0,0,0,0,0.0,0,0.0,0.0,0.0,0.0,0.0,1.0,1.0,0,0,0.0,0.0,0,0,0,0,0.0,0.0,0.0,0.0,0,0,0,0,0,0,0,0,0,0,0,0,0.0,0.0,0,1,0,0,0,0,1,0,0,0,0,0.0,0,0.93,0.0,0,0.0,0,0,0.0,0,0,0,0,0.0,0,2.0,0.0,0.0,0.0,0.0,50.0,0,0,157220,0
SPPN_conventional_hydroelectric_1,SPPN,Conventional Hydroelectric,1,318,19,0,0,0,0,0,0,1,0,0.0,0.0,0,0,0.0,2510.0,0.0,40.0,2510.0,-1,62.75,0,0.0,0.0,0,0,0,0.0,0.0,0.0,0,47048,0.0,0,0,0.0,0.0,0,0,0.0,0.0,8.85,0.0,0.058,None,0.002,0.0,1.0,1.0,1.0,0.0,0.0,0.0,0.0,0.0,0.0,0,0,0,0.0,0,0.0,0.0,0.0,0.0,0.0,1.0,1.0,0,0,0.0,0.0,0,0,0,0,0.0,0.0,0.0,0.4515061100081689,0,0,0,0,0,0,0,0,0,0,0,0,0.0,0.0,0,1,0,0,0,0,0,0,0,0,0,0.0,0,0.8,0.0,0,0.0,0,0,0.0,0,0,0,0,0.0,0,0.0,0.0,0.0,0.0,0.0,50.0,0,0,47048,0
SPPN_conventional_steam_coal_1,SPPN,Conventional Steam Coal,1,319,19,0,1,0,0,0,0,0,0,0.0,0.0,0,0,0.0,0.0,0.0,9.0,4068.198,-1,452.02,0,0.0,0.0,0,0,0,0.0,0.0,0.0,0,61081,0.0,0,0,1.88,0.0,0,0,124.0,16.5,10.77,2.283,1.149,west_north_central_coal,0.5,0.0,1.0,1.0,0.0,0.0,0.0,0.095,0.19,0.0,0.0,0,0,0,0.0,0,0.0,0.0,0.0,0.0,0.0,0.57,0.57,24,24,0.0,0.0,0,0,0,0,0.0,0.0,0.0,0.0,0,0,0,0,0,0,0,0,0,0,0,0,0.0,0.0,0,0,0,0,0,0,0,0,0,0,0,0.0,0,0.93,0.0,0,0.0,0,0,0.0,0,0,0,0,0.0,0,221.0,0.0,0.0,0.0,0.0,50.0,0,0,61081,0
SPPN_conventional_steam_coal_2,SPPN,Conventional Steam Coal,2,320,19,0,1,0,0,0,0,0,0,0.0,0.0,0,0,0.0,0.0,0.0,5.0,552.0,-1,110.4,0,0.0,0.0,0,0,0,0.0,0.0,0.0,0,74838,0.0,0,0,1.88,0.0,0,0,124.0,16.5,17.37,1.589,4.193,west_north_central_coal,0.5,0.0,1.0,1.0,0.0,0.0,0.0,0.095,0.19,0.0,0.0,0,0,0,0.0,0,0.0,0.0,0.0,0.0,0.0,0.57,0.57,24,24,0.0,0.0,0,0,0,0,0.0,0.0,0.0,0.0,0,0,0,0,0,0,0,0,0,0,0,0,0.0,0.0,0,0,0,0,0,0,0,0,0,0,0,0.0,0,0.93,0.0,0,0.0,0,0,0.0,0,0,0,0,0.0,0,174.9,0.0,0.0,0.0,0.0,50.0,0,0,74838,0
SPPN_natural_gas_fired_combined_cycle_1,SPPN,Natural Gas Fired Combined Cycle,1,321,19,0,1,0,0,0,0,0,0,0.0,0.0,0,0,0.0,1.0,0.0,1.0,300.0,-1,300.0,0,0.0,0.0,0,0,0,0.0,0.0,0.0,0,16492,0.0,0,0,4.55,0.0,0,0,92.0,2.0,7.54,0.0,0.0,west_north_central_naturalgas,0.3,0.0,1.0,1.0,0.0,0.0,0.0,0.106666667,0.213333333,0.0,0.0,0,0,0,0.0,0,0.0,0.0,0.0,0.0,0.0,0.64,0.64,6,6,0.0,0.0,0,0,0,0,0.0,0.0,0.0,0.0,0,0,0,0,0,0,0,0,0,0,0,0,0.0,0.0,0,0,0,0,0,0,0,0,0,0,0,0.0,0,0.93,0.0,0,0.0,0,0,0.0,0,0,0,0,0.0,0,0.0,0.0,0.0,0.0,0.0,50.0,0,0,16492,0
SPPN_natural_gas_fired_combined_cycle_2,SPPN,Natural Gas Fired Combined Cycle,2,322,19,0,1,0,0,0,0,0,0,0.0,0.0,0,0,0.0,0.0,0.0,2.0,344.6,-1,172.3,0,0.0,0.0,0,0,0,0.0,0.0,0.0,0,16492,0.0,0,0,4.55,0.0,0,0,92.0,2.0,8.61,0.065,0.093,west_north_central_naturalgas,0.3,0.0,1.0,1.0,0.0,0.0,0.0,0.106666667,0.213333333,0.0,0.0,0,0,0,0.0,0,0.0,0.0,0.0,0.0,0.0,0.64,0.64,6,6,0.0,0.0,0,0,0,0,0.0,0.0,0.0,0.0,0,0,0,0,0,0,0,0,0,0,0,0,0.0,0.0,0,0,0,0,0,0,0,0,0,0,0,0.0,0,0.93,0.0,0,0.0,0,0,0.0,0,0,0,0,0.0,0,0.0,0.0,0.0,0.0,0.0,50.0,0,0,16492,0
SPPN_natural_gas_fired_combustion_turbine_1,SPPN,Natural Gas Fired Combustion Turbine,1,323,19,0,1,0,0,0,0,0,0,0.0,0.0,0,0,0.0,2507.0,0.0,27.0,2324.511,-1,86.09,0,0.0,0.0,0,0,0,0.0,0.0,0.0,0,10657,0.0,0,0,6.8,0.0,0,0,119.0,3.5,10.9,3.24,1.841,west_north_central_naturalgas,0.3,0.0,1.0,1.0,0.0,0.0,0.0,0.106666667,0.213333333,0.0,0.0,0,0,0,0.0,0,0.0,0.0,0.0,0.0,0.0,3.78,3.78,1,1,0.0,0.0,0,0,0,0,0.0,0.0,0.0,0.0,0,0,0,0,0,0,0,0,0,0,0,0,0.0,0.0,0,0,0,0,0,0,0,0,0,0,0,0.0,0,0.93,0.0,0,0.0,0,0,0.0,0,0,0,0,0.0,0,0.0,0.0,0.0,0.0,0.0,50.0,0,0,10657,0
SPPN_natural_gas_fired_combustion_turbine_2,SPPN,Natural Gas Fired Combustion Turbine,2,324,19,0,1,0,0,0,0,0,0,0.0,0.0,0,0,0.0,0.0,0.0,3.0,120.0,-1,40.0,0,0.0,0.0,0,0,0,0.0,0.0,0.0,0,13412,0.0,0,0,6.8,0.0,0,0,119.0,3.5,19.3,0.0,3.288,west_north_central_naturalgas,0.3,0.0,1.0,1.0,0.0,0.0,0.0,0.106666667,0.213333333,0.0,0.0,0,0,0,0.0,0,0.0,0.0,0.0,0.0,0.0,3.78,3.78,1,1,0.0,0.0,0,0,0,0,0.0,0.0,0.0,0.0,0,0,0,0,0,0,0,0,0,0,0,0,0.0,0.0,0,0,0,0,0,0,0,0,0,0,0,0.0,0,0.93,0.0,0,0.0,0,0,0.0,0,0,0,0,0.0,0,0.0,0.0,0.0,0.0,0.0,50.0,0,0,13412,0
SPPN_natural_gas_internal_combustion_engine_1,SPPN,Natural Gas Internal Combustion Engine,1,325,19,0,1,0,0,0,0,0,0,0.0,0.0,0,0,0.0,0.0,0.0,36.0,350.388,-1,9.73,0,0.0,0.0,0,0,0,0.0,0.0,0.0,0,24000,0.0,0,0,5.66,0.0,0,0,38.0,0.0,8.54,0.743,1.082,west_north_central_naturalgas,0.18,0.0,1.0,1.0,0.0,0.0,0.0,0.106666667,0.213333333,0.0,0.0,0,0,0,0.0,0,0.0,0.0,0.0,0.0,0.0,3.78,3.78,1,1,0.0,0.0,0,0,0,0,0.0,0.0,0.0,0.0,0,0,0,0,0,0,0,0,0,0,0,0,0.0,0.0,0,0,0,0,0,0,0,0,0,0,0,0.0,0,0.93,0.0,0,0.0,0,0,0.0,0,0,0,0,0.0,0,40.5,0.0,0.0,0.0,0.0,50.0,0,0,24000,0
SPPN_natural_gas_steam_turbine_1,SPPN,Natural Gas Steam Turbine,1,326,19,0,1,0,0,0,0,0,0,0.0,0.0,0,0,0.0,0.0,0.0,2.0,7.5,-1,3.75,0,0.0,0.0,0,0,0,0.0,0.0,0.0,0,51303,0.0,0,0,1.06,0.0,0,0,87.0,13.7,9.21,1.901,1.501,west_north_central_naturalgas,0.5,0.0,1.0,1.0,0.0,0.0,0.0,0.63,1.26,0.0,0.0,0,0,0,0.0,0,0.0,0.0,0.0,0.0,0.0,0.64,0.64,6,6,0.0,0.0,0,0,0,0,0.0,0.0,0.0,0.0,0,0,0,0,0,0,0,0,0,0,0,0,0.0,0.0,0,0,0,0,0,0,0,0,0,0,0,0.0,0,0.93,0.0,0,0.0,0,0,0.0,0,0,0,0,0.0,0,0.0,0.0,0.0,0.0,0.0,50.0,0,0,51303,0
SPPN_nuclear_1,SPPN,Nuclear,1,327,19,0,1,0,0,0,0,0,0,0.0,0.0,0,0,0.0,0.0,0.0,1.0,770.0,-1,770.0,0,0.0,0.0,0,0,0,0.0,0.0,0.0,0,343964,0.0,0,0,2.47,0.0,0,0,248.0,0.0,10.45,0.0,0.0,west_north_central_uranium,0.5,0.0,1.0,1.0,0.0,0.0,0.0,0.041666667,0.083333333,0.0,0.0,0,0,0,0.0,0,0.0,0.0,0.0,0.0,0.0,0.25,0.25,24,24,0.0,0.0,0,0,0,0,0.0,0.0,0.0,0.0,0,0,0,0,0,0,0,0,0,0,0,0,0.0,0.0,0,1,0,0,0,0,0,0,0,0,0,0.0,0,0.93,0.0,0,0.0,0,0,0.0,0,0,0,0,0.0,0,0.0,0.0,0.0,0.0,0.0,50.0,0,0,343964,0
SPPN_onshore_wind_turbine_1,SPPN,Onshore Wind Turbine,1,328,19,1,0,1,0,0,0,0,0,0.0,0.0,0,0,0.0,7510.0,0.0,70.0,7373.73,-1,105.34,0,0.0,0.0,0,0,0,0.0,0.0,0.0,0,30300,0.0,0,0,0.0,0.0,0,0,0.0,0.0,9.07,0.367,0.182,None,0.0,0.0,1.0,1.0,0.0,0.0,0.0,0.0,0.0,0.0,0.0,0,0,0,0.0,0,0.0,0.0,0.0,0.0,0.0,1.0,1.0,0,0,0.0,0.0,0,0,0,0,0.0,0.0,0.0,0.3364818576771924,0,0,0,0,0,0,0,0,0,0,0,0,0.0,0.0,0,1,0,0,0,0,1,1,0,0,0,0.0,0,0.8,0.0,0,0.0,0,0,0.0,0,0,0,0,0.0,0,134.7,0.0,0.0,0.0,0.0,50.0,0,0,30300,0
SPPN_petroleum_liquids_1,SPPN,Petroleum Liquids,1,329,19,0,1,0,0,0,0,0,0,0.0,0.0,0,0,0.0,0.0,0.0,30.0,57.39,-1,1.91,0,0.0,0.0,0,0,0,0.0,0.0,0.0,0,24000,0.0,0,0,7.07,0.0,0,0,38.0,0.0,10.67,2.282,2.299,west_north_central_distillate,0.18,0.0,1.0,1.0,0.0,0.0,0.0,0.0,0.0,0.0,0.0,0,0,0,0.0,0,0.0,0.0,0.0,0.0,0.0,3.78,3.78,1,1,0.0,0.0,0,0,0,0,0.0,0.0,0.0,0.0,0,0,0,0,0,0,0,0,0,0,0,0,0.0,0.0,0,0,0,0,0,0,0,0,0,0,0,0.0,0,0.93,0.0,0,0.0,0,0,0.0,0,0,0,0,0.0,0,0.5,0.0,0.0,0.0,0.0,50.0,0,0,24000,0
SPPN_small_hydroelectric_1,SPPN,Small Hydroelectric,1,330,19,0,0,0,1,0,0,0,0,0.0,0.0,0,0,0.0,63.0,0.0,9.0,66.6,-1,5.07,0,0.0,0.0,0,0,0,0.0,0.0,0.0,0,47048,0.0,0,0,0.0,0.0,0,0,0.0,0.0,8.84,0.0,0.0,None,0.167,0.0,1.0,1.0,0.0,0.0,0.0,0.0,0.0,0.0,0.0,0,0,0,0.0,0,0.0,0.0,0.0,0.0,0.0,1.0,1.0,0,0,0.0,0.0,0,0,0,0,0.0,0.0,0.0,0.4515061100081689,0,0,0,0,0,0,0,0,0,0,0,0,0.0,0.0,0,1,0,0,0,0,1,0,0,0,0,0.0,0,0.8,0.0,0,0.0,0,0,0.0,0,0,0,0,0.0,0,24.0,0.0,0.0,0.0,0.0,50.0,0,0,47048,0
SPPN_solar_photovoltaic_1,SPPN,Solar Photovoltaic,1,331,19,1,0,1,0,0,0,0,0,0.0,0.0,0,0,0.0,126.0,0.0,21.0,125.601,-1,5.98,0,0.0,0.0,0,0,0,0.0,0.0,0.0,0,22528,0.0,0,0,0.0,0.0,0,0,0.0,0.0,9.18,0.0,0.16,None,0.0,0.0,1.0,1.0,0.0,0.0,0.0,0.0,0.0,0.0,0.0,0,0,0,0.0,0,0.0,0.0,0.0,0.0,0.0,1.0,1.0,0,0,0.0,0.0,0,0,0,0,0.0,0.0,0.0,0.2767479022220796,0,0,0,0,0,0,0,0,0,0,0,0,0.0,0.0,0,1,0,0,0,0,1,1,0,0,0,0.0,0,0.8,0.0,0,0.0,0,0,0.0,0,0,0,0,0.0,0,0.0,0.0,0.0,0.0,0.0,50.0,0,0,22528,0
SPPS_batteries_1,SPPS,Batteries,1,332,20,0,0,0,0,1,0,0,0,0.0,0.0,0,0,446.0,222.0,0.0,1.0,200.0,-1,200.0,0,0.0,0.0,0,0,0,0.0,0.0,0.0,0,7476,0.0,0,0,0.15,0.15,0,0,0.0,0.0,9.21,0.0,0.0,None,0.0,0.0,0.92,0.92,0.0,1.0,10.0,0.0,0.0,0.0,0.0,0,0,0,0.0,0,0.0,0.0,0.0,0.0,0.0,1.0,1.0,0,0,0.0,0.0,0,0,0,0,0.0,0.0,0.0,0.0,0,0,0,0,0,0,0,0,0,0,0,0,0.0,0.0,0,0,0,0,0,0,0,0,0,0,0,0.0,0,0.95,0.0,0,0.0,0,0,0.0,0,0,0,0,0.0,0,22.0,46.2,0.0,0.0,0.0,50.0,0,0,7476,0
SPPS_biomass_1,SPPS,Biomass,1,333,20,0,0,0,1,0,0,0,0,0.0,0.0,0,0,0.0,2.0,0.0,7.0,6.797,-1,0.16,0,0.0,0.0,0,0,0,0.0,0.0,0.0,0,157220,0.0,0,0,4.76,0.0,0,0,172.0,0.0,12.75,1.502,0.818,waste_biomass,0.426,0.0,1.0,1.0,0.0,0.0,0.0,0.0,0.0,0.0,0.0,0,0,0,0.0,0,0.0,0.0,0.0,0.0,0.0,1.0,1.0,0,0,0.0,0.0,0,0,0,0,0.0,0.0,0.0,0.0,0,0,0,0,0,0,0,0,0,0,0,0,0.0,0.0,0,1,0,0,0,0,1,0,0,0,0,0.0,0,0.93,0.0,0,0.0,0,0,0.0,0,0,0,0,0.0,0,5.0,0.0,0.0,0.0,0.0,50.0,0,0,157220,0
SPPS_biomass_2,SPPS,Biomass,2,334,20,0,0,0,1,0,0,0,0,0.0,0.0,0,0,0.0,44.0,0.0,2.0,71.0,-1,5.92,0,0.0,0.0,0,0,0,0.0,0.0,0.0,0,157220,0.0,0,0,3.44,0.0,0,0,172.0,0.0,9.21,0.0,0.0,waste_biomass,0.0,0.0,1.0,1.0,0.0,0.0,0.0,0.0,0.0,0.0,0.0,0,0,0,0.0,0,0.0,0.0,0.0,0.0,0.0,1.0,1.0,0,0,0.0,0.0,0,0,0,0,0.0,0.0,0.0,0.0,0,0,0,0,0,0,0,0,0,0,0,0,0.0,0.0,0,1,0,0,0,0,1,0,0,0,0,0.0,0,0.93,0.0,0,0.0,0,0,0.0,0,0,0,0,0.0,0,0.0,0.0,0.0,0.0,0.0,50.0,0,0,157220,0
SPPS_conventional_hydroelectric_1,SPPS,Conventional Hydroelectric,1,335,20,0,0,0,0,0,0,1,0,0.0,0.0,0,0,0.0,2008.0,0.0,60.0,2008.38,-1,33.47,0,0.0,0.0,0,0,0,0.0,0.0,0.0,0,47048,0.0,0,0,0.0,0.0,0,0,0.0,0.0,8.87,0.0,0.111,None,0.032,0.0,1.0,1.0,1.0,0.0,0.0,0.0,0.0,0.0,0.0,0,0,0,0.0,0,0.0,0.0,0.0,0.0,0.0,1.0,1.0,0,0,0.0,0.0,0,0,0,0,0.0,0.0,0.0,0.168859414845173,0,0,0,0,0,0,0,0,0,0,0,0,0.0,0.0,0,1,0,0,0,0,0,0,0,0,0,0.0,0,0.8,0.0,0,0.0,0,0,0.0,0,0,0,0,0.0,0,0.0,0.0,0.0,0.0,0.0,50.0,0,0,47048,0
SPPS_conventional_steam_coal_1,SPPS,Conventional Steam Coal,1,336,20,0,1,0,0,0,0,0,0,0.0,0.0,0,0,0.0,0.0,0.0,9.0,4268.997,-1,474.33,0,0.0,0.0,0,0,0,0.0,0.0,0.0,0,59882,0.0,0,0,1.88,0.0,0,0,124.0,16.5,11.18,1.279,0.977,west_south_central_coal,0.5,0.0,1.0,1.0,0.0,0.0,0.0,0.095,0.19,0.0,0.0,0,0,0,0.0,0,0.0,0.0,0.0,0.0,0.0,0.57,0.57,24,24,0.0,0.0,0,0,0,0,0.0,0.0,0.0,0.0,0,0,0,0,0,0,0,0,0,0,0,0,0.0,0.0,0,0,0,0,0,0,0,0,0,0,0,0.0,0,0.93,0.0,0,0.0,0,0,0.0,0,0,0,0,0.0,0,0.0,0.0,0.0,0.0,0.0,50.0,0,0,59882,0
SPPS_conventional_steam_coal_2,SPPS,Conventional Steam Coal,2,337,20,0,1,0,0,0,0,0,0,0.0,0.0,0,0,0.0,0.0,0.0,7.0,2446.997,-1,349.57,0,0.0,0.0,0,0,0,0.0,0.0,0.0,0,76616,0.0,0,0,1.88,0.0,0,0,124.0,16.5,11.97,2.206,1.615,west_south_central_coal,0.5,0.0,1.0,1.0,0.0,0.0,0.0,0.095,0.19,0.0,0.0,0,0,0,0.0,0,0.0,0.0,0.0,0.0,0.0,0.57,0.57,24,24,0.0,0.0,0,0,0,0,0.0,0.0,0.0,0.0,0,0,0,0,0,0,0,0,0,0,0,0,0.0,0.0,0,0,0,0,0,0,0,0,0,0,0,0.0,0,0.93,0.0,0,0.0,0,0,0.0,0,0,0,0,0.0,0,0.0,0.0,0.0,0.0,0.0,50.0,0,0,76616,0
SPPS_hydroelectric_pumped_storage_1,SPPS,Hydroelectric Pumped Storage,1,338,20,0,0,0,0,1,0,0,0,0.0,0.0,0,0,7347.0,474.0,0.0,13.0,474.006,-1,36.46,0,0.0,0.0,0,0,0,0.0,0.0,0.0,0,47048,0.0,0,0,0.0,0.0,0,0,0.0,0.0,0.0,0.0,0.0,None,0.247,0.0,0.866,0.866,0.0,1.0,20.0,0.0,0.0,0.0,0.0,0,0,0,0.0,0,0.0,0.0,0.0,0.0,0.0,1.0,1.0,0,0,0.0,0.0,0,0,0,0,0.0,0.0,0.0,0.0,0,0,0,0,0,0,0,0,0,0,0,0,0.0,0.0,0,0,0,0,0,0,0,0,0,0,0,0.0,0,0.95,0.0,0,0.0,0,0,0.0,0,0,0,0,0.0,0,0.0,0.0,0.0,0.0,0.0,50.0,0,0,47048,0
SPPS_natural_gas_fired_combined_cycle_1,SPPS,Natural Gas Fired Combined Cycle,1,339,20,0,1,0,0,0,0,0,0,0.0,0.0,0,0,0.0,0.0,0.0,7.0,1824.998,-1,260.71,0,0.0,0.0,0,0,0,0.0,0.0,0.0,0,16492,0.0,0,0,4.55,0.0,0,0,92.0,2.0,8.57,1.141,0.888,west_south_central_naturalgas,0.3,0.0,1.0,1.0,0.0,0.0,0.0,0.106666667,0.213333333,0.0,0.0,0,0,0,0.0,0,0.0,0.0,0.0,0.0,0.0,0.64,0.64,6,6,0.0,0.0,0,0,0,0,0.0,0.0,0.0,0.0,0,0,0,0,0,0,0,0,0,0,0,0,0.0,0.0,0,0,0,0,0,0,0,0,0,0,0,0.0,0,0.93,0.0,0,0.0,0,0,0.0,0,0,0,0,0.0,0,270.0,0.0,0.0,0.0,0.0,50.0,0,0,16492,0
SPPS_natural_gas_fired_combined_cycle_2,SPPS,Natural Gas Fired Combined Cycle,2,340,20,0,1,0,0,0,0,0,0,0.0,0.0,0,0,0.0,6887.0,0.0,19.0,6887.709,-1,362.51,0,0.0,0.0,0,0,0,0.0,0.0,0.0,0,11205,0.0,0,0,3.58,0.0,0,0,92.0,2.0,7.27,0.92,0.785,west_south_central_naturalgas,0.3,0.0,1.0,1.0,0.0,0.0,0.0,0.106666667,0.213333333,0.0,0.0,0,0,0,0.0,0,0.0,0.0,0.0,0.0,0.0,0.64,0.64,6,6,0.0,0.0,0,0,0,0,0.0,0.0,0.0,0.0,0,0,0,0,0,0,0,0,0,0,0,0,0.0,0.0,0,0,0,0,0,0,0,0,0,0,0,0.0,0,0.93,0.0,0,0.0,0,0,0.0,0,0,0,0,0.0,0,0.0,0.0,0.0,0.0,0.0,50.0,0,0,11205,0
SPPS_natural_gas_fired_combustion_turbine_1,SPPS,Natural Gas Fired Combustion Turbine,1,341,20,0,1,0,0,0,0,0,0,0.0,0.0,0,0,0.0,0.0,0.0,12.0,332.4,-1,27.7,0,0.0,0.0,0,0,0,0.0,0.0,0.0,0,13412,0.0,0,0,6.8,0.0,0,0,119.0,3.5,11.03,1.747,0.995,west_south_central_naturalgas,0.3,0.0,1.0,1.0,0.0,0.0,0.0,0.106666667,0.213333333,0.0,0.0,0,0,0,0.0,0,0.0,0.0,0.0,0.0,0.0,3.78,3.78,1,1,0.0,0.0,0,0,0,0,0.0,0.0,0.0,0.0,0,0,0,0,0,0,0,0,0,0,0,0,0.0,0.0,0,0,0,0,0,0,0,0,0,0,0,0.0,0,0.93,0.0,0,0.0,0,0,0.0,0,0,0,0,0.0,0,0.0,0.0,0.0,0.0,0.0,50.0,0,0,13412,0
SPPS_natural_gas_fired_combustion_turbine_2,SPPS,Natural Gas Fired Combustion Turbine,2,342,20,0,1,0,0,0,0,0,0,0.0,0.0,0,0,0.0,385.0,0.0,31.0,3262.998,-1,105.26,0,0.0,0.0,0,0,0,0.0,0.0,0.0,0,9738,0.0,0,0,6.8,0.0,0,0,119.0,3.5,11.14,1.598,0.895,west_south_central_naturalgas,0.3,0.0,1.0,1.0,0.0,0.0,0.0,0.106666667,0.213333333,0.0,0.0,0,0,0,0.0,0,0.0,0.0,0.0,0.0,0.0,3.78,3.78,1,1,0.0,0.0,0,0,0,0,0.0,0.0,0.0,0.0,0,0,0,0,0,0,0,0,0,0,0,0,0.0,0.0,0,0,0,0,0,0,0,0,0,0,0,0.0,0,0.93,0.0,0,0.0,0,0,0.0,0,0,0,0,0.0,0,0.0,0.0,0.0,0.0,0.0,50.0,0,0,9738,0
SPPS_natural_gas_fired_combustion_turbine_3,SPPS,Natural Gas Fired Combustion Turbine,3,343,20,0,1,0,0,0,0,0,0,0.0,0.0,0,0,0.0,0.0,0.0,5.0,135.6,-1,27.12,0,0.0,0.0,0,0,0,0.0,0.0,0.0,0,11179,0.0,0,0,6.8,0.0,0,0,119.0,3.5,13.26,0.463,0.401,west_south_central_naturalgas,0.3,0.0,1.0,1.0,0.0,0.0,0.0,0.106666667,0.213333333,0.0,0.0,0,0,0,0.0,0,0.0,0.0,0.0,0.0,0.0,3.78,3.78,1,1,0.0,0.0,0,0,0,0,0.0,0.0,0.0,0.0,0,0,0,0,0,0,0,0,0,0,0,0,0.0,0.0,0,0,0,0,0,0,0,0,0,0,0,0.0,0,0.93,0.0,0,0.0,0,0,0.0,0,0,0,0,0.0,0,0.0,0.0,0.0,0.0,0.0,50.0,0,0,11179,0
SPPS_natural_gas_internal_combustion_engine_1,SPPS,Natural Gas Internal Combustion Engine,1,344,20,0,1,0,0,0,0,0,0,0.0,0.0,0,0,0.0,0.0,0.0,51.0,421.413,-1,8.26,0,0.0,0.0,0,0,0,0.0,0.0,0.0,0,24000,0.0,0,0,6.34,0.0,0,0,38.0,0.0,9.57,0.544,2.456,west_south_central_naturalgas,0.18,0.0,1.0,1.0,0.0,0.0,0.0,0.106666667,0.213333333,0.0,0.0,0,0,0,0.0,0,0.0,0.0,0.0,0.0,0.0,3.78,3.78,1,1,0.0,0.0,0,0,0,0,0.0,0.0,0.0,0.0,0,0,0,0,0,0,0,0,0,0,0,0,0.0,0.0,0,0,0,0,0,0,0,0,0,0,0,0.0,0,0.93,0.0,0,0.0,0,0,0.0,0,0,0,0,0.0,0,11.2,0.0,0.0,0.0,0.0,50.0,0,0,24000,0
SPPS_natural_gas_steam_turbine_1,SPPS,Natural Gas Steam Turbine,1,345,20,0,1,0,0,0,0,0,0,0.0,0.0,0,0,0.0,0.0,0.0,0.0,0.0,-1,1.0,0,0.0,0.0,0,0,0,0.0,0.0,0.0,0,45808,0.0,0,0,1.06,0.0,0,0,87.0,13.7,12.0,1.708,3.53,west_south_central_naturalgas,0.5,0.0,1.0,1.0,0.0,0.0,0.0,0.63,1.26,0.0,0.0,0,0,0,0.0,0,0.0,0.0,0.0,0.0,0.0,0.64,0.64,6,6,0.0,0.0,0,0,0,0,0.0,0.0,0.0,0.0,0,0,0,0,0,0,0,0,0,0,0,0,0.0,0.0,0,0,0,0,0,0,0,0,0,0,0,0.0,0,0.93,0.0,0,0.0,0,0,0.0,0,0,0,0,0.0,0,551.6,0.0,0.0,0.0,0.0,50.0,0,0,45808,0
SPPS_onshore_wind_turbine_1,SPPS,Onshore Wind Turbine,1,346,20,1,0,1,0,0,0,0,0,0.0,0.0,0,0,0.0,19172.0,0.0,115.0,18416.445,-1,160.14,0,0.0,0.0,0,0,0,0.0,0.0,0.0,0,30300,0.0,0,0,0.0,0.0,0,0,0.0,0.0,9.03,0.367,0.174,None,0.0,0.0,1.0,1.0,0.0,0.0,0.0,0.0,0.0,0.0,0.0,0,0,0,0.0,0,0.0,0.0,0.0,0.0,0.0,1.0,1.0,0,0,0.0,0.0,0,0,0,0,0.0,0.0,0.0,0.3446840176463249,0,0,0,0,0,0,0,0,0,0,0,0,0.0,0.0,0,1,0,0,0,0,1,1,0,0,0,0.0,0,0.8,0.0,0,0.0,0,0,0.0,0,0,0,0,0.0,0,757.7,0.0,0.0,0.0,0.0,50.0,0,0,30300,0
SPPS_petroleum_liquids_1,SPPS,Petroleum Liquids,1,347,20,0,1,0,0,0,0,0,0,0.0,0.0,0,0,0.0,0.0,0.0,15.0,45.795,-1,3.05,0,0.0,0.0,0,0,0,0.0,0.0,0.0,0,24000,0.0,0,0,8.97,0.0,0,0,38.0,0.0,13.53,2.726,2.635,west_south_central_distillate,0.18,0.0,1.0,1.0,0.0,0.0,0.0,0.0,0.0,0.0,0.0,0,0,0,0.0,0,0.0,0.0,0.0,0.0,0.0,3.78,3.78,1,1,0.0,0.0,0,0,0,0,0.0,0.0,0.0,0.0,0,0,0,0,0,0,0,0,0,0,0,0,0.0,0.0,0,0,0,0,0,0,0,0,0,0,0,0.0,0,0.93,0.0,0,0.0,0,0,0.0,0,0,0,0,0.0,0,0.2,0.0,0.0,0.0,0.0,50.0,0,0,24000,0
SPPS_small_hydroelectric_1,SPPS,Small Hydroelectric,1,348,20,0,0,0,1,0,0,0,0,0.0,0.0,0,0,0.0,39.0,0.0,10.0,87.8,-1,3.93,0,0.0,0.0,0,0,0,0.0,0.0,0.0,0,47048,0.0,0,0,0.0,0.0,0,0,0.0,0.0,8.84,0.0,0.0,None,0.262,0.0,1.0,1.0,0.0,0.0,0.0,0.0,0.0,0.0,0.0,0,0,0,0.0,0,0.0,0.0,0.0,0.0,0.0,1.0,1.0,0,0,0.0,0.0,0,0,0,0,0.0,0.0,0.0,0.168859414845173,0,0,0,0,0,0,0,0,0,0,0,0,0.0,0.0,0,1,0,0,0,0,1,0,0,0,0,0.0,0,0.8,0.0,0,0.0,0,0,0.0,0,0,0,0,0.0,0,0.0,0.0,0.0,0.0,0.0,50.0,0,0,47048,0
SPPS_solar_photovoltaic_1,SPPS,Solar Photovoltaic,1,349,20,1,0,1,0,0,0,0,0,0.0,0.0,0,0,0.0,335.0,0.0,33.0,334.785,-1,10.14,0,0.0,0.0,0,0,0,0.0,0.0,0.0,0,22528,0.0,0,0,0.0,0.0,0,0,0.0,0.0,8.98,0.367,0.179,None,0.0,0.0,1.0,1.0,0.0,0.0,0.0,0.0,0.0,0.0,0.0,0,0,0,0.0,0,0.0,0.0,0.0,0.0,0.0,1.0,1.0,0,0,0.0,0.0,0,0,0,0,0.0,0.0,0.0,0.2922461542826208,0,0,0,0,0,0,0,0,0,0,0,0,0.0,0.0,0,1,0,0,0,0,1,1,0,0,0,0.0,0,0.8,0.0,0,0.0,0,0,0.0,0,0,0,0,0.0,0,0.0,0.0,0.0,0.0,0.0,50.0,0,0,22528,0
SRCA_batteries_1,SRCA,Batteries,1,350,21,0,0,0,0,1,0,0,0,0.0,0.0,0,0,301.0,161.0,0.0,24.0,146.496,-1,6.1,0,0.0,0.0,0,0,0,0.0,0.0,0.0,0,7476,0.0,0,0,0.15,0.15,0,0,0.0,0.0,9.21,0.0,0.296,None,0.0,0.0,0.92,0.92,0.0,1.0,10.0,0.0,0.0,0.0,0.0,0,0,0,0.0,0,0.0,0.0,0.0,0.0,0.0,1.0,1.0,0,0,0.0,0.0,0,0,0,0,0.0,0.0,0.0,0.0,0,0,0,0,0,0,0,0,0,0,0,0,0.95,0.0,0,0,0,0,0,0,0,0,0,0,0,0.0,0,0.0,0.0,0,0.0,0,0,0.0,0,0,0,0,0.0,0,14.3,15.8,0.0,0.0,0.0,50.0,0,0,7476,0
SRCA_biomass_1,SRCA,Biomass,1,351,21,0,0,0,1,0,0,0,0,0.0,0.0,0,0,0.0,45.0,0.0,13.0,221.0,-1,3.48,0,0.0,0.0,0,0,0,0.0,0.0,0.0,0,157220,0.0,0,0,8.23,0.0,0,0,172.0,0.0,22.04,4.949,4.163,waste_biomass,0.241,0.0,1.0,1.0,0.0,0.0,0.0,0.0,0.0,0.0,0.0,0,0,0,0.0,0,0.0,0.0,0.0,0.0,0.0,1.0,1.0,0,0,0.0,0.0,0,0,0,0,0.0,0.0,0.0,0.0,0,0,0,0,0,0,0,0,0,0,0,0,0.93,0.0,0,0,0,0,0,0,0,0,0,0,0,0.0,0,0.0,0.0,1,0.0,0,0,0.0,0,0,1,0,0.0,0,0.0,0.0,0.0,0.0,0.0,50.0,0,0,157220,0
SRCA_biomass_2,SRCA,Biomass,2,352,21,0,0,0,1,0,0,0,0,0.0,0.0,0,0,0.0,97.0,0.0,104.0,236.808,-1,0.47,0,0.0,0.0,0,0,0,0.0,0.0,0.0,0,157220,0.0,0,0,4.45,0.0,0,0,172.0,0.0,11.91,1.762,1.327,waste_biomass,0.372,0.0,1.0,1.0,0.0,0.0,0.0,0.0,0.0,0.0,0.0,0,0,0,0.0,0,0.0,0.0,0.0,0.0,0.0,1.0,1.0,0,0,0.0,0.0,0,0,0,0,0.0,0.0,0.0,0.0,0,0,0,0,0,0,0,0,0,0,0,0,0.93,0.0,0,0,0,0,0,0,0,0,0,0,0,0.0,0,0.0,0.0,1,0.0,0,0,0.0,0,0,1,0,0.0,0,107.1,0.0,0.0,0.0,0.0,50.0,0,0,157220,0
SRCA_conventional_hydroelectric_1,SRCA,Conventional Hydroelectric,1,353,21,0,0,0,0,0,0,1,0,0.0,0.0,0,0,0.0,2163.0,0.0,33.0,1216.413,-1,36.86,0,0.0,0.0,0,0,0,0.0,0.0,0.0,0,47048,0.0,0,0,0.0,0.0,0,0,0.0,0.0,8.84,0.0,0.117,None,0.107,0.0,1.0,1.0,1.0,0.0,0.0,0.0,0.0,0.0,0.0,0,0,0,0.0,0,0.0,0.0,0.0,0.0,0.0,1.0,1.0,0,0,0.0,0.0,0,0,0,0,0.0,0.0,0.0,0.1610658242258652,0,0,0,0,0,0,0,0,0,0,0,0,0.8,0.0,0,0,0,0,0,0,0,0,0,0,0,0.0,0,0.0,0.0,1,0.0,0,0,0.0,0,0,0,0,0.0,0,0.0,0.0,0.0,0.0,0.0,50.0,0,0,47048,0
SRCA_conventional_steam_coal_1,SRCA,Conventional Steam Coal,1,354,21,0,1,0,0,0,0,0,0,0.0,0.0,0,0,0.0,0.0,0.0,12.0,8370.996,-1,697.58,0,0.0,0.0,0,0,0,0.0,0.0,0.0,0,64420,0.0,0,0,1.88,0.0,0,0,124.0,16.5,10.68,0.952,0.864,south_atlantic_coal,0.5,0.0,1.0,1.0,0.0,0.0,0.0,0.095,0.19,0.0,0.0,0,0,0,0.0,0,0.0,0.0,0.0,0.0,0.0,0.57,0.57,24,24,0.0,0.0,0,0,0,0,0.0,0.0,0.0,0.0,0,0,0,0,0,0,0,0,0,0,0,0,0.93,0.0,0,0,0,0,0,0,0,0,0,0,0,0.0,0,0.0,0.0,0,0.0,0,0,0.0,0,0,0,0,0.0,0,3473.0,0.0,0.0,0.0,0.0,50.0,0,0,64420,0
SRCA_conventional_steam_coal_2,SRCA,Conventional Steam Coal,2,355,21,0,1,0,0,0,0,0,0,0.0,0.0,0,0,0.0,0.0,0.0,1.0,698.0,-1,698.0,0,0.0,0.0,0,0,0,0.0,0.0,0.0,0,66827,0.0,0,0,1.88,0.0,0,0,124.0,16.5,17.89,1.639,1.893,south_atlantic_coal,0.5,0.0,1.0,1.0,0.0,0.0,0.0,0.095,0.19,0.0,0.0,0,0,0,0.0,0,0.0,0.0,0.0,0.0,0.0,0.57,0.57,24,24,0.0,0.0,0,0,0,0,0.0,0.0,0.0,0.0,0,0,0,0,0,0,0,0,0,0,0,0,0.93,0.0,0,0,0,0,0,0,0,0,0,0,0,0.0,0,0.0,0.0,0,0.0,0,0,0.0,0,0,0,0,0.0,0,0.0,0.0,0.0,0.0,0.0,50.0,0,0,66827,0
SRCA_hydroelectric_pumped_storage_1,SRCA,Hydroelectric Pumped Storage,1,356,21,0,0,0,0,1,0,0,0,0.0,0.0,0,0,44578.0,2876.0,0.0,16.0,2876.0,-1,179.75,0,0.0,0.0,0,0,0,0.0,0.0,0.0,0,47048,0.0,0,0,0.0,0.0,0,0,0.0,0.0,0.0,0.0,0.0,None,0.751,0.0,0.866,0.866,0.0,1.0,20.0,0.0,0.0,0.0,0.0,0,0,0,0.0,0,0.0,0.0,0.0,0.0,0.0,1.0,1.0,0,0,0.0,0.0,0,0,0,0,0.0,0.0,0.0,0.0,0,0,0,0,0,0,0,0,0,0,0,0,0.95,0.0,0,0,0,0,0,0,0,0,0,0,0,0.0,0,0.0,0.0,0,0.0,0,0,0.0,0,0,0,0,0.0,0,0.0,0.0,0.0,0.0,0.0,50.0,0,0,47048,0
SRCA_natural_gas_fired_combined_cycle_1,SRCA,Natural Gas Fired Combined Cycle,1,357,21,0,1,0,0,0,0,0,0,0.0,0.0,0,0,0.0,9003.0,0.0,14.0,9004.198,-1,643.16,0,0.0,0.0,0,0,0,0.0,0.0,0.0,0,10438,0.0,0,0,3.6,0.0,0,0,92.0,2.0,7.05,0.281,0.304,south_atlantic_naturalgas,0.3,0.0,1.0,1.0,0.0,0.0,0.0,0.106666667,0.213333333,0.0,0.0,0,0,0,0.0,0,0.0,0.0,0.0,0.0,0.0,0.64,0.64,6,6,0.0,0.0,0,0,0,0,0.0,0.0,0.0,0.0,0,0,0,0,0,0,0,0,0,0,0,0,0.93,0.0,0,0,0,0,0,0,0,0,0,0,0,0.0,0,0.0,0.0,0,0.0,0,0,0.0,0,0,0,0,0.0,0,0.0,0.0,0.0,0.0,0.0,50.0,0,0,10438,0
SRCA_natural_gas_fired_combined_cycle_2,SRCA,Natural Gas Fired Combined Cycle,2,358,21,0,1,0,0,0,0,0,0,0.0,0.0,0,0,0.0,0.0,0.0,2.0,316.0,-1,158.0,0,0.0,0.0,0,0,0,0.0,0.0,0.0,0,16492,0.0,0,0,4.55,0.0,0,0,92.0,2.0,7.86,0.388,0.427,south_atlantic_naturalgas,0.3,0.0,1.0,1.0,0.0,0.0,0.0,0.106666667,0.213333333,0.0,0.0,0,0,0,0.0,0,0.0,0.0,0.0,0.0,0.0,0.64,0.64,6,6,0.0,0.0,0,0,0,0,0.0,0.0,0.0,0.0,0,0,0,0,0,0,0,0,0,0,0,0,0.93,0.0,0,0,0,0,0,0,0,0,0,0,0,0.0,0,0.0,0.0,0,0.0,0,0,0.0,0,0,0,0,0.0,0,0.0,0.0,0.0,0.0,0.0,50.0,0,0,16492,0
SRCA_natural_gas_fired_combustion_turbine_1,SRCA,Natural Gas Fired Combustion Turbine,1,359,21,0,1,0,0,0,0,0,0,0.0,0.0,0,0,0.0,0.0,0.0,26.0,816.608,-1,31.41,0,0.0,0.0,0,0,0,0.0,0.0,0.0,0,12265,0.0,0,0,6.8,0.0,0,0,119.0,3.5,15.21,9.772,6.391,south_atlantic_naturalgas,0.3,0.0,1.0,1.0,0.0,0.0,0.0,0.106666667,0.213333333,0.0,0.0,0,0,0,0.0,0,0.0,0.0,0.0,0.0,0.0,3.78,3.78,1,1,0.0,0.0,0,0,0,0,0.0,0.0,0.0,0.0,0,0,0,0,0,0,0,0,0,0,0,0,0.93,0.0,0,0,0,0,0,0,0,0,0,0,0,0.0,0,0.0,0.0,0,0.0,0,0,0.0,0,0,0,0,0.0,0,0.0,0.0,0.0,0.0,0.0,50.0,0,0,12265,0
SRCA_natural_gas_fired_combustion_turbine_2,SRCA,Natural Gas Fired Combustion Turbine,2,360,21,0,1,0,0,0,0,0,0,0.0,0.0,0,0,0.0,9824.0,0.0,74.0,9825.202,-1,132.77,0,0.0,0.0,0,0,0,0.0,0.0,0.0,0,9193,0.0,0,0,6.8,0.0,0,0,119.0,3.5,11.39,1.084,0.937,south_atlantic_naturalgas,0.3,0.0,1.0,1.0,0.0,0.0,0.0,0.106666667,0.213333333,0.0,0.0,0,0,0,0.0,0,0.0,0.0,0.0,0.0,0.0,3.78,3.78,1,1,0.0,0.0,0,0,0,0,0.0,0.0,0.0,0.0,0,0,0,0,0,0,0,0,0,0,0,0,0.93,0.0,0,0,0,0,0,0,0,0,0,0,0,0.0,0,0.0,0.0,0,0.0,0,0,0.0,0,0,0,0,0.0,0,0.0,0.0,0.0,0.0,0.0,50.0,0,0,9193,0
SRCA_natural_gas_steam_turbine_1,SRCA,Natural Gas Steam Turbine,1,361,21,0,1,0,0,0,0,0,0,0.0,0.0,0,0,0.0,0.0,0.0,5.0,519.7,-1,103.94,0,0.0,0.0,0,0,0,0.0,0.0,0.0,0,51303,0.0,0,0,1.06,0.0,0,0,87.0,13.7,9.84,1.05,0.811,south_atlantic_naturalgas,0.5,0.0,1.0,1.0,0.0,0.0,0.0,0.63,1.26,0.0,0.0,0,0,0,0.0,0,0.0,0.0,0.0,0.0,0.0,0.64,0.64,6,6,0.0,0.0,0,0,0,0,0.0,0.0,0.0,0.0,0,0,0,0,0,0,0,0,0,0,0,0,0.93,0.0,0,0,0,0,0,0,0,0,0,0,0,0.0,0,0.0,0.0,0,0.0,0,0,0.0,0,0,0,0,0.0,0,46.0,0.0,0.0,0.0,0.0,50.0,0,0,51303,0
SRCA_nuclear_1,SRCA,Nuclear,1,362,21,0,1,0,0,0,0,0,0,0.0,0.0,0,0,0.0,12106.0,0.0,12.0,12106.704,-1,1008.89,0,0.0,0.0,0,0,0,0.0,0.0,0.0,0,216694,0.0,0,0,2.47,0.0,0,0,248.0,0.0,10.45,0.0,0.0,south_atlantic_uranium,0.5,0.0,1.0,1.0,0.0,0.0,0.0,0.041666667,0.083333333,0.0,0.0,0,0,0,0.0,0,0.0,0.0,0.0,0.0,0.0,0.25,0.25,24,24,0.0,0.0,0,0,0,0,0.0,0.0,0.0,0.0,0,0,0,0,0,0,0,0,0,0,0,0,0.93,0.0,0,0,0,0,0,0,0,0,0,0,0,0.0,0,0.0,0.0,1,0.0,0,0,0.0,0,0,0,0,0.0,0,0.0,0.0,0.0,0.0,0.0,50.0,0,0,216694,0
SRCA_petroleum_liquids_1,SRCA,Petroleum Liquids,1,363,21,0,1,0,0,0,0,0,0,0.0,0.0,0,0,0.0,0.0,0.0,90.0,154.89,-1,1.72,0,0.0,0.0,0,0,0,0.0,0.0,0.0,0,24000,0.0,0,0,7.67,0.0,0,0,38.0,0.0,11.57,1.933,2.854,south_atlantic_distillate,0.18,0.0,1.0,1.0,0.0,0.0,0.0,0.0,0.0,0.0,0.0,0,0,0,0.0,0,0.0,0.0,0.0,0.0,0.0,3.78,3.78,1,1,0.0,0.0,0,0,0,0,0.0,0.0,0.0,0.0,0,0,0,0,0,0,0,0,0,0,0,0,0.93,0.0,0,0,0,0,0,0,0,0,0,0,0,0.0,0,0.0,0.0,0,0.0,0,0,0.0,0,0,0,0,0.0,0,26.9,0.0,0.0,0.0,0.0,50.0,0,0,24000,0
SRCA_small_hydroelectric_1,SRCA,Small Hydroelectric,1,364,21,0,0,0,1,0,0,0,0,0.0,0.0,0,0,0.0,78.0,0.0,51.0,102.408,-1,0.6,0,0.0,0.0,0,0,0,0.0,0.0,0.0,0,47048,0.0,0,0,0.0,0.0,0,0,0.0,0.0,8.84,0.0,0.0,None,0.616,0.0,1.0,1.0,0.0,0.0,0.0,0.0,0.0,0.0,0.0,0,0,0,0.0,0,0.0,0.0,0.0,0.0,0.0,1.0,1.0,0,0,0.0,0.0,0,0,0,0,0.0,0.0,0.0,0.1610658242258652,0,0,0,0,0,0,0,0,0,0,0,0,0.8,0.0,0,0,0,0,0,0,0,0,0,0,0,0.0,0,0.0,0.0,1,0.0,0,0,0.0,0,0,1,0,0.0,0,1.8,0.0,0.0,0.0,0.0,50.0,0,0,47048,0
SRCA_solar_photovoltaic_1,SRCA,Solar Photovoltaic,1,365,21,1,0,1,0,0,0,0,0,0.0,0.0,0,0,0.0,7940.0,0.0,826.0,7941.164,-1,9.61,0,0.0,0.0,0,0,0,0.0,0.0,0.0,0,22528,0.0,0,0,0.0,0.0,0,0,0.0,0.0,9.09,0.367,0.184,None,0.0,0.0,1.0,1.0,0.0,0.0,0.0,0.0,0.0,0.0,0.0,0,0,0,0.0,0,0.0,0.0,0.0,0.0,0.0,1.0,1.0,0,0,0.0,0.0,0,0,0,0,0.0,0.0,0.0,0.2345332764116575,0,0,0,0,0,0,0,0,0,0,0,0,0.8,0.0,0,0,0,0,0,0,0,1,0,0,0,0.0,0,0.0,0.0,1,0.0,0,0,0.0,0,0,1,0,0.0,0,0.0,0.0,0.0,0.0,0.0,50.0,0,0,22528,0
SRCE_batteries_1,SRCE,Batteries,1,366,22,0,0,0,0,1,0,0,0,0.0,0.0,0,0,245.0,122.0,0.0,4.0,121.3,-1,30.32,0,0.0,0.0,0,0,0,0.0,0.0,0.0,0,7476,0.0,0,0,0.15,0.15,0,0,0.0,0.0,9.21,0.0,0.0,None,0.0,0.0,0.92,0.92,0.0,1.0,10.0,0.0,0.0,0.0,0.0,0,0,0,0.0,0,0.0,0.0,0.0,0.0,0.0,1.0,1.0,0,0,0.0,0.0,0,0,0,0,0.0,0.0,0.0,0.0,0,0,0,0,0,0,0,0,0,0,0,0,0.95,0.0,0,0,0,0,0,0,0,0,0,0,0,0.0,0,0.0,0.0,0,0.0,0,0,0.0,0,0,0,0,0.0,0,1.0,2.0,0.0,0.0,0.0,50.0,0,0,7476,0
SRCE_biomass_1,SRCE,Biomass,1,367,22,0,0,0,1,0,0,0,0,0.0,0.0,0,0,0.0,35.0,0.0,30.0,49.71,-1,0.25,0,0.0,0.0,0,0,0,0.0,0.0,0.0,0,157220,0.0,0,0,4.01,0.0,0,0,172.0,0.0,10.75,5.134,2.422,waste_biomass,0.274,0.0,1.0,1.0,0.0,0.0,0.0,0.0,0.0,0.0,0.0,0,0,0,0.0,0,0.0,0.0,0.0,0.0,0.0,1.0,1.0,0,0,0.0,0.0,0,0,0,0,0.0,0.0,0.0,0.0,0,0,0,0,0,0,0,0,0,0,0,0,0.93,0.0,0,0,0,0,0,0,0,0,0,0,0,0.0,0,0.0,0.0,1,0.0,0,0,0.0,0,0,1,0,0.0,0,113.8,0.0,0.0,0.0,0.0,50.0,0,0,157220,0
SRCE_biomass_2,SRCE,Biomass,2,368,22,0,0,0,1,0,0,0,0,0.0,0.0,0,0,0.0,10.0,0.0,3.0,67.401,-1,3.38,0,0.0,0.0,0,0,0,0.0,0.0,0.0,0,157220,0.0,0,0,12.44,0.0,0,0,172.0,0.0,33.31,0.038,0.044,waste_biomass,0.033,0.0,1.0,1.0,0.0,0.0,0.0,0.0,0.0,0.0,0.0,0,0,0,0.0,0,0.0,0.0,0.0,0.0,0.0,1.0,1.0,0,0,0.0,0.0,0,0,0,0,0.0,0.0,0.0,0.0,0,0,0,0,0,0,0,0,0,0,0,0,0.93,0.0,0,0,0,0,0,0,0,0,0,0,0,0.0,0,0.0,0.0,1,0.0,0,0,0.0,0,0,1,0,0.0,0,0.0,0.0,0.0,0.0,0.0,50.0,0,0,157220,0
SRCE_conventional_hydroelectric_1,SRCE,Conventional Hydroelectric,1,369,22,0,0,0,0,0,0,1,0,0.0,0.0,0,0,0.0,4959.0,0.0,135.0,4439.34,-1,32.88,0,0.0,0.0,0,0,0,0.0,0.0,0.0,0,47048,0.0,0,0,0.0,0.0,0,0,0.0,0.0,8.84,0.0,0.097,None,0.127,0.0,1.0,1.0,1.0,0.0,0.0,0.0,0.0,0.0,0.0,0,0,0,0.0,0,0.0,0.0,0.0,0.0,0.0,1.0,1.0,0,0,0.0,0.0,0,0,0,0,0.0,0.0,0.0,0.361773415160069,0,0,0,0,0,0,0,0,0,0,0,0,0.8,0.0,0,0,0,0,0,0,0,0,0,0,0,0.0,0,0.0,0.0,1,0.0,0,0,0.0,0,0,0,0,0.0,0,0.0,0.0,0.0,0.0,0.0,50.0,0,0,47048,0
SRCE_conventional_steam_coal_1,SRCE,Conventional Steam Coal,1,370,22,0,1,0,0,0,0,0,0,0.0,0.0,0,0,0.0,0.0,0.0,11.0,5082.0,-1,462.0,0,0.0,0.0,0,0,0,0.0,0.0,0.0,0,61736,0.0,0,0,1.88,0.0,0,0,124.0,16.5,10.7,0.69,0.758,east_south_central_coal,0.5,0.0,1.0,1.0,0.0,0.0,0.0,0.095,0.19,0.0,0.0,0,0,0,0.0,0,0.0,0.0,0.0,0.0,0.0,0.57,0.57,24,24,0.0,0.0,0,0,0,0,0.0,0.0,0.0,0.0,0,0,0,0,0,0,0,0,0,0,0,0,0.93,0.0,0,0,0,0,0,0,0,0,0,0,0,0.0,0,0.0,0.0,0,0.0,0,0,0.0,0,0,0,0,0.0,0,2092.0,0.0,0.0,0.0,0.0,50.0,0,0,61736,0
SRCE_conventional_steam_coal_2,SRCE,Conventional Steam Coal,2,371,22,0,1,0,0,0,0,0,0,0.0,0.0,0,0,0.0,0.0,0.0,5.0,500.4,-1,100.08,0,0.0,0.0,0,0,0,0.0,0.0,0.0,0,73754,0.0,0,0,1.88,0.0,0,0,124.0,16.5,10.87,0.0,0.487,east_south_central_coal,0.5,0.0,1.0,1.0,0.0,0.0,0.0,0.095,0.19,0.0,0.0,0,0,0,0.0,0,0.0,0.0,0.0,0.0,0.0,0.57,0.57,24,24,0.0,0.0,0,0,0,0,0.0,0.0,0.0,0.0,0,0,0,0,0,0,0,0,0,0,0,0,0.93,0.0,0,0,0,0,0,0,0,0,0,0,0,0.0,0,0.0,0.0,0,0.0,0,0,0.0,0,0,0,0,0.0,0,10.4,0.0,0.0,0.0,0.0,50.0,0,0,73754,0
SRCE_hydroelectric_pumped_storage_1,SRCE,Hydroelectric Pumped Storage,1,372,22,0,0,0,0,1,0,0,0,0.0,0.0,0,0,26102.0,1684.0,0.0,5.0,1683.8,-1,336.76,0,0.0,0.0,0,0,0,0.0,0.0,0.0,0,47048,0.0,0,0,0.0,0.0,0,0,0.0,0.0,0.0,0.0,0.0,None,0.592,0.0,0.866,0.866,0.0,1.0,20.0,0.0,0.0,0.0,0.0,0,0,0,0.0,0,0.0,0.0,0.0,0.0,0.0,1.0,1.0,0,0,0.0,0.0,0,0,0,0,0.0,0.0,0.0,0.0,0,0,0,0,0,0,0,0,0,0,0,0,0.95,0.0,0,0,0,0,0,0,0,0,0,0,0,0.0,0,0.0,0.0,0,0.0,0,0,0.0,0,0,0,0,0.0,0,0.0,0.0,0.0,0.0,0.0,50.0,0,0,47048,0
SRCE_natural_gas_fired_combined_cycle_1,SRCE,Natural Gas Fired Combined Cycle,1,373,22,0,1,0,0,0,0,0,0,0.0,0.0,0,0,0.0,3827.0,0.0,4.0,3978.1,-1,994.52,0,0.0,0.0,0,0,0,0.0,0.0,0.0,0,11241,0.0,0,0,3.58,0.0,0,0,92.0,2.0,7.57,0.366,0.32,east_south_central_naturalgas,0.3,0.0,1.0,1.0,0.0,0.0,0.0,0.106666667,0.213333333,0.0,0.0,0,0,0,0.0,0,0.0,0.0,0.0,0.0,0.0,0.64,0.64,6,6,0.0,0.0,0,0,0,0,0.0,0.0,0.0,0.0,0,0,0,0,0,0,0,0,0,0,0,0,0.93,0.0,0,0,0,0,0,0,0,0,0,0,0,0.0,0,0.0,0.0,0,0.0,0,0,0.0,0,0,0,0,0.0,0,0.0,0.0,0.0,0.0,0.0,50.0,0,0,11241,0
SRCE_natural_gas_fired_combined_cycle_2,SRCE,Natural Gas Fired Combined Cycle,2,374,22,0,1,0,0,0,0,0,0,0.0,0.0,0,0,0.0,7536.0,0.0,17.0,7536.508,-1,443.32,0,0.0,0.0,0,0,0,0.0,0.0,0.0,0,9787,0.0,0,0,3.61,0.0,0,0,92.0,2.0,6.94,0.075,0.165,east_south_central_naturalgas,0.3,0.0,1.0,1.0,0.0,0.0,0.0,0.106666667,0.213333333,0.0,0.0,0,0,0,0.0,0,0.0,0.0,0.0,0.0,0.0,0.64,0.64,6,6,0.0,0.0,0,0,0,0,0.0,0.0,0.0,0.0,0,0,0,0,0,0,0,0,0,0,0,0,0.93,0.0,0,0,0,0,0,0,0,0,0,0,0,0.0,0,0.0,0.0,0,0.0,0,0,0.0,0,0,0,0,0.0,0,0.0,0.0,0.0,0.0,0.0,50.0,0,0,9787,0
SRCE_natural_gas_fired_combustion_turbine_1,SRCE,Natural Gas Fired Combustion Turbine,1,375,22,0,1,0,0,0,0,0,0,0.0,0.0,0,0,0.0,1.0,0.0,44.0,5128.992,-1,116.57,0,0.0,0.0,0,0,0,0.0,0.0,0.0,0,9270,0.0,0,0,6.8,0.0,0,0,119.0,3.5,12.19,1.314,1.301,east_south_central_naturalgas,0.3,0.0,1.0,1.0,0.0,0.0,0.0,0.106666667,0.213333333,0.0,0.0,0,0,0,0.0,0,0.0,0.0,0.0,0.0,0.0,3.78,3.78,1,1,0.0,0.0,0,0,0,0,0.0,0.0,0.0,0.0,0,0,0,0,0,0,0,0,0,0,0,0,0.93,0.0,0,0,0,0,0,0,0,0,0,0,0,0.0,0,0.0,0.0,0,0.0,0,0,0.0,0,0,0,0,0.0,0,729.6,0.0,0.0,0.0,0.0,50.0,0,0,9270,0
SRCE_natural_gas_fired_combustion_turbine_2,SRCE,Natural Gas Fired Combustion Turbine,2,376,22,0,1,0,0,0,0,0,0,0.0,0.0,0,0,0.0,0.0,0.0,9.0,123.498,-1,13.72,0,0.0,0.0,0,0,0,0.0,0.0,0.0,0,13412,0.0,0,0,6.8,0.0,0,0,119.0,3.5,10.2,1.174,1.096,east_south_central_naturalgas,0.3,0.0,1.0,1.0,0.0,0.0,0.0,0.106666667,0.213333333,0.0,0.0,0,0,0,0.0,0,0.0,0.0,0.0,0.0,0.0,3.78,3.78,1,1,0.0,0.0,0,0,0,0,0.0,0.0,0.0,0.0,0,0,0,0,0,0,0,0,0,0,0,0,0.93,0.0,0,0,0,0,0,0,0,0,0,0,0,0.0,0,0.0,0.0,0,0.0,0,0,0.0,0,0,0,0,0.0,0,0.0,0.0,0.0,0.0,0.0,50.0,0,0,13412,0
SRCE_natural_gas_fired_combustion_turbine_3,SRCE,Natural Gas Fired Combustion Turbine,3,377,22,0,1,0,0,0,0,0,0,0.0,0.0,0,0,0.0,1.0,0.0,7.0,734.398,-1,104.91,0,0.0,0.0,0,0,0,0.0,0.0,0.0,0,9168,0.0,0,0,6.8,0.0,0,0,119.0,3.5,21.37,0.044,0.256,east_south_central_naturalgas,0.3,0.0,1.0,1.0,0.0,0.0,0.0,0.106666667,0.213333333,0.0,0.0,0,0,0,0.0,0,0.0,0.0,0.0,0.0,0.0,3.78,3.78,1,1,0.0,0.0,0,0,0,0,0.0,0.0,0.0,0.0,0,0,0,0,0,0,0,0,0,0,0,0,0.93,0.0,0,0,0,0,0,0,0,0,0,0,0,0.0,0,0.0,0.0,0,0.0,0,0,0.0,0,0,0,0,0.0,0,0.0,0.0,0.0,0.0,0.0,50.0,0,0,9168,0
SRCE_natural_gas_internal_combustion_engine_1,SRCE,Natural Gas Internal Combustion Engine,1,378,22,0,1,0,0,0,0,0,0,0.0,0.0,0,0,0.0,0.0,0.0,1.0,3.2,-1,3.2,0,0.0,0.0,0,0,0,0.0,0.0,0.0,0,24000,0.0,0,0,6.1,0.0,0,0,38.0,0.0,9.21,0.0,0.0,east_south_central_naturalgas,0.18,0.0,1.0,1.0,0.0,0.0,0.0,0.106666667,0.213333333,0.0,0.0,0,0,0,0.0,0,0.0,0.0,0.0,0.0,0.0,3.78,3.78,1,1,0.0,0.0,0,0,0,0,0.0,0.0,0.0,0.0,0,0,0,0,0,0,0,0,0,0,0,0,0.93,0.0,0,0,0,0,0,0,0,0,0,0,0,0.0,0,0.0,0.0,0,0.0,0,0,0.0,0,0,0,0,0.0,0,0.0,0.0,0.0,0.0,0.0,50.0,0,0,24000,0
SRCE_natural_gas_steam_turbine_1,SRCE,Natural Gas Steam Turbine,1,379,22,0,1,0,0,0,0,0,0,0.0,0.0,0,0,0.0,0.0,0.0,1.0,47.0,-1,47.0,0,0.0,0.0,0,0,0,0.0,0.0,0.0,0,51303,0.0,0,0,1.06,0.0,0,0,87.0,13.7,9.21,0.0,0.0,east_south_central_naturalgas,0.5,0.0,1.0,1.0,0.0,0.0,0.0,0.63,1.26,0.0,0.0,0,0,0,0.0,0,0.0,0.0,0.0,0.0,0.0,0.64,0.64,6,6,0.0,0.0,0,0,0,0,0.0,0.0,0.0,0.0,0,0,0,0,0,0,0,0,0,0,0,0,0.93,0.0,0,0,0,0,0,0,0,0,0,0,0,0.0,0,0.0,0.0,0,0.0,0,0,0.0,0,0,0,0,0.0,0,16.8,0.0,0.0,0.0,0.0,50.0,0,0,51303,0
SRCE_nuclear_1,SRCE,Nuclear,1,380,22,0,1,0,0,0,0,0,0,0.0,0.0,0,0,0.0,8430.0,0.0,7.0,8431.297,-1,1204.47,0,0.0,0.0,0,0,0,0.0,0.0,0.0,0,193275,0.0,0,0,2.47,0.0,0,0,248.0,0.0,10.45,0.0,0.0,east_south_central_uranium,0.5,0.0,1.0,1.0,0.0,0.0,0.0,0.041666667,0.083333333,0.0,0.0,0,0,0,0.0,0,0.0,0.0,0.0,0.0,0.0,0.25,0.25,24,24,0.0,0.0,0,0,0,0,0.0,0.0,0.0,0.0,0,0,0,0,0,0,0,0,0,0,0,0,0.93,0.0,0,0,0,0,0,0,0,0,0,0,0,0.0,0,0.0,0.0,1,0.0,0,0,0.0,0,0,0,0,0.0,0,0.0,0.0,0.0,0.0,0.0,50.0,0,0,193275,0
SRCE_onshore_wind_turbine_1,SRCE,Onshore Wind Turbine,1,381,22,1,0,1,0,0,0,0,0,0.0,0.0,0,0,0.0,29.0,0.0,0.0,0.0,-1,1.0,0,0.0,0.0,0,0,0,0.0,0.0,0.0,0,30300,0.0,0,0,0.0,0.0,0,0,0.0,0.0,8.84,0.0,0.0,None,0.0,0.0,1.0,1.0,0.0,0.0,0.0,0.0,0.0,0.0,0.0,0,0,0,0.0,0,0.0,0.0,0.0,0.0,0.0,1.0,1.0,0,0,0.0,0.0,0,0,0,0,0.0,0.0,0.0,0.0994193533697632,0,0,0,0,0,0,0,0,0,0,0,0,0.8,0.0,0,0,0,0,0,0,0,1,0,0,0,0.0,0,0.0,0.0,1,0.0,0,0,0.0,0,0,1,0,0.0,0,27.0,0.0,0.0,0.0,0.0,50.0,0,0,30300,0
SRCE_petroleum_liquids_1,SRCE,Petroleum Liquids,1,382,22,0,1,0,0,0,0,0,0,0.0,0.0,0,0,0.0,0.0,0.0,35.0,69.79,-1,1.99,0,0.0,0.0,0,0,0,0.0,0.0,0.0,0,24000,0.0,0,0,9.15,0.0,0,0,38.0,0.0,13.8,1.615,6.765,east_south_central_distillate,0.18,0.0,1.0,1.0,0.0,0.0,0.0,0.0,0.0,0.0,0.0,0,0,0,0.0,0,0.0,0.0,0.0,0.0,0.0,3.78,3.78,1,1,0.0,0.0,0,0,0,0,0.0,0.0,0.0,0.0,0,0,0,0,0,0,0,0,0,0,0,0,0.93,0.0,0,0,0,0,0,0,0,0,0,0,0,0.0,0,0.0,0.0,0,0.0,0,0,0.0,0,0,0,0,0.0,0,0.0,0.0,0.0,0.0,0.0,50.0,0,0,24000,0
SRCE_small_hydroelectric_1,SRCE,Small Hydroelectric,1,383,22,0,0,0,1,0,0,0,0,0.0,0.0,0,0,0.0,64.0,0.0,22.0,115.61,-1,1.85,0,0.0,0.0,0,0,0,0.0,0.0,0.0,0,47048,0.0,0,0,0.0,0.0,0,0,0.0,0.0,8.84,0.0,0.0,None,0.556,0.0,1.0,1.0,0.0,0.0,0.0,0.0,0.0,0.0,0.0,0,0,0,0.0,0,0.0,0.0,0.0,0.0,0.0,1.0,1.0,0,0,0.0,0.0,0,0,0,0,0.0,0.0,0.0,0.361773415160069,0,0,0,0,0,0,0,0,0,0,0,0,0.8,0.0,0,0,0,0,0,0,0,0,0,0,0,0.0,0,0.0,0.0,1,0.0,0,0,0.0,0,0,1,0,0.0,0,13.4,0.0,0.0,0.0,0.0,50.0,0,0,47048,0
SRCE_solar_photovoltaic_1,SRCE,Solar Photovoltaic,1,384,22,1,0,1,0,0,0,0,0,0.0,0.0,0,0,0.0,1937.0,0.0,49.0,1937.215,-1,39.53,0,0.0,0.0,0,0,0,0.0,0.0,0.0,0,22528,0.0,0,0,0.0,0.0,0,0,0.0,0.0,9.18,0.367,0.176,None,0.0,0.0,1.0,1.0,0.0,0.0,0.0,0.0,0.0,0.0,0.0,0,0,0,0.0,0,0.0,0.0,0.0,0.0,0.0,1.0,1.0,0,0,0.0,0.0,0,0,0,0,0.0,0.0,0.0,0.240790566910991,0,0,0,0,0,0,0,0,0,0,0,0,0.8,0.0,0,0,0,0,0,0,0,1,0,0,0,0.0,0,0.0,0.0,1,0.0,0,0,0.0,0,0,1,0,0.0,0,0.0,0.0,0.0,0.0,0.0,50.0,0,0,22528,0
SRSE_batteries_1,SRSE,Batteries,1,385,23,0,0,0,0,1,0,0,0,0.0,0.0,0,0,309.0,152.0,0.0,4.0,150.5,-1,37.62,0,0.0,0.0,0,0,0,0.0,0.0,0.0,0,7476,0.0,0,0,0.15,0.15,0,0,0.0,0.0,9.21,0.0,0.0,None,0.0,0.0,0.92,0.92,0.0,1.0,10.0,0.0,0.0,0.0,0.0,0,0,0,0.0,0,0.0,0.0,0.0,0.0,0.0,1.0,1.0,0,0,0.0,0.0,0,0,0,0,0.0,0.0,0.0,0.0,0,0,0,0,0,0,0,0,0,0,0,0,0.95,0.0,0,0,0,0,0,0,0,0,0,0,0,0.0,0,0.0,0.0,0,0.0,0,0,0.0,0,0,0,0,0.0,0,1.2,4.4,0.0,0.0,0.0,50.0,0,0,7476,0
SRSE_biomass_1,SRSE,Biomass,1,386,23,0,0,0,1,0,0,0,0,0.0,0.0,0,0,0.0,274.0,0.0,26.0,520.312,-1,4.42,0,0.0,0.0,0,0,0,0.0,0.0,0.0,0,157220,0.0,0,0,3.44,0.0,0,0,172.0,0.0,9.21,0.0,0.284,waste_biomass,0.0,0.0,1.0,1.0,0.0,0.0,0.0,0.0,0.0,0.0,0.0,0,0,0,0.0,0,0.0,0.0,0.0,0.0,0.0,1.0,1.0,0,0,0.0,0.0,0,0,0,0,0.0,0.0,0.0,0.0,0,0,0,0,0,0,0,0,0,0,0,0,0.93,0.0,0,0,0,0,0,0,0,0,0,0,0,0.0,0,0.0,0.0,1,0.0,0,0,0.0,0,0,1,0,0.0,0,184.7,0.0,0.0,0.0,0.0,50.0,0,0,157220,0
SRSE_biomass_2,SRSE,Biomass,2,387,23,0,0,0,1,0,0,0,0,0.0,0.0,0,0,0.0,123.0,0.0,37.0,300.107,-1,1.79,0,0.0,0.0,0,0,0,0.0,0.0,0.0,0,157220,0.0,0,0,5.68,0.0,0,0,172.0,0.0,15.2,0.553,2.126,waste_biomass,0.294,0.0,1.0,1.0,0.0,0.0,0.0,0.0,0.0,0.0,0.0,0,0,0,0.0,0,0.0,0.0,0.0,0.0,0.0,1.0,1.0,0,0,0.0,0.0,0,0,0,0,0.0,0.0,0.0,0.0,0,0,0,0,0,0,0,0,0,0,0,0,0.93,0.0,0,0,0,0,0,0,0,0,0,0,0,0.0,0,0.0,0.0,1,0.0,0,0,0.0,0,0,1,0,0.0,0,73.4,0.0,0.0,0.0,0.0,50.0,0,0,157220,0
SRSE_conventional_hydroelectric_1,SRSE,Conventional Hydroelectric,1,388,23,0,0,0,0,0,0,1,0,0.0,0.0,0,0,0.0,3908.0,0.0,79.0,3352.365,-1,42.44,0,0.0,0.0,0,0,0,0.0,0.0,0.0,0,47048,0.0,0,0,0.0,0.0,0,0,0.0,0.0,8.85,0.0,0.036,None,0.089,0.0,1.0,1.0,1.0,0.0,0.0,0.0,0.0,0.0,0.0,0,0,0,0.0,0,0.0,0.0,0.0,0.0,0.0,1.0,1.0,0,0,0.0,0.0,0,0,0,0,0.0,0.0,0.0,0.1627950364298725,0,0,0,0,0,0,0,0,0,0,0,0,0.8,0.0,0,0,0,0,0,0,0,0,0,0,0,0.0,0,0.0,0.0,1,0.0,0,0,0.0,0,0,0,0,0.0,0,77.9,0.0,0.0,0.0,0.0,50.0,0,0,47048,0
SRSE_conventional_steam_coal_1,SRSE,Conventional Steam Coal,1,389,23,0,1,0,0,0,0,0,0,0.0,0.0,0,0,0.0,0.0,0.0,9.0,6809.499,-1,756.61,0,0.0,0.0,0,0,0,0.0,0.0,0.0,0,66203,0.0,0,0,1.88,0.0,0,0,124.0,16.5,9.94,0.414,0.271,south_atlantic_coal,0.5,0.0,1.0,1.0,0.0,0.0,0.0,0.095,0.19,0.0,0.0,0,0,0,0.0,0,0.0,0.0,0.0,0.0,0.0,0.57,0.57,24,24,0.0,0.0,0,0,0,0,0.0,0.0,0.0,0.0,0,0,0,0,0,0,0,0,0,0,0,0,0.93,0.0,0,0,0,0,0,0,0,0,0,0,0,0.0,0,0.0,0.0,0,0.0,0,0,0.0,0,0,0,0,0.0,0,0.0,0.0,0.0,0.0,0.0,50.0,0,0,66203,0
SRSE_conventional_steam_coal_2,SRSE,Conventional Steam Coal,2,390,23,0,1,0,0,0,0,0,0,0.0,0.0,0,0,0.0,0.0,0.0,4.0,3336.5,-1,834.12,0,0.0,0.0,0,0,0,0.0,0.0,0.0,0,64583,0.0,0,0,1.88,0.0,0,0,124.0,16.5,11.36,0.599,1.025,south_atlantic_coal,0.5,0.0,1.0,1.0,0.0,0.0,0.0,0.095,0.19,0.0,0.0,0,0,0,0.0,0,0.0,0.0,0.0,0.0,0.0,0.57,0.57,24,24,0.0,0.0,0,0,0,0,0.0,0.0,0.0,0.0,0,0,0,0,0,0,0,0,0,0,0,0,0.93,0.0,0,0,0,0,0,0,0,0,0,0,0,0.0,0,0.0,0.0,0,0.0,0,0,0.0,0,0,0,0,0.0,0,362.0,0.0,0.0,0.0,0.0,50.0,0,0,64583,0
SRSE_hydroelectric_pumped_storage_1,SRSE,Hydroelectric Pumped Storage,1,391,23,0,0,0,0,1,0,0,0,0.0,0.0,0,0,29388.0,1896.0,0.0,13.0,1896.206,-1,145.86,0,0.0,0.0,0,0,0,0.0,0.0,0.0,0,47048,0.0,0,0,0.0,0.0,0,0,0.0,0.0,0.4,0.0,2.554,None,0.524,0.0,0.866,0.866,0.0,1.0,20.0,0.0,0.0,0.0,0.0,0,0,0,0.0,0,0.0,0.0,0.0,0.0,0.0,1.0,1.0,0,0,0.0,0.0,0,0,0,0,0.0,0.0,0.0,0.0,0,0,0,0,0,0,0,0,0,0,0,0,0.95,0.0,0,0,0,0,0,0,0,0,0,0,0,0.0,0,0.0,0.0,0,0.0,0,0,0.0,0,0,0,0,0.0,0,0.0,0.0,0.0,0.0,0.0,50.0,0,0,47048,0
SRSE_natural_gas_fired_combined_cycle_1,SRSE,Natural Gas Fired Combined Cycle,1,392,23,0,1,0,0,0,0,0,0,0.0,0.0,0,0,0.0,16584.0,0.0,31.0,20107.096,-1,648.62,0,0.0,0.0,0,0,0,0.0,0.0,0.0,0,11442,0.0,0,0,3.58,0.0,0,0,92.0,2.0,7.0,0.203,0.506,south_atlantic_naturalgas,0.3,0.0,1.0,1.0,0.0,0.0,0.0,0.106666667,0.213333333,0.0,0.0,0,0,0,0.0,0,0.0,0.0,0.0,0.0,0.0,0.64,0.64,6,6,0.0,0.0,0,0,0,0,0.0,0.0,0.0,0.0,0,0,0,0,0,0,0,0,0,0,0,0,0.93,0.0,0,0,0,0,0,0,0,0,0,0,0,0.0,0,0.0,0.0,0,0.0,0,0,0.0,0,0,0,0,0.0,0,0.0,0.0,0.0,0.0,0.0,50.0,0,0,11442,0
SRSE_natural_gas_fired_combined_cycle_2,SRSE,Natural Gas Fired Combined Cycle,2,393,23,0,1,0,0,0,0,0,0,0.0,0.0,0,0,0.0,0.0,0.0,9.0,1336.302,-1,148.48,0,0.0,0.0,0,0,0,0.0,0.0,0.0,0,16492,0.0,0,0,4.55,0.0,0,0,92.0,2.0,8.61,1.657,2.392,south_atlantic_naturalgas,0.3,0.0,1.0,1.0,0.0,0.0,0.0,0.106666667,0.213333333,0.0,0.0,0,0,0,0.0,0,0.0,0.0,0.0,0.0,0.0,0.64,0.64,6,6,0.0,0.0,0,0,0,0,0.0,0.0,0.0,0.0,0,0,0,0,0,0,0,0,0,0,0,0,0.93,0.0,0,0,0,0,0,0,0,0,0,0,0,0.0,0,0.0,0.0,0,0.0,0,0,0.0,0,0,0,0,0.0,0,0.0,0.0,0.0,0.0,0.0,50.0,0,0,16492,0
SRSE_natural_gas_fired_combustion_turbine_1,SRSE,Natural Gas Fired Combustion Turbine,1,394,23,0,1,0,0,0,0,0,0,0.0,0.0,0,0,0.0,2.0,0.0,98.0,12160.82,-1,124.09,0,0.0,0.0,0,0,0,0.0,0.0,0.0,0,9295,0.0,0,0,6.8,0.0,0,0,119.0,3.5,11.91,1.515,2.188,south_atlantic_naturalgas,0.3,0.0,1.0,1.0,0.0,0.0,0.0,0.106666667,0.213333333,0.0,0.0,0,0,0,0.0,0,0.0,0.0,0.0,0.0,0.0,3.78,3.78,1,1,0.0,0.0,0,0,0,0,0.0,0.0,0.0,0.0,0,0,0,0,0,0,0,0,0,0,0,0,0.93,0.0,0,0,0,0,0,0,0,0,0,0,0,0.0,0,0.0,0.0,0,0.0,0,0,0.0,0,0,0,0,0.0,0,0.0,0.0,0.0,0.0,0.0,50.0,0,0,9295,0
SRSE_natural_gas_fired_combustion_turbine_2,SRSE,Natural Gas Fired Combustion Turbine,2,395,23,0,1,0,0,0,0,0,0,0.0,0.0,0,0,0.0,0.0,0.0,11.0,357.005,-1,32.46,0,0.0,0.0,0,0,0,0.0,0.0,0.0,0,13412,0.0,0,0,6.8,0.0,0,0,119.0,3.5,10.09,4.582,4.119,south_atlantic_naturalgas,0.3,0.0,1.0,1.0,0.0,0.0,0.0,0.106666667,0.213333333,0.0,0.0,0,0,0,0.0,0,0.0,0.0,0.0,0.0,0.0,3.78,3.78,1,1,0.0,0.0,0,0,0,0,0.0,0.0,0.0,0.0,0,0,0,0,0,0,0,0,0,0,0,0,0.93,0.0,0,0,0,0,0,0,0,0,0,0,0,0.0,0,0.0,0.0,0,0.0,0,0,0.0,0,0,0,0,0.0,0,0.0,0.0,0.0,0.0,0.0,50.0,0,0,13412,0
SRSE_natural_gas_internal_combustion_engine_1,SRSE,Natural Gas Internal Combustion Engine,1,396,23,0,1,0,0,0,0,0,0,0.0,0.0,0,0,0.0,0.0,0.0,16.0,20.704,-1,1.29,0,0.0,0.0,0,0,0,0.0,0.0,0.0,0,24000,0.0,0,0,5.47,0.0,0,0,38.0,0.0,8.26,0.0,0.124,south_atlantic_naturalgas,0.18,0.0,1.0,1.0,0.0,0.0,0.0,0.106666667,0.213333333,0.0,0.0,0,0,0,0.0,0,0.0,0.0,0.0,0.0,0.0,3.78,3.78,1,1,0.0,0.0,0,0,0,0,0.0,0.0,0.0,0.0,0,0,0,0,0,0,0,0,0,0,0,0,0.93,0.0,0,0,0,0,0,0,0,0,0,0,0,0.0,0,0.0,0.0,0,0.0,0,0,0.0,0,0,0,0,0.0,0,0.0,0.0,0.0,0.0,0.0,50.0,0,0,24000,0
SRSE_natural_gas_steam_turbine_1,SRSE,Natural Gas Steam Turbine,1,397,23,0,1,0,0,0,0,0,0,0.0,0.0,0,0,0.0,0.0,0.0,0.0,0.0,-1,1.0,0,0.0,0.0,0,0,0,0.0,0.0,0.0,0,40983,0.0,0,0,1.06,0.0,0,0,87.0,13.7,10.82,2.249,1.637,south_atlantic_naturalgas,0.5,0.0,1.0,1.0,0.0,0.0,0.0,0.63,1.26,0.0,0.0,0,0,0,0.0,0,0.0,0.0,0.0,0.0,0.0,0.64,0.64,6,6,0.0,0.0,0,0,0,0,0.0,0.0,0.0,0.0,0,0,0,0,0,0,0,0,0,0,0,0,0.93,0.0,0,0,0,0,0,0,0,0,0,0,0,0.0,0,0.0,0.0,0,0.0,0,0,0.0,0,0,0,0,0.0,0,86.6,0.0,0.0,0.0,0.0,50.0,0,0,40983,0
SRSE_nuclear_1,SRSE,Nuclear,1,398,23,0,1,0,0,0,0,0,0,0.0,0.0,0,0,0.0,8079.0,0.0,8.0,8080.0,-1,1010.0,0,0.0,0.0,0,0,0,0.0,0.0,0.0,0,193275,0.0,0,0,2.39,0.0,0,0,248.0,0.0,10.11,0.309,0.573,south_atlantic_uranium,0.5,0.0,1.0,1.0,0.0,0.0,0.0,0.041666667,0.083333333,0.0,0.0,0,0,0,0.0,0,0.0,0.0,0.0,0.0,0.0,0.25,0.25,24,24,0.0,0.0,0,0,0,0,0.0,0.0,0.0,0.0,0,0,0,0,0,0,0,0,0,0,0,0,0.93,0.0,0,0,0,0,0,0,0,0,0,0,0,0.0,0,0.0,0.0,1,0.0,0,0,0.0,0,0,0,0,0.0,0,0.0,0.0,0.0,0.0,0.0,50.0,0,0,193275,0
SRSE_petroleum_liquids_1,SRSE,Petroleum Liquids,1,399,23,0,1,0,0,0,0,0,0,0.0,0.0,0,0,0.0,0.0,0.0,36.0,127.116,-1,3.53,0,0.0,0.0,0,0,0,0.0,0.0,0.0,0,24000,0.0,0,0,9.56,0.0,0,0,38.0,0.0,14.42,1.933,4.773,south_atlantic_distillate,0.18,0.0,1.0,1.0,0.0,0.0,0.0,0.0,0.0,0.0,0.0,0,0,0,0.0,0,0.0,0.0,0.0,0.0,0.0,3.78,3.78,1,1,0.0,0.0,0,0,0,0,0.0,0.0,0.0,0.0,0,0,0,0,0,0,0,0,0,0,0,0,0.93,0.0,0,0,0,0,0,0,0,0,0,0,0,0.0,0,0.0,0.0,0,0.0,0,0,0.0,0,0,0,0,0.0,0,18.9,0.0,0.0,0.0,0.0,50.0,0,0,24000,0
SRSE_small_hydroelectric_1,SRSE,Small Hydroelectric,1,400,23,0,0,0,1,0,0,0,0,0.0,0.0,0,0,0.0,39.0,0.0,10.0,11.2,-1,0.32,0,0.0,0.0,0,0,0,0.0,0.0,0.0,0,47048,0.0,0,0,0.0,0.0,0,0,0.0,0.0,8.84,0.0,0.0,None,0.214,0.0,1.0,1.0,0.0,0.0,0.0,0.0,0.0,0.0,0.0,0,0,0,0.0,0,0.0,0.0,0.0,0.0,0.0,1.0,1.0,0,0,0.0,0.0,0,0,0,0,0.0,0.0,0.0,0.1627950364298725,0,0,0,0,0,0,0,0,0,0,0,0,0.8,0.0,0,0,0,0,0,0,0,0,0,0,0,0.0,0,0.0,0.0,1,0.0,0,0,0.0,0,0,1,0,0.0,0,0.0,0.0,0.0,0.0,0.0,50.0,0,0,47048,0
SRSE_solar_photovoltaic_1,SRSE,Solar Photovoltaic,1,401,23,1,0,1,0,0,0,0,0,0.0,0.0,0,0,0.0,7192.0,0.0,175.0,7192.675,-1,41.1,0,0.0,0.0,0,0,0,0.0,0.0,0.0,0,22528,0.0,0,0,0.0,0.0,0,0,0.0,0.0,9.14,0.366,0.163,None,0.0,0.0,1.0,1.0,0.0,0.0,0.0,0.0,0.0,0.0,0.0,0,0,0,0.0,0,0.0,0.0,0.0,0.0,0.0,1.0,1.0,0,0,0.0,0.0,0,0,0,0,0.0,0.0,0.0,0.2224616347905282,0,0,0,0,0,0,0,0,0,0,0,0,0.8,0.0,0,0,0,0,0,0,0,1,0,0,0,0.0,0,0.0,0.0,1,0.0,0,0,0.0,0,0,1,0,0.0,0,0.0,0.0,0.0,0.0,0.0,50.0,0,0,22528,0
SRSG_batteries_1,SRSG,Batteries,1,402,24,0,0,0,0,1,0,0,0,0.0,0.95,0,0,4196.0,2076.0,0.0,28.0,2003.008,-1,71.54,0,0.0,0.0,0,0,0,0.0,0.0,0.0,0,7476,0.0,0,0,0.15,0.15,0,0,0.0,0.0,9.31,1.13,0.54,None,0.012,0.0,0.92,0.92,0.0,1.0,10.0,0.0,0.0,0.0,0.0,0,0,0,0.0,0,0.0,0.0,0.0,0.0,0.0,1.0,1.0,0,0,0.0,0.0,0,0,0,0,0.0,0.0,0.0,0.0,0,0,0,0,0,0,0,0,0,0,0,0,0.0,0.0,0,0,0,0,0,0,0,0,0,0,0,0.0,0,0.0,0.0,0,0.0,0,0,0.0,0,0,0,0,0.0,0,72.0,187.0,0.0,0.0,0.0,50.0,0,0,7476,0
SRSG_biomass_1,SRSG,Biomass,1,403,24,0,0,0,1,0,0,0,0,0.0,0.93,0,0,0.0,10.0,0.0,8.0,26.6,-1,1.23,0,0.0,0.0,0,0,0,0.0,0.0,0.0,0,157220,0.0,0,0,3.71,0.0,0,0,172.0,0.0,9.94,0.686,1.088,waste_biomass,0.12,0.0,1.0,1.0,0.0,0.0,0.0,0.0,0.0,0.0,0.0,0,0,0,0.0,0,0.0,0.0,0.0,0.0,0.0,1.0,1.0,0,0,0.0,0.0,0,0,0,0,0.0,0.0,0.0,0.0,0,0,0,0,0,0,0,0,0,0,0,0,0.0,0.0,0,0,0,0,0,1,0,0,0,0,0,0.0,0,0.0,0.0,0,0.0,0,0,0.0,0,0,0,1,0.0,0,0.0,0.0,0.0,0.0,0.0,50.0,0,0,157220,0
SRSG_biomass_2,SRSG,Biomass,2,404,24,0,0,0,1,0,0,0,0,0.0,0.93,0,0,0.0,26.0,0.0,2.0,69.2,-1,12.79,0,0.0,0.0,0,0,0,0.0,0.0,0.0,0,157220,0.0,0,0,5.96,0.0,0,0,172.0,0.0,15.96,0.431,0.609,waste_biomass,0.477,0.0,1.0,1.0,0.0,0.0,0.0,0.0,0.0,0.0,0.0,0,0,0,0.0,0,0.0,0.0,0.0,0.0,0.0,1.0,1.0,0,0,0.0,0.0,0,0,0,0,0.0,0.0,0.0,0.0,0,0,0,0,0,0,0,0,0,0,0,0,0.0,0.0,0,0,0,0,0,1,0,0,0,0,0,0.0,0,0.0,0.0,0,0.0,0,0,0.0,0,0,0,1,0.0,0,0.0,0.0,0.0,0.0,0.0,50.0,0,0,157220,0
SRSG_conventional_hydroelectric_1,SRSG,Conventional Hydroelectric,1,405,24,0,0,0,0,0,0,1,0,0.0,0.8,0,0,0.0,2766.0,0.0,29.0,2765.498,-1,95.36,0,0.0,0.0,0,0,0,0.0,0.0,0.0,0,47048,0.0,0,0,0.0,0.0,0,0,0.0,0.0,8.84,0.0,0.068,None,0.004,0.0,1.0,1.0,1.0,0.0,0.0,0.0,0.0,0.0,0.0,0,0,0,0.0,0,0.0,0.0,0.0,0.0,0.0,1.0,1.0,0,0,0.0,0.0,0,0,0,0,0.0,0.0,0.0,0.2915814155785187,0,0,0,0,0,0,0,0,0,0,0,0,0.0,0.0,0,0,0,0,0,0,0,0,0,0,0,0.0,0,0.0,0.0,0,0.0,0,0,0.0,0,0,0,1,0.0,0,0.0,0.0,0.0,0.0,0.0,50.0,0,0,47048,0
SRSG_conventional_steam_coal_1,SRSG,Conventional Steam Coal,1,406,24,0,1,0,0,0,0,0,0,0.0,0.93,0,0,0.0,0.0,0.0,2.0,832.0,-1,416.0,0,0.0,0.0,0,0,0,0.0,0.0,0.0,0,57221,0.0,0,0,1.88,0.0,0,0,124.0,16.5,11.14,1.104,1.725,mountain_coal,0.5,0.0,1.0,1.0,0.0,0.0,0.0,0.095,0.19,0.0,0.0,0,0,0,0.0,0,0.0,0.0,0.0,0.0,0.0,0.57,0.57,24,24,0.0,0.0,0,0,0,0,0.0,0.0,0.0,0.0,0,0,0,0,0,0,0,0,0,0,0,0,0.0,0.0,0,0,0,0,0,0,0,0,0,0,0,0.0,0,0.0,0.0,0,0.0,0,0,0.0,0,0,0,0,0.0,0,2708.0,0.0,0.0,0.0,0.0,50.0,0,0,57221,0
SRSG_conventional_steam_coal_2,SRSG,Conventional Steam Coal,2,407,24,0,1,0,0,0,0,0,0,0.0,0.93,0,0,0.0,0.0,0.0,2.0,446.0,-1,223.0,0,0.0,0.0,0,0,0,0.0,0.0,0.0,0,77498,0.0,0,0,1.88,0.0,0,0,124.0,16.5,9.47,1.168,1.17,mountain_coal,0.5,0.0,1.0,1.0,0.0,0.0,0.0,0.095,0.19,0.0,0.0,0,0,0,0.0,0,0.0,0.0,0.0,0.0,0.0,0.57,0.57,24,24,0.0,0.0,0,0,0,0,0.0,0.0,0.0,0.0,0,0,0,0,0,0,0,0,0,0,0,0,0.0,0.0,0,0,0,0,0,0,0,0,0,0,0,0.0,0,0.0,0.0,0,0.0,0,0,0.0,0,0,0,0,0.0,0,0.0,0.0,0.0,0.0,0.0,50.0,0,0,77498,0
SRSG_geothermal_1,SRSG,Geothermal,1,408,24,0,1,0,0,0,0,0,0,0.0,0.93,0,0,0.0,357.0,0.0,21.0,283.71,-1,6.24,0,0.0,0.0,0,0,0,0.0,0.0,0.0,0,209101,0.0,0,0,0.0,0.0,0,0,0.0,0.0,8.9,0.0,0.109,None,0.487,0.0,1.0,1.0,0.0,0.0,0.0,0.0,0.0,0.0,0.0,0,0,0,0.0,0,0.0,0.0,0.0,0.0,0.0,1.0,1.0,0,0,0.0,0.0,0,0,0,0,0.0,0.0,0.0,0.0,0,0,0,0,0,0,0,0,0,0,0,0,0.0,0.0,0,0,0,0,0,1,0,0,0,0,0,0.0,0,0.0,0.0,0,0.0,0,0,0.0,0,0,0,1,0.0,0,24.0,0.0,0.0,0.0,0.0,50.0,0,0,209101,0
SRSG_hydroelectric_pumped_storage_1,SRSG,Hydroelectric Pumped Storage,1,409,24,0,0,0,0,1,0,0,0,0.0,0.95,0,0,3348.0,216.0,0.0,6.0,216.3,-1,36.05,0,0.0,0.0,0,0,0,0.0,0.0,0.0,0,47048,0.0,0,0,0.0,0.0,0,0,0.0,0.0,0.0,0.0,0.0,None,0.601,0.0,0.866,0.866,0.0,1.0,20.0,0.0,0.0,0.0,0.0,0,0,0,0.0,0,0.0,0.0,0.0,0.0,0.0,1.0,1.0,0,0,0.0,0.0,0,0,0,0,0.0,0.0,0.0,0.0,0,0,0,0,0,0,0,0,0,0,0,0,0.0,0.0,0,0,0,0,0,0,0,0,0,0,0,0.0,0,0.0,0.0,0,0.0,0,0,0.0,0,0,0,0,0.0,0,0.0,0.0,0.0,0.0,0.0,50.0,0,0,47048,0
SRSG_natural_gas_fired_combined_cycle_1,SRSG,Natural Gas Fired Combined Cycle,1,410,24,0,1,0,0,0,0,0,0,0.0,0.93,0,0,0.0,11246.0,0.0,24.0,10832.592,-1,451.36,0,0.0,0.0,0,0,0,0.0,0.0,0.0,0,10529,0.0,0,0,3.6,0.0,0,0,92.0,2.0,7.68,1.893,1.807,mountain_naturalgas,0.3,0.0,1.0,1.0,0.0,0.0,0.0,0.106666667,0.213333333,0.0,0.0,0,0,0,0.0,0,0.0,0.0,0.0,0.0,0.0,0.64,0.64,6,6,0.0,0.0,0,0,0,0,0.0,0.0,0.0,0.0,0,0,0,0,0,0,0,0,0,0,0,0,0.0,0.0,0,0,0,0,0,0,0,0,0,0,0,0.0,0,0.0,0.0,0,0.0,0,0,0.0,0,0,0,0,0.0,0,503.0,0.0,0.0,0.0,0.0,50.0,0,0,10529,0
SRSG_natural_gas_fired_combined_cycle_2,SRSG,Natural Gas Fired Combined Cycle,2,411,24,0,1,0,0,0,0,0,0,0.0,0.93,0,0,0.0,0.0,0.0,9.0,860.796,-1,95.64,0,0.0,0.0,0,0,0,0.0,0.0,0.0,0,16492,0.0,0,0,4.55,0.0,0,0,92.0,2.0,7.64,1.726,1.568,mountain_naturalgas,0.3,0.0,1.0,1.0,0.0,0.0,0.0,0.106666667,0.213333333,0.0,0.0,0,0,0,0.0,0,0.0,0.0,0.0,0.0,0.0,0.64,0.64,6,6,0.0,0.0,0,0,0,0,0.0,0.0,0.0,0.0,0,0,0,0,0,0,0,0,0,0,0,0,0.0,0.0,0,0,0,0,0,0,0,0,0,0,0,0.0,0,0.0,0.0,0,0.0,0,0,0.0,0,0,0,0,0.0,0,0.0,0.0,0.0,0.0,0.0,50.0,0,0,16492,0
SRSG_natural_gas_fired_combustion_turbine_1,SRSG,Natural Gas Fired Combustion Turbine,1,412,24,0,1,0,0,0,0,0,0,0.0,0.93,0,0,0.0,344.0,0.0,44.0,2813.184,-1,63.94,0,0.0,0.0,0,0,0,0.0,0.0,0.0,0,9671,0.0,0,0,6.8,0.0,0,0,119.0,3.5,11.23,2.108,6.345,mountain_naturalgas,0.3,0.0,1.0,1.0,0.0,0.0,0.0,0.106666667,0.213333333,0.0,0.0,0,0,0,0.0,0,0.0,0.0,0.0,0.0,0.0,3.78,3.78,1,1,0.0,0.0,0,0,0,0,0.0,0.0,0.0,0.0,0,0,0,0,0,0,0,0,0,0,0,0,0.0,0.0,0,0,0,0,0,0,0,0,0,0,0,0.0,0,0.0,0.0,0,0.0,0,0,0.0,0,0,0,0,0.0,0,0.0,0.0,0.0,0.0,0.0,50.0,0,0,9671,0
SRSG_natural_gas_fired_combustion_turbine_2,SRSG,Natural Gas Fired Combustion Turbine,2,413,24,0,1,0,0,0,0,0,0,0.0,0.93,0,0,0.0,0.0,0.0,24.0,683.4,-1,28.48,0,0.0,0.0,0,0,0,0.0,0.0,0.0,0,13412,0.0,0,0,6.8,0.0,0,0,119.0,3.5,12.13,3.312,3.987,mountain_naturalgas,0.3,0.0,1.0,1.0,0.0,0.0,0.0,0.106666667,0.213333333,0.0,0.0,0,0,0,0.0,0,0.0,0.0,0.0,0.0,0.0,3.78,3.78,1,1,0.0,0.0,0,0,0,0,0.0,0.0,0.0,0.0,0,0,0,0,0,0,0,0,0,0,0,0,0.0,0.0,0,0,0,0,0,0,0,0,0,0,0,0.0,0,0.0,0.0,0,0.0,0,0,0.0,0,0,0,0,0.0,0,0.0,0.0,0.0,0.0,0.0,50.0,0,0,13412,0
SRSG_natural_gas_internal_combustion_engine_1,SRSG,Natural Gas Internal Combustion Engine,1,414,24,0,1,0,0,0,0,0,0,0.0,0.93,0,0,0.0,0.0,0.0,15.0,197.205,-1,13.15,0,0.0,0.0,0,0,0,0.0,0.0,0.0,0,24000,0.0,0,0,6.39,0.0,0,0,38.0,0.0,9.65,0.0,1.085,mountain_naturalgas,0.18,0.0,1.0,1.0,0.0,0.0,0.0,0.106666667,0.213333333,0.0,0.0,0,0,0,0.0,0,0.0,0.0,0.0,0.0,0.0,3.78,3.78,1,1,0.0,0.0,0,0,0,0,0.0,0.0,0.0,0.0,0,0,0,0,0,0,0,0,0,0,0,0,0.0,0.0,0,0,0,0,0,0,0,0,0,0,0,0.0,0,0.0,0.0,0,0.0,0,0,0.0,0,0,0,0,0.0,0,0.0,0.0,0.0,0.0,0.0,50.0,0,0,24000,0
SRSG_natural_gas_steam_turbine_1,SRSG,Natural Gas Steam Turbine,1,415,24,0,1,0,0,0,0,0,0,0.0,0.93,0,0,0.0,0.0,0.0,0.0,0.0,-1,1.0,0,0.0,0.0,0,0,0,0.0,0.0,0.0,0,51303,0.0,0,0,1.06,0.0,0,0,87.0,13.7,11.6,3.075,2.584,mountain_naturalgas,0.5,0.0,1.0,1.0,0.0,0.0,0.0,0.63,1.26,0.0,0.0,0,0,0,0.0,0,0.0,0.0,0.0,0.0,0.0,0.64,0.64,6,6,0.0,0.0,0,0,0,0,0.0,0.0,0.0,0.0,0,0,0,0,0,0,0,0,0,0,0,0,0.0,0.0,0,0,0,0,0,0,0,0,0,0,0,0.0,0,0.0,0.0,0,0.0,0,0,0.0,0,0,0,0,0.0,0,98.0,0.0,0.0,0.0,0.0,50.0,0,0,51303,0
SRSG_nuclear_1,SRSG,Nuclear,1,416,24,0,1,0,0,0,0,0,0,0.0,0.93,0,0,0.0,4003.0,0.0,3.0,4002.999,-1,1334.33,0,0.0,0.0,0,0,0,0.0,0.0,0.0,0,193275,0.0,0,0,2.47,0.0,0,0,248.0,0.0,10.45,0.0,0.0,mountain_uranium,0.5,0.0,1.0,1.0,0.0,0.0,0.0,0.041666667,0.083333333,0.0,0.0,0,0,0,0.0,0,0.0,0.0,0.0,0.0,0.0,0.25,0.25,24,24,0.0,0.0,0,0,0,0,0.0,0.0,0.0,0.0,0,0,0,0,0,0,0,0,0,0,0,0,0.0,0.0,0,0,0,0,0,0,0,0,0,0,0,0.0,0,0.0,0.0,0,0.0,0,0,0.0,0,0,0,1,0.0,0,0.0,0.0,0.0,0.0,0.0,50.0,0,0,193275,0
SRSG_onshore_wind_turbine_1,SRSG,Onshore Wind Turbine,1,417,24,1,0,1,0,0,0,0,0,0.0,0.8,0,0,0.0,4607.0,0.0,26.0,4403.1,-1,169.35,0,0.0,0.0,0,0,0,0.0,0.0,0.0,0,30300,0.0,0,0,0.0,0.0,0,0,0.0,0.0,9.01,0.367,0.176,None,0.0,0.0,1.0,1.0,0.0,0.0,0.0,0.0,0.0,0.0,0.0,0,0,0,0.0,0,0.0,0.0,0.0,0.0,0.0,1.0,1.0,0,0,0.0,0.0,0,0,0,0,0.0,0.0,0.0,0.3216894115795745,0,0,0,0,0,0,0,0,0,0,0,0,0.0,0.0,0,0,0,0,0,1,0,1,0,0,0,0.0,0,0.0,0.0,0,0.0,0,0,0.0,0,0,0,1,0.0,0,204.0,0.0,0.0,0.0,0.0,50.0,0,0,30300,0
SRSG_petroleum_liquids_1,SRSG,Petroleum Liquids,1,418,24,0,1,0,0,0,0,0,0,0.0,0.93,0,0,0.0,0.0,0.0,1.0,149.0,-1,149.0,0,0.0,0.0,0,0,0,0.0,0.0,0.0,0,24000,0.0,0,0,7.38,0.0,0,0,38.0,0.0,11.14,3.901,3.119,mountain_distillate,0.18,0.0,1.0,1.0,0.0,0.0,0.0,0.0,0.0,0.0,0.0,0,0,0,0.0,0,0.0,0.0,0.0,0.0,0.0,3.78,3.78,1,1,0.0,0.0,0,0,0,0,0.0,0.0,0.0,0.0,0,0,0,0,0,0,0,0,0,0,0,0,0.0,0.0,0,0,0,0,0,0,0,0,0,0,0,0.0,0,0.0,0.0,0,0.0,0,0,0.0,0,0,0,0,0.0,0,23.0,0.0,0.0,0.0,0.0,50.0,0,0,24000,0
SRSG_small_hydroelectric_1,SRSG,Small Hydroelectric,1,419,24,0,0,0,1,0,0,0,0,0.0,0.8,0,0,0.0,82.0,0.0,29.0,163.589,-1,2.12,0,0.0,0.0,0,0,0,0.0,0.0,0.0,0,47048,0.0,0,0,0.0,0.0,0,0,0.0,0.0,8.84,0.0,0.009,None,0.172,0.0,1.0,1.0,0.0,0.0,0.0,0.0,0.0,0.0,0.0,0,0,0,0.0,0,0.0,0.0,0.0,0.0,0.0,1.0,1.0,0,0,0.0,0.0,0,0,0,0,0.0,0.0,0.0,0.2915814155785187,0,0,0,0,0,0,0,0,0,0,0,0,0.0,0.0,0,0,0,0,0,1,0,0,0,0,0,0.0,0,0.0,0.0,0,0.0,0,0,0.0,0,0,0,1,0.0,0,0.0,0.0,0.0,0.0,0.0,50.0,0,0,47048,0
SRSG_solar_photovoltaic_1,SRSG,Solar Photovoltaic,1,420,24,1,0,1,0,0,0,0,0,0.0,0.8,0,0,0.0,7666.0,0.0,263.0,7659.875,-1,29.12,0,0.0,0.0,0,0,0,0.0,0.0,0.0,0,22528,0.0,0,0,0.0,0.0,0,0,0.0,0.0,9.06,0.367,0.176,None,0.0,0.0,1.0,1.0,0.0,0.0,0.0,0.0,0.0,0.0,0.0,0,0,0,0.0,0,0.0,0.0,0.0,0.0,0.0,1.0,1.0,0,0,0.0,0.0,0,0,0,0,0.0,0.0,0.0,0.2889614536249139,0,0,0,0,0,0,0,0,0,0,0,0,0.0,0.0,0,0,0,0,0,1,0,1,0,0,0,0.0,0,0.0,0.0,0,0.0,0,0,0.0,0,0,0,1,0.0,0,7.0,0.0,0.0,0.0,0.0,50.0,0,0,22528,0
TRE_batteries_1,TRE,Batteries,1,421,25,0,0,0,0,1,0,0,0,0.0,0.0,0,0,4619.0,2830.0,0.0,40.0,2738.8,-1,68.47,0,0.0,0.0,0,0,0,0.0,0.0,0.0,0,7476,0.0,0,0,0.15,0.15,0,0,0.0,0.0,9.32,0.0,0.224,None,0.0,0.0,0.92,0.92,0.0,1.0,10.0,0.0,0.0,0.0,0.0,0,0,0,0.0,0,0.0,0.0,0.0,0.0,0.0,1.0,1.0,0,0,0.0,0.0,0,0,0,0,0.0,0.0,0.0,0.0,0,0,0,0,0,0,0,0,0,0,0,0,0.0,0.0,0,0,0,0,0,0,0,0,0,0,0,0.0,0,0.0,0.0,0,0.95,0,0,0.0,0,0,0,0,0.0,0,90.7,104.2,0.0,0.0,0.0,50.0,0,0,7476,0
TRE_biomass_1,TRE,Biomass,1,422,25,0,0,0,1,0,0,0,0,0.0,0.0,0,0,0.0,22.0,0.0,7.0,109.599,-1,3.16,0,0.0,0.0,0,0,0,0.0,0.0,0.0,0,157220,0.0,0,0,5.58,0.0,0,0,172.0,0.0,14.94,0.0,0.646,waste_biomass,0.677,0.0,1.0,1.0,0.0,0.0,0.0,0.0,0.0,0.0,0.0,0,0,0,0.0,0,0.0,0.0,0.0,0.0,0.0,1.0,1.0,0,0,0.0,0.0,0,0,0,0,0.0,0.0,0.0,0.0,0,0,0,0,0,0,0,0,0,0,0,0,0.0,0.0,0,0,0,0,1,0,0,0,1,0,0,0.0,0,0.0,0.0,0,0.93,0,0,0.0,0,0,0,0,0.0,0,0.0,0.0,0.0,0.0,0.0,50.0,0,0,157220,0
TRE_biomass_2,TRE,Biomass,2,423,25,0,0,0,1,0,0,0,0,0.0,0.0,0,0,0.0,8.0,0.0,16.0,23.008,-1,0.29,0,0.0,0.0,0,0,0,0.0,0.0,0.0,0,157220,0.0,0,0,4.29,0.0,0,0,172.0,0.0,11.48,1.006,0.562,waste_biomass,0.491,0.0,1.0,1.0,0.0,0.0,0.0,0.0,0.0,0.0,0.0,0,0,0,0.0,0,0.0,0.0,0.0,0.0,0.0,1.0,1.0,0,0,0.0,0.0,0,0,0,0,0.0,0.0,0.0,0.0,0,0,0,0,0,0,0,0,0,0,0,0,0.0,0.0,0,0,0,0,1,0,0,0,1,0,0,0.0,0,0.0,0.0,0,0.93,0,0,0.0,0,0,0,0,0.0,0,0.0,0.0,0.0,0.0,0.0,50.0,0,0,157220,0
TRE_conventional_hydroelectric_1,TRE,Conventional Hydroelectric,1,424,25,0,0,0,0,0,0,1,0,0.0,0.0,0,0,0.0,483.0,0.0,19.0,476.995,-1,25.1,0,0.0,0.0,0,0,0,0.0,0.0,0.0,0,47048,0.0,0,0,0.0,0.0,0,0,0.0,0.0,8.84,0.0,0.129,None,0.0,0.0,1.0,1.0,1.0,0.0,0.0,0.0,0.0,0.0,0.0,0,0,0,0.0,0,0.0,0.0,0.0,0.0,0.0,1.0,1.0,0,0,0.0,0.0,0,0,0,0,0.0,0.0,0.0,0.0942978369763205,0,0,0,0,0,0,0,0,0,0,0,0,0.0,0.0,0,0,0,0,0,0,0,0,1,0,0,0.0,0,0.0,0.0,0,0.8,0,0,0.0,0,0,0,0,0.0,0,2.4,0.0,0.0,0.0,0.0,50.0,0,0,47048,0
TRE_conventional_steam_coal_1,TRE,Conventional Steam Coal,1,425,25,0,1,0,0,0,0,0,0,0.0,0.0,0,0,0.0,0.0,0.0,10.0,7070.6,-1,707.06,0,0.0,0.0,0,0,0,0.0,0.0,0.0,0,61003,0.0,0,0,1.88,0.0,0,0,124.0,16.5,10.38,0.577,0.438,west_south_central_coal,0.5,0.0,1.0,1.0,0.0,0.0,0.0,0.095,0.19,0.0,0.0,0,0,0,0.0,0,0.0,0.0,0.0,0.0,0.0,0.57,0.57,24,24,0.0,0.0,0,0,0,0,0.0,0.0,0.0,0.0,0,0,0,0,0,0,0,0,0,0,0,0,0.0,0.0,0,0,0,0,0,0,0,0,0,0,0,0.0,0,0.0,0.0,0,0.93,0,0,0.0,0,0,0,0,0.0,0,0.0,0.0,0.0,0.0,0.0,50.0,0,0,61003,0
TRE_conventional_steam_coal_2,TRE,Conventional Steam Coal,2,426,25,0,1,0,0,0,0,0,0,0.0,0.0,0,0,0.0,0.0,0.0,7.0,3659.999,-1,522.86,0,0.0,0.0,0,0,0,0.0,0.0,0.0,0,68221,0.0,0,0,1.88,0.0,0,0,124.0,16.5,11.66,0.443,0.455,west_south_central_coal,0.5,0.0,1.0,1.0,0.0,0.0,0.0,0.095,0.19,0.0,0.0,0,0,0,0.0,0,0.0,0.0,0.0,0.0,0.0,0.57,0.57,24,24,0.0,0.0,0,0,0,0,0.0,0.0,0.0,0.0,0,0,0,0,0,0,0,0,0,0,0,0,0.0,0.0,0,0,0,0,0,0,0,0,0,0,0,0.0,0,0.0,0.0,0,0.93,0,0,0.0,0,0,0,0,0.0,0,0.0,0.0,0.0,0.0,0.0,50.0,0,0,68221,0
TRE_natural_gas_fired_combined_cycle_1,TRE,Natural Gas Fired Combined Cycle,1,427,25,0,1,0,0,0,0,0,0,0.0,0.0,0,0,0.0,31951.0,0.0,57.0,30635.619,-1,537.47,0,0.0,0.0,0,0,0,0.0,0.0,0.0,0,10905,0.0,0,0,3.59,0.0,0,0,92.0,2.0,7.79,0.783,1.291,west_south_central_naturalgas,0.3,0.0,1.0,1.0,0.0,0.0,0.0,0.106666667,0.213333333,0.0,0.0,0,0,0,0.0,0,0.0,0.0,0.0,0.0,0.0,0.64,0.64,6,6,0.0,0.0,0,0,0,0,0.0,0.0,0.0,0.0,0,0,0,0,0,0,0,0,0,0,0,0,0.0,0.0,0,0,0,0,0,0,0,0,0,0,0,0.0,0,0.0,0.0,0,0.93,0,0,0.0,0,0,0,0,0.0,0,989.0,0.0,0.0,0.0,0.0,50.0,0,0,10905,0
TRE_natural_gas_fired_combined_cycle_2,TRE,Natural Gas Fired Combined Cycle,2,428,25,0,1,0,0,0,0,0,0,0.0,0.0,0,0,0.0,0.0,0.0,23.0,5898.005,-1,256.44,0,0.0,0.0,0,0,0,0.0,0.0,0.0,0,15798,0.0,0,0,4.38,0.0,0,0,92.0,2.0,12.25,4.396,4.612,west_south_central_naturalgas,0.3,0.0,1.0,1.0,0.0,0.0,0.0,0.106666667,0.213333333,0.0,0.0,0,0,0,0.0,0,0.0,0.0,0.0,0.0,0.0,0.64,0.64,6,6,0.0,0.0,0,0,0,0,0.0,0.0,0.0,0.0,0,0,0,0,0,0,0,0,0,0,0,0,0.0,0.0,0,0,0,0,0,0,0,0,0,0,0,0.0,0,0.0,0.0,0,0.93,0,0,0.0,0,0,0,0,0.0,0,0.0,0.0,0.0,0.0,0.0,50.0,0,0,15798,0
TRE_natural_gas_fired_combustion_turbine_1,TRE,Natural Gas Fired Combustion Turbine,1,429,25,0,1,0,0,0,0,0,0,0.0,0.0,0,0,0.0,2.0,0.0,115.0,7354.48,-1,63.95,0,0.0,0.0,0,0,0,0.0,0.0,0.0,0,9872,0.0,0,0,6.8,0.0,0,0,119.0,3.5,10.86,3.418,1.961,west_south_central_naturalgas,0.3,0.0,1.0,1.0,0.0,0.0,0.0,0.106666667,0.213333333,0.0,0.0,0,0,0,0.0,0,0.0,0.0,0.0,0.0,0.0,3.78,3.78,1,1,0.0,0.0,0,0,0,0,0.0,0.0,0.0,0.0,0,0,0,0,0,0,0,0,0,0,0,0,0.0,0.0,0,0,0,0,0,0,0,0,0,0,0,0.0,0,0.0,0.0,0,0.93,0,0,0.0,0,0,0,0,0.0,0,200.0,0.0,0.0,0.0,0.0,50.0,0,0,9872,0
TRE_natural_gas_fired_combustion_turbine_2,TRE,Natural Gas Fired Combustion Turbine,2,430,25,0,1,0,0,0,0,0,0,0.0,0.0,0,0,0.0,0.0,0.0,42.0,1395.912,-1,33.24,0,0.0,0.0,0,0,0,0.0,0.0,0.0,0,13412,0.0,0,0,6.8,0.0,0,0,119.0,3.5,10.81,1.695,2.256,west_south_central_naturalgas,0.3,0.0,1.0,1.0,0.0,0.0,0.0,0.106666667,0.213333333,0.0,0.0,0,0,0,0.0,0,0.0,0.0,0.0,0.0,0.0,3.78,3.78,1,1,0.0,0.0,0,0,0,0,0.0,0.0,0.0,0.0,0,0,0,0,0,0,0,0,0,0,0,0,0.0,0.0,0,0,0,0,0,0,0,0,0,0,0,0.0,0,0.0,0.0,0,0.93,0,0,0.0,0,0,0,0,0.0,0,84.0,0.0,0.0,0.0,0.0,50.0,0,0,13412,0
TRE_natural_gas_internal_combustion_engine_1,TRE,Natural Gas Internal Combustion Engine,1,431,25,0,1,0,0,0,0,0,0,0.0,0.0,0,0,0.0,0.0,0.0,462.0,899.976,-1,1.95,0,0.0,0.0,0,0,0,0.0,0.0,0.0,0,24000,0.0,0,0,5.69,0.0,0,0,38.0,0.0,8.58,0.0,0.299,west_south_central_naturalgas,0.18,0.0,1.0,1.0,0.0,0.0,0.0,0.106666667,0.213333333,0.0,0.0,0,0,0,0.0,0,0.0,0.0,0.0,0.0,0.0,3.78,3.78,1,1,0.0,0.0,0,0,0,0,0.0,0.0,0.0,0.0,0,0,0,0,0,0,0,0,0,0,0,0,0.0,0.0,0,0,0,0,0,0,0,0,0,0,0,0.0,0,0.0,0.0,0,0.93,0,0,0.0,0,0,0,0,0.0,0,0.0,0.0,0.0,0.0,0.0,50.0,0,0,24000,0
TRE_natural_gas_steam_turbine_1,TRE,Natural Gas Steam Turbine,1,432,25,0,1,0,0,0,0,0,0,0.0,0.0,0,0,0.0,0.0,0.0,5.0,336.2,-1,67.24,0,0.0,0.0,0,0,0,0.0,0.0,0.0,0,51303,0.0,0,0,1.06,0.0,0,0,87.0,13.7,18.45,4.003,5.059,west_south_central_naturalgas,0.5,0.0,1.0,1.0,0.0,0.0,0.0,0.63,1.26,0.0,0.0,0,0,0,0.0,0,0.0,0.0,0.0,0.0,0.0,0.64,0.64,6,6,0.0,0.0,0,0,0,0,0.0,0.0,0.0,0.0,0,0,0,0,0,0,0,0,0,0,0,0,0.0,0.0,0,0,0,0,0,0,0,0,0,0,0,0.0,0,0.0,0.0,0,0.93,0,0,0.0,0,0,0,0,0.0,0,0.0,0.0,0.0,0.0,0.0,50.0,0,0,51303,0
TRE_nuclear_1,TRE,Nuclear,1,433,25,0,1,0,0,0,0,0,0,0.0,0.0,0,0,0.0,5120.0,0.0,4.0,5120.0,-1,1280.0,0,0.0,0.0,0,0,0,0.0,0.0,0.0,0,193275,0.0,0,0,2.47,0.0,0,0,248.0,0.0,10.45,0.0,0.0,west_south_central_uranium,0.5,0.0,1.0,1.0,0.0,0.0,0.0,0.041666667,0.083333333,0.0,0.0,0,0,0,0.0,0,0.0,0.0,0.0,0.0,0.0,0.25,0.25,24,24,0.0,0.0,0,0,0,0,0.0,0.0,0.0,0.0,0,0,0,0,0,0,0,0,0,0,0,0,0.0,0.0,0,0,0,0,0,0,0,0,1,0,0,0.0,0,0.0,0.0,0,0.93,0,0,0.0,0,0,0,0,0.0,0,0.0,0.0,0.0,0.0,0.0,50.0,0,0,193275,0
TRE_onshore_wind_turbine_1,TRE,Onshore Wind Turbine,1,434,25,1,0,1,0,0,0,0,0,0.0,0.0,0,0,0.0,12327.0,0.0,63.0,12327.777,-1,195.68,0,0.0,0.0,0,0,0,0.0,0.0,0.0,0,30300,0.0,0,0,0.0,0.0,0,0,0.0,0.0,9.04,0.367,0.185,None,0.0,0.0,1.0,1.0,0.0,0.0,0.0,0.0,0.0,0.0,0.0,0,0,0,0.0,0,0.0,0.0,0.0,0.0,0.0,1.0,1.0,0,0,0.0,0.0,0,0,0,0,0.0,0.0,0.0,0.2849821948998178,0,0,0,0,0,0,0,0,0,0,0,0,0.0,0.0,0,0,0,0,1,0,0,1,1,0,0,0.0,0,0.0,0.0,0,0.8,0,0,0.0,0,0,0,0,0.0,0,0.0,0.0,0.0,0.0,0.0,50.0,0,0,30300,0
TRE_petroleum_liquids_1,TRE,Petroleum Liquids,1,435,25,0,1,0,0,0,0,0,0,0.0,0.0,0,0,0.0,0.0,0.0,194.0,130.174,-1,0.67,0,0.0,0.0,0,0,0,0.0,0.0,0.0,0,24000,0.0,0,0,6.17,0.0,0,0,38.0,0.0,9.31,0.0,0.891,west_south_central_distillate,0.18,0.0,1.0,1.0,0.0,0.0,0.0,0.0,0.0,0.0,0.0,0,0,0,0.0,0,0.0,0.0,0.0,0.0,0.0,3.78,3.78,1,1,0.0,0.0,0,0,0,0,0.0,0.0,0.0,0.0,0,0,0,0,0,0,0,0,0,0,0,0,0.0,0.0,0,0,0,0,0,0,0,0,0,0,0,0.0,0,0.0,0.0,0,0.93,0,0,0.0,0,0,0,0,0.0,0,1.8,0.0,0.0,0.0,0.0,50.0,0,0,24000,0
TRE_small_hydroelectric_1,TRE,Small Hydroelectric,1,436,25,0,0,0,1,0,0,0,0,0.0,0.0,0,0,0.0,22.0,0.0,7.0,40.103,-1,2.21,0,0.0,0.0,0,0,0,0.0,0.0,0.0,0,47048,0.0,0,0,0.0,0.0,0,0,0.0,0.0,8.84,0.0,0.001,None,0.586,0.0,1.0,1.0,0.0,0.0,0.0,0.0,0.0,0.0,0.0,0,0,0,0.0,0,0.0,0.0,0.0,0.0,0.0,1.0,1.0,0,0,0.0,0.0,0,0,0,0,0.0,0.0,0.0,0.0942978369763205,0,0,0,0,0,0,0,0,0,0,0,0,0.0,0.0,0,0,0,0,1,0,0,0,1,0,0,0.0,0,0.0,0.0,0,0.8,0,0,0.0,0,0,0,0,0.0,0,10.8,0.0,0.0,0.0,0.0,50.0,0,0,47048,0
TRE_solar_photovoltaic_1,TRE,Solar Photovoltaic,1,437,25,1,0,1,0,0,0,0,0,0.0,0.0,0,0,0.0,12505.0,0.0,122.0,12506.586,-1,102.51,0,0.0,0.0,0,0,0,0.0,0.0,0.0,0,22528,0.0,0,0,0.0,0.0,0,0,0.0,0.0,9.2,0.0,0.124,None,0.0,0.0,1.0,1.0,0.0,0.0,0.0,0.0,0.0,0.0,0.0,0,0,0,0.0,0,0.0,0.0,0.0,0.0,0.0,1.0,1.0,0,0,0.0,0.0,0,0,0,0,0.0,0.0,0.0,0.2497247040072859,0,0,0,0,0,0,0,0,0,0,0,0,0.0,0.0,0,0,0,0,1,0,0,1,1,0,0,0.0,0,0.0,0.0,0,0.8,0,0,0.0,0,0,0,0,0.0,0,0.0,0.0,0.0,0.0,0.0,50.0,0,0,22528,0
TREW_batteries_1,TREW,Batteries,1,438,26,0,0,0,0,1,0,0,0,0.0,0.0,0,0,3553.0,1912.0,0.0,30.0,1785.0,-1,59.5,0,0.0,0.0,0,0,0,0.0,0.0,0.0,0,7476,0.0,0,0,0.15,0.15,0,0,0.0,0.0,9.21,0.0,0.383,None,0.0,0.0,0.92,0.92,0.0,1.0,10.0,0.0,0.0,0.0,0.0,0,0,0,0.0,0,0.0,0.0,0.0,0.0,0.0,1.0,1.0,0,0,0.0,0.0,0,0,0,0,0.0,0.0,0.0,0.0,0,0,0,0,0,0,0,0,0,0,0,0,0.0,0.0,0,0,0,0,0,0,0,0,0,0,0,0.0,0,0.0,0.0,0,0.95,0,0,0.0,0,0,0,0,0.0,0,91.4,189.9,0.0,0.0,0.0,50.0,0,0,7476,0
TREW_natural_gas_fired_combined_cycle_1,TREW,Natural Gas Fired Combined Cycle,1,439,26,0,1,0,0,0,0,0,0,0.0,0.0,0,0,0.0,3197.0,0.0,10.0,3197.2,-1,319.72,0,0.0,0.0,0,0,0,0.0,0.0,0.0,0,10744,0.0,0,0,3.59,0.0,0,0,92.0,2.0,7.05,0.55,1.066,west_south_central_naturalgas,0.3,0.0,1.0,1.0,0.0,0.0,0.0,0.106666667,0.213333333,0.0,0.0,0,0,0,0.0,0,0.0,0.0,0.0,0.0,0.0,0.64,0.64,6,6,0.0,0.0,0,0,0,0,0.0,0.0,0.0,0.0,0,0,0,0,0,0,0,0,0,0,0,0,0.0,0.0,0,0,0,0,0,0,0,0,0,0,0,0.0,0,0.0,0.0,0,0.93,0,0,0.0,0,0,0,0,0.0,0,0.0,0.0,0.0,0.0,0.0,50.0,0,0,10744,0
TREW_natural_gas_fired_combined_cycle_2,TREW,Natural Gas Fired Combined Cycle,2,440,26,0,1,0,0,0,0,0,0,0.0,0.0,0,0,0.0,0.0,0.0,3.0,393.099,-1,131.03,0,0.0,0.0,0,0,0,0.0,0.0,0.0,0,16492,0.0,0,0,4.55,0.0,0,0,92.0,2.0,9.88,3.624,3.869,west_south_central_naturalgas,0.3,0.0,1.0,1.0,0.0,0.0,0.0,0.106666667,0.213333333,0.0,0.0,0,0,0,0.0,0,0.0,0.0,0.0,0.0,0.0,0.64,0.64,6,6,0.0,0.0,0,0,0,0,0.0,0.0,0.0,0.0,0,0,0,0,0,0,0,0,0,0,0,0,0.0,0.0,0,0,0,0,0,0,0,0,0,0,0,0.0,0,0.0,0.0,0,0.93,0,0,0.0,0,0,0,0,0.0,0,0.0,0.0,0.0,0.0,0.0,50.0,0,0,16492,0
TREW_natural_gas_fired_combustion_turbine_1,TREW,Natural Gas Fired Combustion Turbine,1,441,26,0,1,0,0,0,0,0,0,0.0,0.0,0,0,0.0,5.0,0.0,11.0,872.003,-1,79.27,0,0.0,0.0,0,0,0,0.0,0.0,0.0,0,9168,0.0,0,0,6.8,0.0,0,0,119.0,3.5,13.97,0.327,0.171,west_south_central_naturalgas,0.3,0.0,1.0,1.0,0.0,0.0,0.0,0.106666667,0.213333333,0.0,0.0,0,0,0,0.0,0,0.0,0.0,0.0,0.0,0.0,3.78,3.78,1,1,0.0,0.0,0,0,0,0,0.0,0.0,0.0,0.0,0,0,0,0,0,0,0,0,0,0,0,0,0.0,0.0,0,0,0,0,0,0,0,0,0,0,0,0.0,0,0.0,0.0,0,0.93,0,0,0.0,0,0,0,0,0.0,0,0.0,0.0,0.0,0.0,0.0,50.0,0,0,9168,0
TREW_natural_gas_fired_combustion_turbine_2,TREW,Natural Gas Fired Combustion Turbine,2,442,26,0,1,0,0,0,0,0,0,0.0,0.0,0,0,0.0,336.0,0.0,2.0,336.0,-1,168.0,0,0.0,0.0,0,0,0,0.0,0.0,0.0,0,9168,0.0,0,0,6.8,0.0,0,0,119.0,3.5,11.71,0.0,0.0,west_south_central_naturalgas,0.3,0.0,1.0,1.0,0.0,0.0,0.0,0.106666667,0.213333333,0.0,0.0,0,0,0,0.0,0,0.0,0.0,0.0,0.0,0.0,3.78,3.78,1,1,0.0,0.0,0,0,0,0,0.0,0.0,0.0,0.0,0,0,0,0,0,0,0,0,0,0,0,0,0.0,0.0,0,0,0,0,0,0,0,0,0,0,0,0.0,0,0.0,0.0,0,0.93,0,0,0.0,0,0,0,0,0.0,0,0.0,0.0,0.0,0.0,0.0,50.0,0,0,9168,0
TREW_natural_gas_internal_combustion_engine_1,TREW,Natural Gas Internal Combustion Engine,1,443,26,0,1,0,0,0,0,0,0,0.0,0.0,0,0,0.0,0.0,0.0,20.0,9.1,-1,0.46,0,0.0,0.0,0,0,0,0.0,0.0,0.0,0,24000,0.0,0,0,5.41,0.0,0,0,38.0,0.0,8.16,0.0,0.0,west_south_central_naturalgas,0.18,0.0,1.0,1.0,0.0,0.0,0.0,0.106666667,0.213333333,0.0,0.0,0,0,0,0.0,0,0.0,0.0,0.0,0.0,0.0,3.78,3.78,1,1,0.0,0.0,0,0,0,0,0.0,0.0,0.0,0.0,0,0,0,0,0,0,0,0,0,0,0,0,0.0,0.0,0,0,0,0,0,0,0,0,0,0,0,0.0,0,0.0,0.0,0,0.93,0,0,0.0,0,0,0,0,0.0,0,0.0,0.0,0.0,0.0,0.0,50.0,0,0,24000,0
TREW_natural_gas_steam_turbine_1,TREW,Natural Gas Steam Turbine,1,444,26,0,1,0,0,0,0,0,0,0.0,0.0,0,0,0.0,0.0,0.0,0.0,0.0,-1,1.0,0,0.0,0.0,0,0,0,0.0,0.0,0.0,0,31200,0.0,0,0,1.06,0.0,0,0,87.0,13.7,12.87,1.628,2.302,west_south_central_naturalgas,0.5,0.0,1.0,1.0,0.0,0.0,0.0,0.63,1.26,0.0,0.0,0,0,0,0.0,0,0.0,0.0,0.0,0.0,0.0,0.64,0.64,6,6,0.0,0.0,0,0,0,0,0.0,0.0,0.0,0.0,0,0,0,0,0,0,0,0,0,0,0,0,0.0,0.0,0,0,0,0,0,0,0,0,0,0,0,0.0,0,0.0,0.0,0,0.93,0,0,0.0,0,0,0,0,0.0,0,0.0,0.0,0.0,0.0,0.0,50.0,0,0,31200,0
TREW_onshore_wind_turbine_1,TREW,Onshore Wind Turbine,1,445,26,1,0,1,0,0,0,0,0,0.0,0.0,0,0,0.0,26010.0,0.0,128.0,24370.432,-1,190.39,0,0.0,0.0,0,0,0,0.0,0.0,0.0,0,30300,0.0,0,0,0.0,0.0,0,0,0.0,0.0,8.99,0.367,0.167,None,0.0,0.0,1.0,1.0,0.0,0.0,0.0,0.0,0.0,0.0,0.0,0,0,0,0.0,0,0.0,0.0,0.0,0.0,0.0,1.0,1.0,0,0,0.0,0.0,0,0,0,0,0.0,0.0,0.0,0.3433986033640919,0,0,0,0,0,0,0,0,0,0,0,0,0.0,0.0,0,0,0,0,1,0,0,1,1,0,0,0.0,0,0.0,0.0,0,0.8,0,0,0.0,0,0,0,0,0.0,0,1607.5,0.0,0.0,0.0,0.0,50.0,0,0,30300,0
TREW_petroleum_liquids_1,TREW,Petroleum Liquids,1,446,26,0,1,0,0,0,0,0,0,0.0,0.0,0,0,0.0,0.0,0.0,90.0,54.0,-1,0.6,0,0.0,0.0,0,0,0,0.0,0.0,0.0,0,24000,0.0,0,0,6.1,0.0,0,0,38.0,0.0,9.21,0.0,0.0,west_south_central_distillate,0.18,0.0,1.0,1.0,0.0,0.0,0.0,0.0,0.0,0.0,0.0,0,0,0,0.0,0,0.0,0.0,0.0,0.0,0.0,3.78,3.78,1,1,0.0,0.0,0,0,0,0,0.0,0.0,0.0,0.0,0,0,0,0,0,0,0,0,0,0,0,0,0.0,0.0,0,0,0,0,0,0,0,0,0,0,0,0.0,0,0.0,0.0,0,0.93,0,0,0.0,0,0,0,0,0.0,0,0.0,0.0,0.0,0.0,0.0,50.0,0,0,24000,0
TREW_solar_photovoltaic_1,TREW,Solar Photovoltaic,1,447,26,1,0,1,0,0,0,0,0,0.0,0.0,0,0,0.0,9871.0,0.0,56.0,9871.624,-1,176.28,0,0.0,0.0,0,0,0,0.0,0.0,0.0,0,22528,0.0,0,0,0.0,0.0,0,0,0.0,0.0,9.17,0.0,0.147,None,0.0,0.0,1.0,1.0,0.0,0.0,0.0,0.0,0.0,0.0,0.0,0,0,0,0.0,0,0.0,0.0,0.0,0.0,0.0,1.0,1.0,0,0,0.0,0.0,0,0,0,0,0.0,0.0,0.0,0.293030651941593,0,0,0,0,0,0,0,0,0,0,0,0,0.0,0.0,0,0,0,0,1,0,0,1,1,0,0,0.0,0,0.0,0.0,0,0.8,0,0,0.0,0,0,0,0,0.0,0,0.0,0.0,0.0,0.0,0.0,50.0,0,0,22528,0
BASN_distributed_generation_1,BASN,distributed_generation,1,448,1,1,0,1,0,0,0,0,0,0.0,0.0,0,0,0.0,2007.0,0.0,0.0,0.0,-1,0.0,0,0.0,0.0,0,0,0,0.0,0.0,0.0,0,0,0.0,0,0,0.0,0.0,0,0,0.0,0.0,0.0,0.0,0.0,None,0.0,0.0,1.0,1.0,0.0,0.0,0.0,0.0,0.0,0.0,0.0,0,0,0,0.0,0,0.0,0.0,0.0,0.0,0.0,1.0,1.0,0,0,0.0,0.0,0,0,0,0,0.0,0.0,0.0,0.2666711187214611,0,0,0,0,0,0,0,0,0,0,0,0,0.0,0.0,0,0,0,0,0,1,0,1,0,0,0,0.0,0,0.0,0.0,0,0.0,0,0,0.8,0,0,0,1,0.0,0,0.0,0.0,0.0,0.0,0.0,50.0,0,0,0,0
CANO_distributed_generation_1,CANO,distributed_generation,1,449,2,1,0,1,0,0,0,0,0,0.8,0.0,0,0,0.0,6156.0,0.0,0.0,0.0,-1,0.0,0,0.0,0.0,0,0,0,0.0,0.0,0.0,0,0,0.0,0,0,0.0,0.0,0,0,0.0,0.0,0.0,0.0,0.0,None,0.0,0.0,1.0,1.0,0.0,0.0,0.0,0.0,0.0,0.0,0.0,0,0,0,0.0,0,0.0,0.0,0.0,0.0,0.0,1.0,1.0,0,0,0.0,0.0,0,0,0,0,0.0,0.0,0.0,0.2711469178082191,0,0,0,0,0,0,0,0,0,0,0,0,0.0,0.0,0,0,0,0,0,1,0,1,0,0,0,0.0,0,0.0,0.0,0,0.0,0,0,0.0,0,0,0,1,0.0,0,0.0,0.0,0.0,0.0,0.0,50.0,0,0,0,0
CASO_distributed_generation_1,CASO,distributed_generation,1,450,3,1,0,1,0,0,0,0,0,0.8,0.0,0,0,0.0,9563.0,0.0,0.0,0.0,-1,0.0,0,0.0,0.0,0,0,0,0.0,0.0,0.0,0,0,0.0,0,0,0.0,0.0,0,0,0.0,0.0,0.0,0.0,0.0,None,0.0,0.0,1.0,1.0,0.0,0.0,0.0,0.0,0.0,0.0,0.0,0,0,0,0.0,0,0.0,0.0,0.0,0.0,0.0,1.0,1.0,0,0,0.0,0.0,0,0,0,0,0.0,0.0,0.0,0.2711465753424658,0,0,0,0,0,0,0,0,0,0,0,0,0.0,0.0,0,0,0,0,0,1,0,1,0,0,0,0.0,0,0.0,0.0,0,0.0,0,0,0.0,0,0,0,1,0.0,0,0.0,0.0,0.0,0.0,0.0,50.0,0,0,0,0
FRCC_distributed_generation_1,FRCC,distributed_generation,1,451,4,1,0,1,0,0,0,0,0,0.0,0.0,0,0,0.0,7154.0,0.0,0.0,0.0,-1,0.0,0,0.0,0.0,0,0,0,0.0,0.0,0.0,0,0,0.0,0,0,0.0,0.0,0,0,0.0,0.0,0.0,0.0,0.0,None,0.0,0.0,1.0,1.0,0.0,0.0,0.0,0.0,0.0,0.0,0.0,0,0,0,0.0,0,0.0,0.0,0.0,0.0,0.0,1.0,1.0,0,0,0.0,0.0,0,0,0,0,0.0,0.0,0.0,0.1960980593607305,0,0,0,0,0,0,0,0,0,0,0,0,0.8,0.0,0,0,0,0,0,0,0,1,0,0,0,0.0,0,0.0,0.0,1,0.0,0,0,0.0,0,0,1,0,0.0,0,0.0,0.0,0.0,0.0,0.0,50.0,0,0,0,0
ISNE_distributed_generation_1,ISNE,distributed_generation,1,452,5,1,0,1,0,0,0,0,0,0.0,0.0,0,0,0.0,5636.0,0.0,0.0,0.0,-1,0.0,0,0.0,0.0,0,0,0,0.0,0.0,0.0,0,0,0.0,0,0,0.0,0.0,0,0,0.0,0.0,0.0,0.0,0.0,None,0.0,0.0,1.0,1.0,0.0,0.0,0.0,0.0,0.0,0.0,0.0,0,0,0,0.0,0,0.0,0.0,0.0,0.0,0.0,1.0,1.0,0,0,0.0,0.0,0,0,0,0,0.0,0.0,0.0,0.1876375570776255,0,0,0,0,0,0,0,0,0,0,0,0,0.0,0.0,1,0,1,0,0,0,0,1,0,0,0,0.0,0,0.0,0.0,0,0.0,0,0,0.0,0,0,0,0,0.8,0,0.0,0.0,0.0,0.0,0.0,50.0,0,0,0,0
MISC_distributed_generation_1,MISC,distributed_generation,1,453,6,1,0,1,0,0,0,0,0,0.0,0.0,0,0,0.0,2606.0,0.0,0.0,0.0,-1,0.0,0,0.0,0.0,0,0,0,0.0,0.0,0.0,0,0,0.0,0,0,0.0,0.0,0,0,0.0,0.0,0.0,0.0,0.0,None,0.0,0.0,1.0,1.0,0.0,0.0,0.0,0.0,0.0,0.0,0.0,0,0,0,0.0,0,0.0,0.0,0.0,0.0,0.0,1.0,1.0,0,0,0.0,0.0,0,0,0,0,0.0,0.0,0.0,0.2017060502283105,0,0,0,0,0,0,0,0,0,0,0,0,0.0,0.0,0,0,0,0,0,0,0,1,0,0,0,0.8,0,0.0,0.0,0,0.0,0,1,0.0,0,0,0,0,0.0,1,0.0,0.0,0.0,0.0,0.0,50.0,0,0,0,0
MISE_distributed_generation_1,MISE,distributed_generation,1,454,7,1,0,1,0,0,0,0,0,0.0,0.0,0,0,0.0,3345.0,0.0,0.0,0.0,-1,0.0,0,0.0,0.0,0,0,0,0.0,0.0,0.0,0,0,0.0,0,0,0.0,0.0,0,0,0.0,0.0,0.0,0.0,0.0,None,0.0,0.0,1.0,1.0,0.0,0.0,0.0,0.0,0.0,0.0,0.0,0,0,0,0.0,0,0.0,0.0,0.0,0.0,0.0,1.0,1.0,0,0,0.0,0.0,0,0,0,0,0.0,0.0,0.0,0.1430978310502283,0,0,0,0,0,0,0,0,0,0,0,0,0.0,0.0,0,0,0,0,0,0,0,1,0,0,0,0.8,0,0.0,0.0,0,0.0,0,1,0.0,0,0,0,0,0.0,1,0.0,0.0,0.0,0.0,0.0,50.0,0,0,0,0
MISS_distributed_generation_1,MISS,distributed_generation,1,455,8,1,0,1,0,0,0,0,0,0.0,0.0,0,0,0.0,4224.0,0.0,0.0,0.0,-1,0.0,0,0.0,0.0,0,0,0,0.0,0.0,0.0,0,0,0.0,0,0,0.0,0.0,0,0,0.0,0.0,0.0,0.0,0.0,None,0.0,0.0,1.0,1.0,0.0,0.0,0.0,0.0,0.0,0.0,0.0,0,0,0,0.0,0,0.0,0.0,0.0,0.0,0.0,1.0,1.0,0,0,0.0,0.0,0,0,0,0,0.0,0.0,0.0,0.2183140410958904,0,0,0,0,0,0,0,0,0,0,0,0,0.0,0.0,0,0,0,0,0,0,0,1,0,0,0,0.8,0,0.0,0.0,0,0.0,0,1,0.0,0,0,0,0,0.0,1,0.0,0.0,0.0,0.0,0.0,50.0,0,0,0,0
MISW_distributed_generation_1,MISW,distributed_generation,1,456,9,1,0,1,0,0,0,0,0,0.0,0.0,0,0,0.0,4566.0,0.0,0.0,0.0,-1,0.0,0,0.0,0.0,0,0,0,0.0,0.0,0.0,0,0,0.0,0,0,0.0,0.0,0,0,0.0,0.0,0.0,0.0,0.0,None,0.0,0.0,1.0,1.0,0.0,0.0,0.0,0.0,0.0,0.0,0.0,0,0,0,0.0,0,0.0,0.0,0.0,0.0,0.0,1.0,1.0,0,0,0.0,0.0,0,0,0,0,0.0,0.0,0.0,0.1807240867579908,0,0,0,0,0,0,0,0,0,0,0,0,0.0,0.0,0,0,0,0,0,0,0,1,0,0,0,0.8,0,0.0,0.0,0,0.0,0,1,0.0,0,0,0,0,0.0,1,0.0,0.0,0.0,0.0,0.0,50.0,0,0,0,0
NWPP_distributed_generation_1,NWPP,distributed_generation,1,457,10,1,0,1,0,0,0,0,0,0.0,0.0,0,0,0.0,3021.0,0.0,0.0,0.0,-1,0.0,0,0.0,0.0,0,0,0,0.0,0.0,0.0,0,0,0.0,0,0,0.0,0.0,0,0,0.0,0.0,0.0,0.0,0.0,None,0.0,0.0,1.0,1.0,0.0,0.0,0.0,0.0,0.0,0.0,0.0,0,0,0,0.0,0,0.0,0.0,0.0,0.0,0.0,1.0,1.0,0,0,0.0,0.0,0,0,0,0,0.0,0.0,0.0,0.2079714611872146,0,0,0,0,0,0,0,0,0,0,0,0,0.0,0.0,0,0,0,0,0,1,0,1,0,0,0,0.0,0,0.0,0.0,0,0.0,0,0,0.8,0,0,0,1,0.0,0,0.0,0.0,0.0,0.0,0.0,50.0,0,0,0,0
NYCW_distributed_generation_1,NYCW,distributed_generation,1,458,11,1,0,1,0,0,0,0,0,0.0,0.0,0,0,0.0,1600.0,0.0,0.0,0.0,-1,0.0,0,0.0,0.0,0,0,0,0.0,0.0,0.0,0,0,0.0,0,0,0.0,0.0,0,0,0.0,0.0,0.0,0.0,0.0,None,0.0,0.0,1.0,1.0,0.0,0.0,0.0,0.0,0.0,0.0,0.0,0,0,0,0.0,0,0.0,0.0,0.0,0.0,0.0,1.0,1.0,0,0,0.0,0.0,0,0,0,0,0.0,0.0,0.0,0.1901496575342466,0,0,0,0,0,0,0,0,0,0,1,0,0.0,0.8,0,0,0,0,0,0,0,1,0,0,0,0.0,0,0.0,0.0,0,0.0,0,0,0.0,0,1,0,0,0.0,0,0.0,0.0,0.0,0.0,0.0,50.0,0,0,0,0
NYUP_distributed_generation_1,NYUP,distributed_generation,1,459,12,1,0,1,0,0,0,0,0,0.0,0.0,0,0,0.0,1332.0,0.0,0.0,0.0,-1,0.0,0,0.0,0.0,0,0,0,0.0,0.0,0.0,0,0,0.0,0,0,0.0,0.0,0,0,0.0,0.0,0.0,0.0,0.0,None,0.0,0.0,1.0,1.0,0.0,0.0,0.0,0.0,0.0,0.0,0.0,0,0,0,0.0,0,0.0,0.0,0.0,0.0,0.0,1.0,1.0,0,0,0.0,0.0,0,0,0,0,0.0,0.0,0.0,0.1901389269406392,0,0,0,0,0,0,0,0,0,0,1,0,0.0,0.8,0,0,0,0,0,0,0,1,0,0,0,0.0,0,0.0,0.0,0,0.0,0,0,0.0,0,1,0,0,0.0,0,0.0,0.0,0.0,0.0,0.0,50.0,0,0,0,0
PJMC_distributed_generation_1,PJMC,distributed_generation,1,460,13,1,0,1,0,0,0,0,0,0.0,0.0,0,0,0.0,2225.0,0.0,0.0,0.0,-1,0.0,0,0.0,0.0,0,0,0,0.0,0.0,0.0,0,0,0.0,0,0,0.0,0.0,0,0,0.0,0.0,0.0,0.0,0.0,None,0.0,0.0,1.0,1.0,0.0,0.0,0.0,0.0,0.0,0.0,0.0,0,0,0,0.0,0,0.0,0.0,0.0,0.0,0.0,1.0,1.0,0,0,0.0,0.0,0,0,0,0,0.0,0.0,0.0,0.1744703196347032,0,0,0,0,0,0,0,0,0,0,0,0,0.0,0.0,0,0,0,0,0,0,0,1,0,1,0,0.0,1,0.0,0.8,0,0.0,0,0,0.0,0,0,0,0,0.0,0,0.0,0.0,0.0,0.0,0.0,50.0,0,0,0,0
PJMD_distributed_generation_1,PJMD,distributed_generation,1,461,14,1,0,1,0,0,0,0,0,0.0,0.0,0,0,0.0,3089.0,0.0,0.0,0.0,-1,0.0,0,0.0,0.0,0,0,0,0.0,0.0,0.0,0,0,0.0,0,0,0.0,0.0,0,0,0.0,0.0,0.0,0.0,0.0,None,0.0,0.0,1.0,1.0,0.0,0.0,0.0,0.0,0.0,0.0,0.0,0,0,0,0.0,0,0.0,0.0,0.0,0.0,0.0,1.0,1.0,0,0,0.0,0.0,0,0,0,0,0.0,0.0,0.0,0.1912777397260273,0,0,0,0,0,0,0,0,0,0,0,0,0.0,0.0,0,0,0,0,0,0,0,1,0,1,0,0.0,1,0.0,0.8,0,0.0,0,0,0.0,0,0,0,0,0.0,0,0.0,0.0,0.0,0.0,0.0,50.0,0,0,0,0
PJME_distributed_generation_1,PJME,distributed_generation,1,462,15,1,0,1,0,0,0,0,0,0.0,0.0,0,0,0.0,9837.0,0.0,0.0,0.0,-1,0.0,0,0.0,0.0,0,0,0,0.0,0.0,0.0,0,0,0.0,0,0,0.0,0.0,0,0,0.0,0.0,0.0,0.0,0.0,None,0.0,0.0,1.0,1.0,0.0,0.0,0.0,0.0,0.0,0.0,0.0,0,0,0,0.0,0,0.0,0.0,0.0,0.0,0.0,1.0,1.0,0,0,0.0,0.0,0,0,0,0,0.0,0.0,0.0,0.1902423515981735,0,0,0,0,0,0,0,0,0,0,0,0,0.0,0.0,0,0,0,0,0,0,0,1,0,1,0,0.0,1,0.0,0.8,0,0.0,0,0,0.0,0,0,0,0,0.0,0,0.0,0.0,0.0,0.0,0.0,50.0,0,0,0,0
PJMW_distributed_generation_1,PJMW,distributed_generation,1,463,16,1,0,1,0,0,0,0,0,0.0,0.0,0,0,0.0,4859.0,0.0,0.0,0.0,-1,0.0,0,0.0,0.0,0,0,0,0.0,0.0,0.0,0,0,0.0,0,0,0.0,0.0,0,0,0.0,0.0,0.0,0.0,0.0,None,0.0,0.0,1.0,1.0,0.0,0.0,0.0,0.0,0.0,0.0,0.0,0,0,0,0.0,0,0.0,0.0,0.0,0.0,0.0,1.0,1.0,0,0,0.0,0.0,0,0,0,0,0.0,0.0,0.0,0.1908937214611872,0,0,0,0,0,0,0,0,0,0,0,0,0.0,0.0,0,0,0,0,0,0,0,1,0,1,0,0.0,1,0.0,0.8,0,0.0,0,0,0.0,0,0,0,0,0.0,0,0.0,0.0,0.0,0.0,0.0,50.0,0,0,0,0
RMRG_distributed_generation_1,RMRG,distributed_generation,1,464,17,1,0,1,0,0,0,0,0,0.0,0.0,0,0,0.0,1799.0,0.0,0.0,0.0,-1,0.0,0,0.0,0.0,0,0,0,0.0,0.0,0.0,0,0,0.0,0,0,0.0,0.0,0,0,0.0,0.0,0.0,0.0,0.0,None,0.0,0.0,1.0,1.0,0.0,0.0,0.0,0.0,0.0,0.0,0.0,0,0,0,0.0,0,0.0,0.0,0.0,0.0,0.0,1.0,1.0,0,0,0.0,0.0,0,0,0,0,0.0,0.0,0.0,0.2353262557077625,0,0,0,0,0,0,0,0,0,0,0,0,0.0,0.0,0,0,0,0,0,1,0,1,0,0,0,0.0,0,0.0,0.0,0,0.0,0,0,0.8,0,0,0,1,0.0,0,0.0,0.0,0.0,0.0,0.0,50.0,0,0,0,0
SPPC_distributed_generation_1,SPPC,distributed_generation,1,465,18,1,0,1,0,0,0,0,0,0.0,0.0,0,0,0.0,731.0,0.0,0.0,0.0,-1,0.0,0,0.0,0.0,0,0,0,0.0,0.0,0.0,0,0,0.0,0,0,0.0,0.0,0,0,0.0,0.0,0.0,0.0,0.0,None,0.0,0.0,1.0,1.0,0.0,0.0,0.0,0.0,0.0,0.0,0.0,0,0,0,0.0,0,0.0,0.0,0.0,0.0,0.0,1.0,1.0,0,0,0.0,0.0,0,0,0,0,0.0,0.0,0.0,0.2114399543378995,0,0,0,0,0,0,0,0,0,0,0,0,0.0,0.0,0,1,0,0,0,0,1,1,0,0,0,0.0,0,0.8,0.0,0,0.0,0,0,0.0,0,0,0,0,0.0,0,0.0,0.0,0.0,0.0,0.0,50.0,0,0,0,0
SPPN_distributed_generation_1,SPPN,distributed_generation,1,466,19,1,0,1,0,0,0,0,0,0.0,0.0,0,0,0.0,546.0,0.0,0.0,0.0,-1,0.0,0,0.0,0.0,0,0,0,0.0,0.0,0.0,0,0,0.0,0,0,0.0,0.0,0,0,0.0,0.0,0.0,0.0,0.0,None,0.0,0.0,1.0,1.0,0.0,0.0,0.0,0.0,0.0,0.0,0.0,0,0,0,0.0,0,0.0,0.0,0.0,0.0,0.0,1.0,1.0,0,0,0.0,0.0,0,0,0,0,0.0,0.0,0.0,0.1824077625570776,0,0,0,0,0,0,0,0,0,0,0,0,0.0,0.0,0,1,0,0,0,0,1,1,0,0,0,0.0,0,0.8,0.0,0,0.0,0,0,0.0,0,0,0,0,0.0,0,0.0,0.0,0.0,0.0,0.0,50.0,0,0,0,0
SPPS_distributed_generation_1,SPPS,distributed_generation,1,467,20,1,0,1,0,0,0,0,0,0.0,0.0,0,0,0.0,2473.0,0.0,0.0,0.0,-1,0.0,0,0.0,0.0,0,0,0,0.0,0.0,0.0,0,0,0.0,0,0,0.0,0.0,0,0,0.0,0.0,0.0,0.0,0.0,None,0.0,0.0,1.0,1.0,0.0,0.0,0.0,0.0,0.0,0.0,0.0,0,0,0,0.0,0,0.0,0.0,0.0,0.0,0.0,1.0,1.0,0,0,0.0,0.0,0,0,0,0,0.0,0.0,0.0,0.2292377853881278,0,0,0,0,0,0,0,0,0,0,0,0,0.0,0.0,0,1,0,0,0,0,1,1,0,0,0,0.0,0,0.8,0.0,0,0.0,0,0,0.0,0,0,0,0,0.0,0,0.0,0.0,0.0,0.0,0.0,50.0,0,0,0,0
SRCA_distributed_generation_1,SRCA,distributed_generation,1,468,21,1,0,1,0,0,0,0,0,0.0,0.0,0,0,0.0,4889.0,0.0,0.0,0.0,-1,0.0,0,0.0,0.0,0,0,0,0.0,0.0,0.0,0,0,0.0,0,0,0.0,0.0,0,0,0.0,0.0,0.0,0.0,0.0,None,0.0,0.0,1.0,1.0,0.0,0.0,0.0,0.0,0.0,0.0,0.0,0,0,0,0.0,0,0.0,0.0,0.0,0.0,0.0,1.0,1.0,0,0,0.0,0.0,0,0,0,0,0.0,0.0,0.0,0.221981506849315,0,0,0,0,0,0,0,0,0,0,0,0,0.8,0.0,0,0,0,0,0,0,0,1,0,0,0,0.0,0,0.0,0.0,1,0.0,0,0,0.0,0,0,1,0,0.0,0,0.0,0.0,0.0,0.0,0.0,50.0,0,0,0,0
SRCE_distributed_generation_1,SRCE,distributed_generation,1,469,22,1,0,1,0,0,0,0,0,0.0,0.0,0,0,0.0,1703.0,0.0,0.0,0.0,-1,0.0,0,0.0,0.0,0,0,0,0.0,0.0,0.0,0,0,0.0,0,0,0.0,0.0,0,0,0.0,0.0,0.0,0.0,0.0,None,0.0,0.0,1.0,1.0,0.0,0.0,0.0,0.0,0.0,0.0,0.0,0,0,0,0.0,0,0.0,0.0,0.0,0.0,0.0,1.0,1.0,0,0,0.0,0.0,0,0,0,0,0.0,0.0,0.0,0.2084110730593607,0,0,0,0,0,0,0,0,0,0,0,0,0.8,0.0,0,0,0,0,0,0,0,1,0,0,0,0.0,0,0.0,0.0,1,0.0,0,0,0.0,0,0,1,0,0.0,0,0.0,0.0,0.0,0.0,0.0,50.0,0,0,0,0
SRSE_distributed_generation_1,SRSE,distributed_generation,1,470,23,1,0,1,0,0,0,0,0,0.0,0.0,0,0,0.0,1492.0,0.0,0.0,0.0,-1,0.0,0,0.0,0.0,0,0,0,0.0,0.0,0.0,0,0,0.0,0,0,0.0,0.0,0,0,0.0,0.0,0.0,0.0,0.0,None,0.0,0.0,1.0,1.0,0.0,0.0,0.0,0.0,0.0,0.0,0.0,0,0,0,0.0,0,0.0,0.0,0.0,0.0,0.0,1.0,1.0,0,0,0.0,0.0,0,0,0,0,0.0,0.0,0.0,0.2394601598173515,0,0,0,0,0,0,0,0,0,0,0,0,0.8,0.0,0,0,0,0,0,0,0,1,0,0,0,0.0,0,0.0,0.0,1,0.0,0,0,0.0,0,0,1,0,0.0,0,0.0,0.0,0.0,0.0,0.0,50.0,0,0,0,0
SRSG_distributed_generation_1,SRSG,distributed_generation,1,471,24,1,0,1,0,0,0,0,0,0.0,0.8,0,0,0.0,3060.0,0.0,0.0,0.0,-1,0.0,0,0.0,0.0,0,0,0,0.0,0.0,0.0,0,0,0.0,0,0,0.0,0.0,0,0,0.0,0.0,0.0,0.0,0.0,None,0.0,0.0,1.0,1.0,0.0,0.0,0.0,0.0,0.0,0.0,0.0,0,0,0,0.0,0,0.0,0.0,0.0,0.0,0.0,1.0,1.0,0,0,0.0,0.0,0,0,0,0,0.0,0.0,0.0,0.2693643835616438,0,0,0,0,0,0,0,0,0,0,0,0,0.0,0.0,0,0,0,0,0,1,0,1,0,0,0,0.0,0,0.0,0.0,0,0.0,0,0,0.0,0,0,0,1,0.0,0,0.0,0.0,0.0,0.0,0.0,50.0,0,0,0,0
TRE_distributed_generation_1,TRE,distributed_generation,1,472,25,1,0,1,0,0,0,0,0,0.0,0.0,0,0,0.0,8154.0,0.0,0.0,0.0,-1,0.0,0,0.0,0.0,0,0,0,0.0,0.0,0.0,0,0,0.0,0,0,0.0,0.0,0,0,0.0,0.0,0.0,0.0,0.0,None,0.0,0.0,1.0,1.0,0.0,0.0,0.0,0.0,0.0,0.0,0.0,0,0,0,0.0,0,0.0,0.0,0.0,0.0,0.0,1.0,1.0,0,0,0.0,0.0,0,0,0,0,0.0,0.0,0.0,0.2366110730593607,0,0,0,0,0,0,0,0,0,0,0,0,0.0,0.0,0,0,0,0,1,0,0,1,1,0,0,0.0,0,0.0,0.0,0,0.8,0,0,0.0,0,0,0,0,0.0,0,0.0,0.0,0.0,0.0,0.0,50.0,0,0,0,0
TREW_distributed_generation_1,TREW,distributed_generation,1,473,26,1,0,1,0,0,0,0,0,0.0,0.0,0,0,0.0,444.0,0.0,0.0,0.0,-1,0.0,0,0.0,0.0,0,0,0,0.0,0.0,0.0,0,0,0.0,0,0,0.0,0.0,0,0,0.0,0.0,0.0,0.0,0.0,None,0.0,0.0,1.0,1.0,0.0,0.0,0.0,0.0,0.0,0.0,0.0,0,0,0,0.0,0,0.0,0.0,0.0,0.0,0.0,1.0,1.0,0,0,0.0,0.0,0,0,0,0,0.0,0.0,0.0,0.2366430365296804,0,0,0,0,0,0,0,0,0,0,0,0,0.0,0.0,0,0,0,0,1,0,0,1,1,0,0,0.0,0,0.0,0.0,0,0.8,0,0,0.0,0,0,0,0,0.0,0,0.0,0.0,0.0,0.0,0.0,50.0,0,0,0,0
BASN_naturalgas_hframe_cc_moderate_0,BASN,NaturalGas_H-Frame CC_Moderate,0,474,1,0,1,0,0,0,0,0,0,0.0,0.0,0,0,0.0,0.0,0.0,0.0,0.0,-1,500.0,0,-1.0,-1.0,0,0,0,0.0,0.0,1096691.96,69166,0,0.0,0,0,1.72,0.0,0,0,106.0,2.0,6.09,0.0,0.0,mountain_naturalgas,0.3,0.0,1.0,1.0,0.0,0.0,0.0,0.0,0.0,0.0,0.0,0,0,0,0.0,0,0.0,0.0,0.0,0.0,0.0,0.64,0.64,6,6,10.0,43330.0,0,0,0,0,0.0,0.0,0.93,0.0,0,0,0,0,0,0,0,0,0,0,0,0,0.0,0.0,0,0,0,0,0,0,0,0,0,0,0,0.0,0,0.0,0.0,0,0.0,0,0,0.93,0,0,0,0,0.0,0,0.0,0.0,0.0,30.0,0.05,30.0,68393,0,26266,0
BASN_naturalgas_fframe_ct_moderate_0,BASN,NaturalGas_F-Frame CT_Moderate,0,475,1,0,1,0,0,0,0,0,0,0.0,0.0,0,0,0.0,0.0,0.0,0.0,0.0,-1,100.0,0,-1.0,-1.0,0,0,0,0.0,0.0,977045.463,61737,0,0.0,0,0,6.15,0.0,0,0,137.0,3.5,9.72,0.0,0.0,mountain_naturalgas,0.3,0.0,1.0,1.0,0.0,0.0,0.0,0.0,0.0,0.0,0.0,0,0,0,0.0,0,0.0,0.0,0.0,0.0,0.0,3.78,3.78,1,1,10.0,43330.0,0,0,0,0,0.0,0.0,0.927,0.0,0,0,0,0,0,0,0,0,0,0,0,0,0.0,0.0,0,0,0,0,0,0,0,0,0,0,0,0.0,0,0.0,0.0,0,0.0,0,0,0.93,0,0,0,0,0.0,0,0.0,0.0,0.0,30.0,0.05,30.0,60965,0,21509,0
BASN_battery_moderate_0,BASN,Battery_*_Moderate,0,476,1,0,0,0,0,1,0,0,0,0.0,0.0,0,0,0.0,0.0,0.0,0.0,0.0,-1,1.0,0,-1.0,-1.0,0,0,0,0.0,0.0,274910.679,27307,0,205428.952,20405,0,0.15,0.15,0,0,0.0,0.0,0.0,0.0,0.0,None,0.0,0.0,0.92,0.92,0.0,1.0,10.0,0.0,0.0,0.0,0.0,0,0,0,0.0,0,0.0,0.0,0.0,0.0,0.0,1.0,1.0,0,0,0.0,0.0,0,0,0,0,0.0,0.0,1.031,0.0,0,0,0,0,0,0,0,0,0,0,0,0,0.0,0.0,0,0,0,0,0,0,0,0,0,0,0,0.0,0,0.0,0.0,0,0.0,0,0,0.95,0,0,0,0,0.0,0,0.0,0.0,0.0,15.0,0.05,15.0,27309,20406,6872,5135
BASN_nuclear_nuclear_moderate_0,BASN,Nuclear_Nuclear_Moderate,0,477,1,0,1,0,0,0,0,0,0,0.0,0.0,0,0,0.0,0.0,0.0,0.0,0.0,-1,2000.0,0,-1.0,-1.0,0,0,0,0.0,0.0,7229469.526,471022,0,0.0,0,0,2.36,0.0,0,0,285.0,0.0,10.45,0.0,0.0,mountain_uranium,0.5,0.0,1.0,1.0,0.0,0.0,0.0,0.041666667,0.083333333,0.0,0.0,0,0,0,0.0,0,0.0,0.0,0.0,0.0,0.0,0.25,0.25,24,24,50.0,216650.0,0,0,0,0,0.0,0.0,1.088,0.0,0,0,0,0,0,0,0,0,0,0,0,0,0.0,0.0,0,0,0,0,0,0,0,0,0,0,0,0.0,0,0.0,0.0,0,0.0,0,0,0.93,0,0,0,1,0.0,0,0.0,0.0,0.0,40.0,0.05,40.0,468647,0,145294,0
BASN_hydrogen_fframe_ct_moderate_0,BASN,Hydrogen_F-Frame CT_Moderate,0,478,1,0,1,0,0,0,0,0,0,0.0,0.0,0,0,0.0,0.0,0.0,0.0,0.0,-1,100.0,0,-1.0,-1.0,0,0,0,0.0,0.0,1074750.009,64810,0,0.0,0,0,6.15,0.0,0,0,137.0,3.5,9.72,0.0,0.0,hydrogen,0.3,0.0,1.0,1.0,0.0,0.0,0.0,0.0,0.0,0.0,0.0,0,0,0,0.0,0,0.0,0.0,0.0,0.0,0.0,3.78,3.78,1,1,0.0,0.0,0,0,0,0,0.0,0.0,0.927,0.0,0,0,0,0,0,0,0,0,0,0,0,0,0.0,0.0,0,0,0,0,0,0,0,0,0,0,0,0.0,0,0.0,0.0,0,0.0,0,0,0.93,0,0,0,1,0.0,0,0.0,0.0,0.0,30.0,0.05,30.0,64793,0,21509,0
BASN_hydrogen_hframe_cc_moderate_0,BASN,Hydrogen_H-Frame CC_Moderate,0,479,1,0,1,0,0,0,0,0,0,0.0,0.0,0,0,0.0,0.0,0.0,0.0,0.0,-1,500.0,0,-1.0,-1.0,0,0,0,0.0,0.0,1206361.156,72982,0,0.0,0,0,1.72,0.0,0,0,106.0,2.0,6.09,0.0,0.0,hydrogen,0.3,0.0,1.0,1.0,0.0,0.0,0.0,0.0,0.0,0.0,0.0,0,0,0,0.0,0,0.0,0.0,0.0,0.0,0.0,0.64,0.64,6,6,0.0,0.0,0,0,0,0,0.0,0.0,0.93,0.0,0,0,0,0,0,0,0,0,0,0,0,0,0.0,0.0,0,0,0,0,0,0,0,0,0,0,0,0.0,0,0.0,0.0,0,0.0,0,0,0.93,0,0,0,1,0.0,0,0.0,0.0,0.0,30.0,0.05,30.0,72964,0,26266,0
BASN_landbasedwind_class3_moderate_0_anyQual_0,BASN,LandbasedWind_Class3_Moderate_,0_anyQual_0,480,1,1,0,1,0,0,0,0,0,0.0,0.0,0,0,0.0,8526.0,0.0,0.0,0.0,-1,1.0,0,8527.2,-1.0,0,0,0,0.0,0.0,1065951.189,93716,129415,0.0,0,0,0.0,0.0,0,0,0.0,0.0,0.0,0.0,0.0,None,0.0,0.0,1.0,1.0,0.0,0.0,0.0,0.0,0.0,0.0,0.0,0,0,0,0.0,0,0.0,0.0,0.0,0.0,0.0,1.0,1.0,0,0,0.0,0.0,0,0,0,0,21616.785,422664.688,0.955,0.4011812508106231,0,0,0,0,0,0,0,0,0,0,0,0,0.0,0.0,0,0,0,0,0,1,0,1,0,0,0,0.0,0,0.0,0.0,0,0.0,0,0,0.8,0,0,0,1,0.0,0,0.0,0.0,0.0,30.0,0.05,30.0,87855,0,25258,0
BASN_landbasedwind_class3_moderate_1_anyQual_1,BASN,LandbasedWind_Class3_Moderate_,1_anyQual_1,481,1,1,0,1,0,0,0,0,0,0.0,0.0,0,0,0.0,8167.0,0.0,0.0,0.0,-1,1.0,0,8168.1,-1.0,0,0,0,0.0,0.0,1065951.189,103923,139622,0.0,0,0,0.0,0.0,0,0,0.0,0.0,0.0,0.0,0.0,None,0.0,0.0,1.0,1.0,0.0,0.0,0.0,0.0,0.0,0.0,0.0,0,0,0,0.0,0,0.0,0.0,0.0,0.0,0.0,1.0,1.0,0,0,0.0,0.0,0,0,0,0,29641.34,579564.633,0.955,0.431834876537323,0,0,0,0,0,0,0,0,0,0,0,0,0.0,0.0,0,0,0,0,0,1,0,1,0,0,0,0.0,0,0.0,0.0,0,0.0,0,0,0.8,0,0,0,1,0.0,0,0.0,0.0,0.0,30.0,0.05,30.0,95880,0,25258,0
BASN_landbasedwind_class3_moderate_2_anyQual_0,BASN,LandbasedWind_Class3_Moderate_,2_anyQual_0,482,1,1,0,1,0,0,0,0,0,0.0,0.0,0,0,0.0,1586.0,0.0,0.0,0.0,-1,1.0,0,9068.3,-1.0,0,0,0,0.0,0.0,1065951.189,102634,138333,0.0,0,0,0.0,0.0,0,0,0.0,0.0,0.0,0.0,0.0,None,0.0,0.0,1.0,1.0,0.0,0.0,0.0,0.0,0.0,0.0,0.0,0,0,0,0.0,0,0.0,0.0,0.0,0.0,0.0,1.0,1.0,0,0,0.0,0.0,0,0,0,0,28627.829,559748.941,0.955,0.374939888715744,0,0,0,0,0,0,0,0,0,0,0,0,0.0,0.0,0,0,0,0,0,1,0,1,0,0,0,0.0,0,0.0,0.0,0,0.0,0,0,0.8,0,0,0,1,0.0,0,0.0,0.0,0.0,30.0,0.05,30.0,94866,0,25258,0
BASN_landbasedwind_class3_moderate_3_anyQual_1,BASN,LandbasedWind_Class3_Moderate_,3_anyQual_1,483,1,1,0,1,0,0,0,0,0,0.0,0.0,0,0,0.0,7606.0,0.0,0.0,0.0,-1,1.0,0,7607.1,-1.0,0,0,0,0.0,0.0,1065951.189,100631,136329,0.0,0,0,0.0,0.0,0,0,0.0,0.0,0.0,0.0,0.0,None,0.0,0.0,1.0,1.0,0.0,0.0,0.0,0.0,0.0,0.0,0.0,0,0,0,0.0,0,0.0,0.0,0.0,0.0,0.0,1.0,1.0,0,0,0.0,0.0,0,0,0,0,27053.533,528965.582,0.955,0.3705382943153381,0,0,0,0,0,0,0,0,0,0,0,0,0.0,0.0,0,0,0,0,0,1,0,1,0,0,0,0.0,0,0.0,0.0,0,0.0,0,0,0.8,0,0,0,1,0.0,0,0.0,0.0,0.0,30.0,0.05,30.0,93292,0,25258,0
BASN_landbasedwind_class3_moderate_4_anyQual_0,BASN,LandbasedWind_Class3_Moderate_,4_anyQual_0,484,1,1,0,1,0,0,0,0,0,0.0,0.0,0,0,0.0,0.0,0.0,0.0,0.0,-1,1.0,0,9564.1,-1.0,0,0,0,0.0,0.0,1065951.189,104357,0,0.0,0,0,0.0,0.0,0,0,0.0,0.0,0.0,0.0,0.0,None,0.0,0.0,1.0,1.0,0.0,0.0,0.0,0.0,0.0,0.0,0.0,0,0,0,0.0,0,0.0,0.0,0.0,0.0,0.0,1.0,1.0,0,0,0.0,0.0,0,0,0,0,29982.55,586237.654,0.955,0.3523566424846649,0,0,0,0,0,0,0,0,0,0,0,0,0.0,0.0,0,0,0,0,0,1,0,1,0,0,0,0.0,0,0.0,0.0,0,0.0,0,0,0.8,0,0,0,1,0.0,0,0.0,0.0,0.0,30.0,0.05,30.0,96221,0,25258,0
BASN_landbasedwind_class3_moderate_5_anyQual_1,BASN,LandbasedWind_Class3_Moderate_,5_anyQual_1,485,1,1,0,1,0,0,0,0,0,0.0,0.0,0,0,0.0,0.0,0.0,0.0,0.0,-1,1.0,0,7092.6,-1.0,0,0,0,0.0,0.0,1065951.189,107119,0,0.0,0,0,0.0,0.0,0,0,0.0,0.0,0.0,0.0,0.0,None,0.0,0.0,1.0,1.0,0.0,0.0,0.0,0.0,0.0,0.0,0.0,0,0,0,0.0,0,0.0,0.0,0.0,0.0,0.0,1.0,1.0,0,0,0.0,0.0,0,0,0,0,32154.169,628696.533,0.955,0.3559088110923767,0,0,0,0,0,0,0,0,0,0,0,0,0.0,0.0,0,0,0,0,0,1,0,1,0,0,0,0.0,0,0.0,0.0,0,0.0,0,0,0.8,0,0,0,1,0.0,0,0.0,0.0,0.0,30.0,0.05,30.0,98393,0,25258,0
BASN_landbasedwind_class3_moderate_6_anyQual_0,BASN,LandbasedWind_Class3_Moderate_,6_anyQual_0,486,1,1,0,1,0,0,0,0,0,0.0,0.0,0,0,0.0,0.0,0.0,0.0,0.0,-1,1.0,0,8357.7,-1.0,0,0,0,0.0,0.0,1065951.189,108107,0,0.0,0,0,0.0,0.0,0,0,0.0,0.0,0.0,0.0,0.0,None,0.0,0.0,1.0,1.0,0.0,0.0,0.0,0.0,0.0,0.0,0.0,0,0,0,0.0,0,0.0,0.0,0.0,0.0,0.0,1.0,1.0,0,0,0.0,0.0,0,0,0,0,32930.848,643886.412,0.955,0.3443580567836761,0,0,0,0,0,0,0,0,0,0,0,0,0.0,0.0,0,0,0,0,0,1,0,1,0,0,0,0.0,0,0.0,0.0,0,0.0,0,0,0.8,0,0,0,1,0.0,0,0.0,0.0,0.0,30.0,0.05,30.0,99169,0,25258,0
BASN_landbasedwind_class3_moderate_7_anyQual_1,BASN,LandbasedWind_Class3_Moderate_,7_anyQual_1,487,1,1,0,1,0,0,0,0,0,0.0,0.0,0,0,0.0,0.0,0.0,0.0,0.0,-1,1.0,0,8323.4,-1.0,0,0,0,0.0,0.0,1065951.189,106751,0,0.0,0,0,0.0,0.0,0,0,0.0,0.0,0.0,0.0,0.0,None,0.0,0.0,1.0,1.0,0.0,0.0,0.0,0.0,0.0,0.0,0.0,0,0,0,0.0,0,0.0,0.0,0.0,0.0,0.0,1.0,1.0,0,0,0.0,0.0,0,0,0,0,31865.269,623048.496,0.955,0.3339323103427887,0,0,0,0,0,0,0,0,0,0,0,0,0.0,0.0,0,0,0,0,0,1,0,1,0,0,0,0.0,0,0.0,0.0,0,0.0,0,0,0.8,0,0,0,1,0.0,0,0.0,0.0,0.0,30.0,0.05,30.0,98104,0,25258,0
BASN_landbasedwind_class3_moderate_8_anyQual_0,BASN,LandbasedWind_Class3_Moderate_,8_anyQual_0,488,1,1,0,1,0,0,0,0,0,0.0,0.0,0,0,0.0,0.0,0.0,0.0,0.0,-1,1.0,0,9622.3,-1.0,0,0,0,0.0,0.0,1065951.189,110410,0,0.0,0,0,0.0,0.0,0,0,0.0,0.0,0.0,0.0,0.0,None,0.0,0.0,1.0,1.0,0.0,0.0,0.0,0.0,0.0,0.0,0.0,0,0,0,0.0,0,0.0,0.0,0.0,0.0,0.0,1.0,1.0,0,0,0.0,0.0,0,0,0,0,34741.619,679290.62,0.955,0.3317102789878845,0,0,0,0,0,0,0,0,0,0,0,0,0.0,0.0,0,0,0,0,0,1,0,1,0,0,0,0.0,0,0.0,0.0,0,0.0,0,0,0.8,0,0,0,1,0.0,0,0.0,0.0,0.0,30.0,0.05,30.0,100980,0,25258,0
BASN_landbasedwind_class3_moderate_9_anyQual_1,BASN,LandbasedWind_Class3_Moderate_,9_anyQual_1,489,1,1,0,1,0,0,0,0,0,0.0,0.0,0,0,0.0,0.0,0.0,0.0,0.0,-1,1.0,0,7130.7,-1.0,0,0,0,0.0,0.0,1065951.189,109448,0,0.0,0,0,0.0,0.0,0,0,0.0,0.0,0.0,0.0,0.0,None,0.0,0.0,1.0,1.0,0.0,0.0,0.0,0.0,0.0,0.0,0.0,0,0,0,0.0,0,0.0,0.0,0.0,0.0,0.0,1.0,1.0,0,0,0.0,0.0,0,0,0,0,33985.141,664498.125,0.955,0.3259340822696686,0,0,0,0,0,0,0,0,0,0,0,0,0.0,0.0,0,0,0,0,0,1,0,1,0,0,0,0.0,0,0.0,0.0,0,0.0,0,0,0.8,0,0,0,1,0.0,0,0.0,0.0,0.0,30.0,0.05,30.0,100224,0,25258,0
BASN_landbasedwind_class3_moderate_10_anyQual_0,BASN,LandbasedWind_Class3_Moderate_,10_anyQual_0,490,1,1,0,1,0,0,0,0,0,0.0,0.0,0,0,0.0,0.0,0.0,0.0,0.0,-1,1.0,0,8404.9,-1.0,0,0,0,0.0,0.0,1065951.189,109833,0,0.0,0,0,0.0,0.0,0,0,0.0,0.0,0.0,0.0,0.0,None,0.0,0.0,1.0,1.0,0.0,0.0,0.0,0.0,0.0,0.0,0.0,0,0,0,0.0,0,0.0,0.0,0.0,0.0,0.0,1.0,1.0,0,0,0.0,0.0,0,0,0,0,34288.034,670421.243,0.955,0.3149957954883575,0,0,0,0,0,0,0,0,0,0,0,0,0.0,0.0,0,0,0,0,0,1,0,1,0,0,0,0.0,0,0.0,0.0,0,0.0,0,0,0.8,0,0,0,1,0.0,0,0.0,0.0,0.0,30.0,0.05,30.0,100527,0,25258,0
BASN_landbasedwind_class3_moderate_11_anyQual_1,BASN,LandbasedWind_Class3_Moderate_,11_anyQual_1,491,1,1,0,1,0,0,0,0,0,0.0,0.0,0,0,0.0,0.0,0.0,0.0,0.0,-1,1.0,0,8181.6,-1.0,0,0,0,0.0,0.0,1065951.189,112096,0,0.0,0,0,0.0,0.0,0,0,0.0,0.0,0.0,0.0,0.0,None,0.0,0.0,1.0,1.0,0.0,0.0,0.0,0.0,0.0,0.0,0.0,0,0,0,0.0,0,0.0,0.0,0.0,0.0,0.0,1.0,1.0,0,0,0.0,0.0,0,0,0,0,36067.359,705209.756,0.955,0.3168685138225555,0,0,0,0,0,0,0,0,0,0,0,0,0.0,0.0,0,0,0,0,0,1,0,1,0,0,0,0.0,0,0.0,0.0,0,0.0,0,0,0.8,0,0,0,1,0.0,0,0.0,0.0,0.0,30.0,0.05,30.0,102306,0,25258,0
BASN_utilitypv_class1_moderate_0_anyQual_0,BASN,UtilityPV_Class1_Moderate_,0_anyQual_0,492,1,1,0,1,0,0,0,0,0,0.0,0.0,0,0,0.0,11354.0,0.0,0.0,0.0,-1,1.0,0,11355.5,-1.0,0,0,0,0.0,0.0,871935.36,61512,100061,0.0,0,0,0.0,0.0,0,0,0.0,0.0,0.0,0.0,0.0,None,0.0,0.0,1.0,1.0,0.0,0.0,0.0,0.0,0.0,0.0,0.0,0,0,0,0.0,0,0.0,0.0,0.0,0.0,0.0,1.0,1.0,0,0,0.0,0.0,0,0,0,0,4391.118,85857.01,0.986,0.2995566725730896,0,0,0,0,0,0,0,0,0,0,0,0,0.0,0.0,0,0,0,0,0,1,0,1,0,0,0,0.0,0,0.0,0.0,0,0.0,0,0,0.8,0,0,0,1,0.0,0,0.0,0.0,0.0,30.0,0.05,30.0,60301,0,15760,0
BASN_utilitypv_class1_moderate_1_anyQual_1,BASN,UtilityPV_Class1_Moderate_,1_anyQual_1,493,1,1,0,1,0,0,0,0,0,0.0,0.0,0,0,0.0,0.0,0.0,0.0,0.0,-1,1.0,0,8710.1,-1.0,0,0,0,0.0,0.0,871935.36,63548,0,0.0,0,0,0.0,0.0,0,0,0.0,0.0,0.0,0.0,0.0,None,0.0,0.0,1.0,1.0,0.0,0.0,0.0,0.0,0.0,0.0,0.0,0,0,0,0.0,0,0.0,0.0,0.0,0.0,0.0,1.0,1.0,0,0,0.0,0.0,0,0,0,0,5992.448,117166.891,0.986,0.3009711503982544,0,0,0,0,0,0,0,0,0,0,0,0,0.0,0.0,0,0,0,0,0,1,0,1,0,0,0,0.0,0,0.0,0.0,0,0.0,0,0,0.8,0,0,0,1,0.0,0,0.0,0.0,0.0,30.0,0.05,30.0,61902,0,15760,0
BASN_utilitypv_class1_moderate_2_anyQual_0,BASN,UtilityPV_Class1_Moderate_,2_anyQual_0,494,1,1,0,1,0,0,0,0,0,0.0,0.0,0,0,0.0,0.0,0.0,0.0,0.0,-1,1.0,0,8443.9,-1.0,0,0,0,0.0,0.0,871935.36,65667,0,0.0,0,0,0.0,0.0,0,0,0.0,0.0,0.0,0.0,0.0,None,0.0,0.0,1.0,1.0,0.0,0.0,0.0,0.0,0.0,0.0,0.0,0,0,0,0.0,0,0.0,0.0,0.0,0.0,0.0,1.0,1.0,0,0,0.0,0.0,0,0,0,0,7657.895,149730.413,0.986,0.291844755411148,0,0,0,0,0,0,0,0,0,0,0,0,0.0,0.0,0,0,0,0,0,1,0,1,0,0,0,0.0,0,0.0,0.0,0,0.0,0,0,0.8,0,0,0,1,0.0,0,0.0,0.0,0.0,30.0,0.05,30.0,63567,0,15760,0
BASN_utilitypv_class1_moderate_3_anyQual_1,BASN,UtilityPV_Class1_Moderate_,3_anyQual_1,495,1,1,0,1,0,0,0,0,0,0.0,0.0,0,0,0.0,0.0,0.0,0.0,0.0,-1,1.0,0,11623.8,-1.0,0,0,0,0.0,0.0,871935.36,69026,0,0.0,0,0,0.0,0.0,0,0,0.0,0.0,0.0,0.0,0.0,None,0.0,0.0,1.0,1.0,0.0,0.0,0.0,0.0,0.0,0.0,0.0,0,0,0,0.0,0,0.0,0.0,0.0,0.0,0.0,1.0,1.0,0,0,0.0,0.0,0,0,0,0,10298.63,201363.195,0.986,0.3003915846347809,0,0,0,0,0,0,0,0,0,0,0,0,0.0,0.0,0,0,0,0,0,1,0,1,0,0,0,0.0,0,0.0,0.0,0,0.0,0,0,0.8,0,0,0,1,0.0,0,0.0,0.0,0.0,30.0,0.05,30.0,66208,0,15760,0
BASN_utilitypv_class1_moderate_4_anyQual_0,BASN,UtilityPV_Class1_Moderate_,4_anyQual_0,496,1,1,0,1,0,0,0,0,0,0.0,0.0,0,0,0.0,0.0,0.0,0.0,0.0,-1,1.0,0,7797.7,-1.0,0,0,0,0.0,0.0,871935.36,62239,0,0.0,0,0,0.0,0.0,0,0,0.0,0.0,0.0,0.0,0.0,None,0.0,0.0,1.0,1.0,0.0,0.0,0.0,0.0,0.0,0.0,0.0,0,0,0,0.0,0,0.0,0.0,0.0,0.0,0.0,1.0,1.0,0,0,0.0,0.0,0,0,0,0,4962.571,97030.3,0.986,0.276067316532135,0,0,0,0,0,0,0,0,0,0,0,0,0.0,0.0,0,0,0,0,0,1,0,1,0,0,0,0.0,0,0.0,0.0,0,0.0,0,0,0.8,0,0,0,1,0.0,0,0.0,0.0,0.0,30.0,0.05,30.0,60872,0,15760,0
BASN_utilitypv_class1_moderate_5_anyQual_1,BASN,UtilityPV_Class1_Moderate_,5_anyQual_1,497,1,1,0,1,0,0,0,0,0,0.0,0.0,0,0,0.0,0.0,0.0,0.0,0.0,-1,1.0,0,12090.4,-1.0,0,0,0,0.0,0.0,871935.36,71221,0,0.0,0,0,0.0,0.0,0,0,0.0,0.0,0.0,0.0,0.0,None,0.0,0.0,1.0,1.0,0.0,0.0,0.0,0.0,0.0,0.0,0.0,0,0,0,0.0,0,0.0,0.0,0.0,0.0,0.0,1.0,1.0,0,0,0.0,0.0,0,0,0,0,12024.447,235107.103,0.986,0.2997539043426513,0,0,0,0,0,0,0,0,0,0,0,0,0.0,0.0,0,0,0,0,0,1,0,1,0,0,0,0.0,0,0.0,0.0,0,0.0,0,0,0.8,0,0,0,1,0.0,0,0.0,0.0,0.0,30.0,0.05,30.0,67934,0,15760,0
BASN_utilitypv_class1_moderate_6_anyQual_0,BASN,UtilityPV_Class1_Moderate_,6_anyQual_0,498,1,1,0,1,0,0,0,0,0,0.0,0.0,0,0,0.0,0.0,0.0,0.0,0.0,-1,1.0,0,4655.9,-1.0,0,0,0,0.0,0.0,871935.36,63808,0,0.0,0,0,0.0,0.0,0,0,0.0,0.0,0.0,0.0,0.0,None,0.0,0.0,1.0,1.0,0.0,0.0,0.0,0.0,0.0,0.0,0.0,0,0,0,0.0,0,0.0,0.0,0.0,0.0,0.0,1.0,1.0,0,0,0.0,0.0,0,0,0,0,6196.165,121150.055,0.986,0.2733468413352966,0,0,0,0,0,0,0,0,0,0,0,0,0.0,0.0,0,0,0,0,0,1,0,1,0,0,0,0.0,0,0.0,0.0,0,0.0,0,0,0.8,0,0,0,1,0.0,0,0.0,0.0,0.0,30.0,0.05,30.0,62106,0,15760,0
BASN_utilitypv_class1_moderate_7_anyQual_1,BASN,UtilityPV_Class1_Moderate_,7_anyQual_1,499,1,1,0,1,0,0,0,0,0,0.0,0.0,0,0,0.0,0.0,0.0,0.0,0.0,-1,1.0,0,15350.5,-1.0,0,0,0,0.0,0.0,871935.36,74082,0,0.0,0,0,0.0,0.0,0,0,0.0,0.0,0.0,0.0,0.0,None,0.0,0.0,1.0,1.0,0.0,0.0,0.0,0.0,0.0,0.0,0.0,0,0,0,0.0,0,0.0,0.0,0.0,0.0,0.0,1.0,1.0,0,0,0.0,0.0,0,0,0,0,14273.873,279088.833,0.986,0.3024984896183014,0,0,0,0,0,0,0,0,0,0,0,0,0.0,0.0,0,0,0,0,0,1,0,1,0,0,0,0.0,0,0.0,0.0,0,0.0,0,0,0.8,0,0,0,1,0.0,0,0.0,0.0,0.0,30.0,0.05,30.0,70183,0,15760,0
BASN_utilitypv_class1_moderate_8_anyQual_0,BASN,UtilityPV_Class1_Moderate_,8_anyQual_0,500,1,1,0,1,0,0,0,0,0,0.0,0.0,0,0,0.0,0.0,0.0,0.0,0.0,-1,1.0,0,2840.8,-1.0,0,0,0,0.0,0.0,871935.36,66273,0,0.0,0,0,0.0,0.0,0,0,0.0,0.0,0.0,0.0,0.0,None,0.0,0.0,1.0,1.0,0.0,0.0,0.0,0.0,0.0,0.0,0.0,0,0,0,0.0,0,0.0,0.0,0.0,0.0,0.0,1.0,1.0,0,0,0.0,0.0,0,0,0,0,8134.787,159054.803,0.986,0.275489866733551,0,0,0,0,0,0,0,0,0,0,0,0,0.0,0.0,0,0,0,0,0,1,0,1,0,0,0,0.0,0,0.0,0.0,0,0.0,0,0,0.8,0,0,0,1,0.0,0,0.0,0.0,0.0,30.0,0.05,30.0,64044,0,15760,0
BASN_utilitypv_class1_moderate_9_anyQual_1,BASN,UtilityPV_Class1_Moderate_,9_anyQual_1,501,1,1,0,1,0,0,0,0,0,0.0,0.0,0,0,0.0,0.0,0.0,0.0,0.0,-1,1.0,0,17164.4,-1.0,0,0,0,0.0,0.0,871935.36,76256,0,0.0,0,0,0.0,0.0,0,0,0.0,0.0,0.0,0.0,0.0,None,0.0,0.0,1.0,1.0,0.0,0.0,0.0,0.0,0.0,0.0,0.0,0,0,0,0.0,0,0.0,0.0,0.0,0.0,0.0,1.0,1.0,0,0,0.0,0.0,0,0,0,0,15983.528,312516.737,0.986,0.3028396070003509,0,0,0,0,0,0,0,0,0,0,0,0,0.0,0.0,0,0,0,0,0,1,0,1,0,0,0,0.0,0,0.0,0.0,0,0.0,0,0,0.8,0,0,0,1,0.0,0,0.0,0.0,0.0,30.0,0.05,30.0,71893,0,15760,0
CANO_naturalgas_hframe_cc_95_ccs_moderate_0,CANO,NaturalGas_H-Frame CC 95% CCS_Moderate,0,502,2,0,1,0,0,0,0,0,0,0.93,0.0,0,0,0.0,6589.0,0.0,0.0,0.0,-1,500.0,0,-1.0,-1.0,0,0,0,0.0,0.0,1943268.308,144156,220813,0.0,0,0,7.0,0.0,0,0,106.0,2.0,6.78,0.0,0.0,pacific_naturalgas_ccs95,0.6,0.0,1.0,1.0,0.0,0.0,0.0,0.106666667,0.213333333,0.0,0.0,0,0,0,0.95,27,1469.015,17226.965,10.064,0.342,3.44,0.64,0.64,6,6,10.0,97490.0,0,0,0,0,0.0,0.0,1.091,0.0,0,0,0,0,0,0,0,0,0,0,0,0,0.0,0.0,0,0,0,0,0,0,0,0,0,0,0,0.0,0,0.0,0.0,0,0.0,0,0,0.0,0,0,0,1,0.0,0,0.0,0.0,0.0,30.0,0.05,30.0,143985,0,46282,0
CANO_naturalgas_hframe_cc_moderate_0,CANO,NaturalGas_H-Frame CC_Moderate,0,503,2,0,1,0,0,0,0,0,0,0.93,0.0,0,0,0.0,0.0,0.0,0.0,0.0,-1,500.0,0,-1.0,-1.0,0,0,0,0.0,0.0,1096691.96,101939,0,0.0,0,0,1.72,0.0,0,0,106.0,2.0,6.09,0.0,0.0,pacific_naturalgas,0.3,0.0,1.0,1.0,0.0,0.0,0.0,0.0,0.0,0.0,0.0,0,0,0,0.0,0,0.0,0.0,0.0,0.0,0.0,0.64,0.64,6,6,10.0,97490.0,0,0,0,0,0.0,0.0,1.34,0.0,0,0,0,0,0,0,0,0,0,0,0,0,0.0,0.0,0,0,0,0,0,0,0,0,0,0,0,0.0,0,0.0,0.0,0,0.0,0,0,0.0,0,0,0,0,0.0,0,0.0,0.0,0.0,30.0,0.05,30.0,100209,0,26266,0
CANO_naturalgas_fframe_ct_moderate_0,CANO,NaturalGas_F-Frame CT_Moderate,0,504,2,0,1,0,0,0,0,0,0,0.93,0.0,0,0,0.0,0.0,0.0,0.0,0.0,-1,100.0,0,-1.0,-1.0,0,0,0,0.0,0.0,977045.463,83311,0,0.0,0,0,6.15,0.0,0,0,137.0,3.5,9.72,0.0,0.0,pacific_naturalgas,0.3,0.0,1.0,1.0,0.0,0.0,0.0,0.0,0.0,0.0,0.0,0,0,0,0.0,0,0.0,0.0,0.0,0.0,0.0,3.78,3.78,1,1,10.0,97490.0,0,0,0,0,0.0,0.0,1.211,0.0,0,0,0,0,0,0,0,0,0,0,0,0,0.0,0.0,0,0,0,0,0,0,0,0,0,0,0,0.0,0,0.0,0.0,0,0.0,0,0,0.0,0,0,0,0,0.0,0,0.0,0.0,0.0,30.0,0.05,30.0,81625,0,21509,0
CANO_battery_moderate_0,CANO,Battery_*_Moderate,0,505,2,0,0,0,0,1,0,0,0,0.95,0.0,0,0,0.0,0.0,0.0,0.0,0.0,-1,1.0,0,-1.0,-1.0,0,0,0,0.0,0.0,274910.679,27571,0,205428.952,20603,0,0.15,0.15,0,0,0.0,0.0,0.0,0.0,0.0,None,0.0,0.0,0.92,0.92,0.0,1.0,10.0,0.0,0.0,0.0,0.0,0,0,0,0.0,0,0.0,0.0,0.0,0.0,0.0,1.0,1.0,0,0,0.0,0.0,0,0,0,0,0.0,0.0,1.041,0.0,0,0,0,0,0,0,0,0,0,0,0,0,0.0,0.0,0,0,0,0,0,0,0,0,0,0,0,0.0,0,0.0,0.0,0,0.0,0,0,0.0,0,0,0,0,0.0,0,0.0,0.0,0.0,15.0,0.05,15.0,27577,20607,6872,5135
CANO_nuclear_nuclear_moderate_0,CANO,Nuclear_Nuclear_Moderate,0,506,2,0,1,0,0,0,0,0,0,0.93,0.0,0,0,0.0,0.0,0.0,0.0,0.0,-1,2000.0,0,-1.0,-1.0,0,0,0,0.0,0.0,7229469.526,554637,0,0.0,0,0,2.36,0.0,0,0,285.0,0.0,10.45,0.0,0.0,pacific_uranium,0.5,0.0,1.0,1.0,0.0,0.0,0.0,0.041666667,0.083333333,0.0,0.0,0,0,0,0.0,0,0.0,0.0,0.0,0.0,0.0,0.25,0.25,24,24,50.0,487450.0,0,0,0,0,0.0,0.0,1.249,0.0,0,0,0,0,0,0,0,0,0,0,0,0,0.0,0.0,0,0,0,0,0,0,0,0,0,0,0,0.0,0,0.0,0.0,0,0.0,0,0,0.0,0,0,0,1,0.0,0,0.0,0.0,0.0,40.0,0.05,40.0,549503,0,145294,0
CANO_hydrogen_fframe_ct_moderate_0,CANO,Hydrogen_F-Frame CT_Moderate,0,507,2,0,1,0,0,0,0,0,0,0.93,0.0,0,0,0.0,0.0,0.0,0.0,0.0,-1,100.0,0,-1.0,-1.0,0,0,0,0.0,0.0,1074750.009,84666,0,0.0,0,0,6.15,0.0,0,0,137.0,3.5,9.72,0.0,0.0,hydrogen,0.3,0.0,1.0,1.0,0.0,0.0,0.0,0.0,0.0,0.0,0.0,0,0,0,0.0,0,0.0,0.0,0.0,0.0,0.0,3.78,3.78,1,1,0.0,0.0,0,0,0,0,0.0,0.0,1.211,0.0,0,0,0,0,0,0,0,0,0,0,0,0,0.0,0.0,0,0,0,0,0,0,0,0,0,0,0,0.0,0,0.0,0.0,0,0.0,0,0,0.0,0,0,0,1,0.0,0,0.0,0.0,0.0,30.0,0.05,30.0,84684,0,21509,0
CANO_hydrogen_hframe_cc_moderate_0,CANO,Hydrogen_H-Frame CC_Moderate,0,508,2,0,1,0,0,0,0,0,0,0.93,0.0,0,0,0.0,0.0,0.0,0.0,0.0,-1,500.0,0,-1.0,-1.0,0,0,0,0.0,0.0,1206361.156,105157,0,0.0,0,0,1.72,0.0,0,0,106.0,2.0,6.09,0.0,0.0,hydrogen,0.3,0.0,1.0,1.0,0.0,0.0,0.0,0.0,0.0,0.0,0.0,0,0,0,0.0,0,0.0,0.0,0.0,0.0,0.0,0.64,0.64,6,6,0.0,0.0,0,0,0,0,0.0,0.0,1.34,0.0,0,0,0,0,0,0,0,0,0,0,0,0,0.0,0.0,0,0,0,0,0,0,0,0,0,0,0,0.0,0,0.0,0.0,0,0.0,0,0,0.0,0,0,0,1,0.0,0,0.0,0.0,0.0,30.0,0.05,30.0,105127,0,26266,0
CANO_landbasedwind_class3_moderate_0_anyQual_0,CANO,LandbasedWind_Class3_Moderate_,0_anyQual_0,509,2,1,0,1,0,0,0,0,0,0.8,0.0,0,0,0.0,0.0,0.0,0.0,0.0,-1,1.0,0,4658.2,-1.0,0,0,0,0.0,0.0,1065951.189,197812,0,0.0,0,0,0.0,0.0,0,0,0.0,0.0,0.0,0.0,0.0,None,0.0,0.0,1.0,1.0,0.0,0.0,0.0,0.0,0.0,0.0,0.0,0,0,0,0.0,0,0.0,0.0,0.0,0.0,0.0,1.0,1.0,0,0,0.0,0.0,0,0,0,0,40544.957,792761.741,2.109,0.3514146506786346,0,0,0,0,0,0,0,0,0,0,0,0,0.0,0.0,0,0,0,0,0,1,0,1,0,0,0,0.0,0,0.0,0.0,0,0.0,0,0,0.0,0,0,0,1,0.0,0,0.0,0.0,0.0,30.0,0.05,30.0,186797,0,25258,0
CANO_landbasedwind_class3_moderate_1_anyQual_1,CANO,LandbasedWind_Class3_Moderate_,1_anyQual_1,510,2,1,0,1,0,0,0,0,0,0.8,0.0,0,0,0.0,0.0,0.0,0.0,0.0,-1,1.0,0,511.2,-1.0,0,0,0,0.0,0.0,1065951.189,184236,0,0.0,0,0,0.0,0.0,0,0,0.0,0.0,0.0,0.0,0.0,None,0.0,0.0,1.0,1.0,0.0,0.0,0.0,0.0,0.0,0.0,0.0,0,0,0,0.0,0,0.0,0.0,0.0,0.0,0.0,1.0,1.0,0,0,0.0,0.0,0,0,0,0,29871.84,584073.822,2.109,0.3968521356582641,0,0,0,0,0,0,0,0,0,0,0,0,0.0,0.0,0,0,0,0,0,1,0,1,0,0,0,0.0,0,0.0,0.0,0,0.0,0,0,0.0,0,0,0,1,0.0,0,0.0,0.0,0.0,30.0,0.05,30.0,176124,0,25258,0
CANO_landbasedwind_class3_moderate_2_anyQual_0,CANO,LandbasedWind_Class3_Moderate_,2_anyQual_0,511,2,1,0,1,0,0,0,0,0,0.8,0.0,0,0,0.0,0.0,0.0,0.0,0.0,-1,1.0,0,4826.9,-1.0,0,0,0,0.0,0.0,1065951.189,199618,0,0.0,0,0,0.0,0.0,0,0,0.0,0.0,0.0,0.0,0.0,None,0.0,0.0,1.0,1.0,0.0,0.0,0.0,0.0,0.0,0.0,0.0,0,0,0,0.0,0,0.0,0.0,0.0,0.0,0.0,1.0,1.0,0,0,0.0,0.0,0,0,0,0,41965.032,820529.074,2.109,0.312891274690628,0,0,0,0,0,0,0,0,0,0,0,0,0.0,0.0,0,0,0,0,0,1,0,1,0,0,0,0.0,0,0.0,0.0,0,0.0,0,0,0.0,0,0,0,1,0.0,0,0.0,0.0,0.0,30.0,0.05,30.0,188218,0,25258,0
CANO_landbasedwind_class3_moderate_3_anyQual_1,CANO,LandbasedWind_Class3_Moderate_,3_anyQual_1,512,2,1,0,1,0,0,0,0,0,0.8,0.0,0,0,0.0,0.0,0.0,0.0,0.0,-1,1.0,0,247.5,-1.0,0,0,0,0.0,0.0,1065951.189,216211,0,0.0,0,0,0.0,0.0,0,0,0.0,0.0,0.0,0.0,0.0,None,0.0,0.0,1.0,1.0,0.0,0.0,0.0,0.0,0.0,0.0,0.0,0,0,0,0.0,0,0.0,0.0,0.0,0.0,0.0,1.0,1.0,0,0,0.0,0.0,0,0,0,0,55010.822,1075609.543,2.109,0.2895439565181732,0,0,0,0,0,0,0,0,0,0,0,0,0.0,0.0,0,0,0,0,0,1,0,1,0,0,0,0.0,0,0.0,0.0,0,0.0,0,0,0.0,0,0,0,1,0.0,0,0.0,0.0,0.0,30.0,0.05,30.0,201263,0,25258,0
CANO_landbasedwind_class3_moderate_4_anyQual_0,CANO,LandbasedWind_Class3_Moderate_,4_anyQual_0,513,2,1,0,1,0,0,0,0,0,0.8,0.0,0,0,0.0,0.0,0.0,0.0,0.0,-1,1.0,0,4677.3,-1.0,0,0,0,0.0,0.0,1065951.189,192288,0,0.0,0,0,0.0,0.0,0,0,0.0,0.0,0.0,0.0,0.0,None,0.0,0.0,1.0,1.0,0.0,0.0,0.0,0.0,0.0,0.0,0.0,0,0,0,0.0,0,0.0,0.0,0.0,0.0,0.0,1.0,1.0,0,0,0.0,0.0,0,0,0,0,36202.08,707847.23,2.109,0.3139730393886566,0,0,0,0,0,0,0,0,0,0,0,0,0.0,0.0,0,0,0,0,0,1,0,1,0,0,0,0.0,0,0.0,0.0,0,0.0,0,0,0.0,0,0,0,1,0.0,0,0.0,0.0,0.0,30.0,0.05,30.0,182455,0,25258,0
CANO_landbasedwind_class3_moderate_5_anyQual_1,CANO,LandbasedWind_Class3_Moderate_,5_anyQual_1,514,2,1,0,1,0,0,0,0,0,0.8,0.0,0,0,0.0,0.0,0.0,0.0,0.0,-1,1.0,0,428.5,-1.0,0,0,0,0.0,0.0,1065951.189,201196,0,0.0,0,0,0.0,0.0,0,0,0.0,0.0,0.0,0.0,0.0,None,0.0,0.0,1.0,1.0,0.0,0.0,0.0,0.0,0.0,0.0,0.0,0,0,0,0.0,0,0.0,0.0,0.0,0.0,0.0,1.0,1.0,0,0,0.0,0.0,0,0,0,0,43205.815,844788.48,2.109,0.3003243207931518,0,0,0,0,0,0,0,0,0,0,0,0,0.0,0.0,0,0,0,0,0,1,0,1,0,0,0,0.0,0,0.0,0.0,0,0.0,0,0,0.0,0,0,0,1,0.0,0,0.0,0.0,0.0,30.0,0.05,30.0,189458,0,25258,0
CANO_landbasedwind_class3_moderate_6_anyQual_0,CANO,LandbasedWind_Class3_Moderate_,6_anyQual_0,515,2,1,0,1,0,0,0,0,0,0.8,0.0,0,0,0.0,0.0,0.0,0.0,0.0,-1,1.0,0,4526.8,-1.0,0,0,0,0.0,0.0,1065951.189,191699,0,0.0,0,0,0.0,0.0,0,0,0.0,0.0,0.0,0.0,0.0,None,0.0,0.0,1.0,1.0,0.0,0.0,0.0,0.0,0.0,0.0,0.0,0,0,0,0.0,0,0.0,0.0,0.0,0.0,0.0,1.0,1.0,0,0,0.0,0.0,0,0,0,0,35738.847,698789.097,2.109,0.2941148281097412,0,0,0,0,0,0,0,0,0,0,0,0,0.0,0.0,0,0,0,0,0,1,0,1,0,0,0,0.0,0,0.0,0.0,0,0.0,0,0,0.0,0,0,0,1,0.0,0,0.0,0.0,0.0,30.0,0.05,30.0,181991,0,25258,0
CANO_landbasedwind_class3_moderate_7_anyQual_1,CANO,LandbasedWind_Class3_Moderate_,7_anyQual_1,516,2,1,0,1,0,0,0,0,0,0.8,0.0,0,0,0.0,0.0,0.0,0.0,0.0,-1,1.0,0,603.0,-1.0,0,0,0,0.0,0.0,1065951.189,206054,0,0.0,0,0,0.0,0.0,0,0,0.0,0.0,0.0,0.0,0.0,None,0.0,0.0,1.0,1.0,0.0,0.0,0.0,0.0,0.0,0.0,0.0,0,0,0,0.0,0,0.0,0.0,0.0,0.0,0.0,1.0,1.0,0,0,0.0,0.0,0,0,0,0,47025.036,919466.262,2.109,0.2613477706909179,0,0,0,0,0,0,0,0,0,0,0,0,0.0,0.0,0,0,0,0,0,1,0,1,0,0,0,0.0,0,0.0,0.0,0,0.0,0,0,0.0,0,0,0,1,0.0,0,0.0,0.0,0.0,30.0,0.05,30.0,193278,0,25258,0
CANO_landbasedwind_class3_moderate_8_anyQual_0,CANO,LandbasedWind_Class3_Moderate_,8_anyQual_0,517,2,1,0,1,0,0,0,0,0,0.8,0.0,0,0,0.0,0.0,0.0,0.0,0.0,-1,1.0,0,4340.9,-1.0,0,0,0,0.0,0.0,1065951.189,185370,0,0.0,0,0,0.0,0.0,0,0,0.0,0.0,0.0,0.0,0.0,None,0.0,0.0,1.0,1.0,0.0,0.0,0.0,0.0,0.0,0.0,0.0,0,0,0,0.0,0,0.0,0.0,0.0,0.0,0.0,1.0,1.0,0,0,0.0,0.0,0,0,0,0,30762.839,601495.08,2.109,0.293565422296524,0,0,0,0,0,0,0,0,0,0,0,0,0.0,0.0,0,0,0,0,0,1,0,1,0,0,0,0.0,0,0.0,0.0,0,0.0,0,0,0.0,0,0,0,1,0.0,0,0.0,0.0,0.0,30.0,0.05,30.0,177015,0,25258,0
CANO_landbasedwind_class3_moderate_9_anyQual_1,CANO,LandbasedWind_Class3_Moderate_,9_anyQual_1,518,2,1,0,1,0,0,0,0,0,0.8,0.0,0,0,0.0,0.0,0.0,0.0,0.0,-1,1.0,0,770.2,-1.0,0,0,0,0.0,0.0,1065951.189,204018,0,0.0,0,0,0.0,0.0,0,0,0.0,0.0,0.0,0.0,0.0,None,0.0,0.0,1.0,1.0,0.0,0.0,0.0,0.0,0.0,0.0,0.0,0,0,0,0.0,0,0.0,0.0,0.0,0.0,0.0,1.0,1.0,0,0,0.0,0.0,0,0,0,0,45424.488,888170.537,2.109,0.2403500229120254,0,0,0,0,0,0,0,0,0,0,0,0,0.0,0.0,0,0,0,0,0,1,0,1,0,0,0,0.0,0,0.0,0.0,0,0.0,0,0,0.0,0,0,0,1,0.0,0,0.0,0.0,0.0,30.0,0.05,30.0,191677,0,25258,0
CANO_landbasedwind_class3_moderate_10_anyQual_0,CANO,LandbasedWind_Class3_Moderate_,10_anyQual_0,519,2,1,0,1,0,0,0,0,0,0.8,0.0,0,0,0.0,0.0,0.0,0.0,0.0,-1,1.0,0,4315.2,-1.0,0,0,0,0.0,0.0,1065951.189,189281,0,0.0,0,0,0.0,0.0,0,0,0.0,0.0,0.0,0.0,0.0,None,0.0,0.0,1.0,1.0,0.0,0.0,0.0,0.0,0.0,0.0,0.0,0,0,0,0.0,0,0.0,0.0,0.0,0.0,0.0,1.0,1.0,0,0,0.0,0.0,0,0,0,0,33838.297,661628.624,2.109,0.2792680859565735,0,0,0,0,0,0,0,0,0,0,0,0,0.0,0.0,0,0,0,0,0,1,0,1,0,0,0,0.0,0,0.0,0.0,0,0.0,0,0,0.0,0,0,0,1,0.0,0,0.0,0.0,0.0,30.0,0.05,30.0,180091,0,25258,0
CANO_landbasedwind_class3_moderate_11_anyQual_1,CANO,LandbasedWind_Class3_Moderate_,11_anyQual_1,520,2,1,0,1,0,0,0,0,0,0.8,0.0,0,0,0.0,0.0,0.0,0.0,0.0,-1,1.0,0,764.6,-1.0,0,0,0,0.0,0.0,1065951.189,205232,0,0.0,0,0,0.0,0.0,0,0,0.0,0.0,0.0,0.0,0.0,None,0.0,0.0,1.0,1.0,0.0,0.0,0.0,0.0,0.0,0.0,0.0,0,0,0,0.0,0,0.0,0.0,0.0,0.0,0.0,1.0,1.0,0,0,0.0,0.0,0,0,0,0,46378.347,906820.522,2.109,0.227101594209671,0,0,0,0,0,0,0,0,0,0,0,0,0.0,0.0,0,0,0,0,0,1,0,1,0,0,0,0.0,0,0.0,0.0,0,0.0,0,0,0.0,0,0,0,1,0.0,0,0.0,0.0,0.0,30.0,0.05,30.0,192631,0,25258,0
CANO_utilitypv_class1_moderate_0_anyQual_0,CANO,UtilityPV_Class1_Moderate_,0_anyQual_0,521,2,1,0,1,0,0,0,0,0,0.8,0.0,0,0,0.0,0.0,0.0,0.0,0.0,-1,1.0,0,14708.0,-1.0,0,0,0,0.0,0.0,871935.36,71601,0,0.0,0,0,0.0,0.0,0,0,0.0,0.0,0.0,0.0,0.0,None,0.0,0.0,1.0,1.0,0.0,0.0,0.0,0.0,0.0,0.0,0.0,0,0,0,0.0,0,0.0,0.0,0.0,0.0,0.0,1.0,1.0,0,0,0.0,0.0,0,0,0,0,7953.331,155506.906,1.084,0.2918266952037811,0,0,0,0,0,0,0,0,0,0,0,0,0.0,0.0,0,0,0,0,0,1,0,1,0,0,0,0.0,0,0.0,0.0,0,0.0,0,0,0.0,0,0,0,1,0.0,0,0.0,0.0,0.0,30.0,0.05,30.0,69446,0,15760,0
CANO_utilitypv_class1_moderate_1_anyQual_0,CANO,UtilityPV_Class1_Moderate_,1_anyQual_0,522,2,1,0,1,0,0,0,0,0,0.8,0.0,0,0,0.0,8692.0,0.0,0.0,0.0,-1,1.0,0,11601.9,-1.0,0,0,0,0.0,0.0,871935.36,68546,109007,0.0,0,0,0.0,0.0,0,0,0.0,0.0,0.0,0.0,0.0,None,0.0,0.0,1.0,1.0,0.0,0.0,0.0,0.0,0.0,0.0,0.0,0,0,0,0.0,0,0.0,0.0,0.0,0.0,0.0,1.0,1.0,0,0,0.0,0.0,0,0,0,0,5551.276,108540.904,1.084,0.2891156673431396,0,0,0,0,0,0,0,0,0,0,0,0,0.0,0.0,0,0,0,0,0,1,0,1,0,0,0,0.0,0,0.0,0.0,0,0.0,0,0,0.0,0,0,0,1,0.0,0,0.0,0.0,0.0,30.0,0.05,30.0,67044,0,15760,0
CANO_utilitypv_class1_moderate_2_anyQual_0,CANO,UtilityPV_Class1_Moderate_,2_anyQual_0,523,2,1,0,1,0,0,0,0,0,0.8,0.0,0,0,0.0,3885.0,0.0,0.0,0.0,-1,1.0,0,3885.1,-1.0,0,0,0,0.0,0.0,871935.36,64638,105100,0.0,0,0,0.0,0.0,0,0,0.0,0.0,0.0,0.0,0.0,None,0.0,0.0,1.0,1.0,0.0,0.0,0.0,0.0,0.0,0.0,0.0,0,0,0,0.0,0,0.0,0.0,0.0,0.0,0.0,1.0,1.0,0,0,0.0,0.0,0,0,0,0,2479.013,48470.716,1.084,0.2921664416790008,0,0,0,0,0,0,0,0,0,0,0,0,0.0,0.0,0,0,0,0,0,1,0,1,0,0,0,0.0,0,0.0,0.0,0,0.0,0,0,0.0,0,0,0,1,0.0,0,0.0,0.0,0.0,30.0,0.05,30.0,63972,0,15760,0
CANO_utilitypv_class1_moderate_3_anyQual_1,CANO,UtilityPV_Class1_Moderate_,3_anyQual_1,524,2,1,0,1,0,0,0,0,0,0.8,0.0,0,0,0.0,0.0,0.0,0.0,0.0,-1,1.0,0,9886.4,-1.0,0,0,0,0.0,0.0,871935.36,70242,0,0.0,0,0,0.0,0.0,0,0,0.0,0.0,0.0,0.0,0.0,None,0.0,0.0,1.0,1.0,0.0,0.0,0.0,0.0,0.0,0.0,0.0,0,0,0,0.0,0,0.0,0.0,0.0,0.0,0.0,1.0,1.0,0,0,0.0,0.0,0,0,0,0,6885.055,134619.529,1.084,0.2893194854259491,0,0,0,0,0,0,0,0,0,0,0,0,0.0,0.0,0,0,0,0,0,1,0,1,0,0,0,0.0,0,0.0,0.0,0,0.0,0,0,0.0,0,0,0,1,0.0,0,0.0,0.0,0.0,30.0,0.05,30.0,68378,0,15760,0
CANO_utilitypv_class1_moderate_4_anyQual_0,CANO,UtilityPV_Class1_Moderate_,4_anyQual_0,525,2,1,0,1,0,0,0,0,0,0.8,0.0,0,0,0.0,0.0,0.0,0.0,0.0,-1,1.0,0,14531.2,-1.0,0,0,0,0.0,0.0,871935.36,78023,0,0.0,0,0,0.0,0.0,0,0,0.0,0.0,0.0,0.0,0.0,None,0.0,0.0,1.0,1.0,0.0,0.0,0.0,0.0,0.0,0.0,0.0,0,0,0,0.0,0,0.0,0.0,0.0,0.0,0.0,1.0,1.0,0,0,0.0,0.0,0,0,0,0,13002.657,254233.466,1.084,0.2884739637374878,0,0,0,0,0,0,0,0,0,0,0,0,0.0,0.0,0,0,0,0,0,1,0,1,0,0,0,0.0,0,0.0,0.0,0,0.0,0,0,0.0,0,0,0,1,0.0,0,0.0,0.0,0.0,30.0,0.05,30.0,74495,0,15760,0
CANO_utilitypv_class1_moderate_5_anyQual_0,CANO,UtilityPV_Class1_Moderate_,5_anyQual_0,526,2,1,0,1,0,0,0,0,0,0.8,0.0,0,0,0.0,0.0,0.0,0.0,0.0,-1,1.0,0,17875.0,-1.0,0,0,0,0.0,0.0,871935.36,77615,0,0.0,0,0,0.0,0.0,0,0,0.0,0.0,0.0,0.0,0.0,None,0.0,0.0,1.0,1.0,0.0,0.0,0.0,0.0,0.0,0.0,0.0,0,0,0,0.0,0,0.0,0.0,0.0,0.0,0.0,1.0,1.0,0,0,0.0,0.0,0,0,0,0,12681.234,247948.877,1.084,0.2914688885211944,0,0,0,0,0,0,0,0,0,0,0,0,0.0,0.0,0,0,0,0,0,1,0,1,0,0,0,0.0,0,0.0,0.0,0,0.0,0,0,0.0,0,0,0,1,0.0,0,0.0,0.0,0.0,30.0,0.05,30.0,74174,0,15760,0
CANO_utilitypv_class1_moderate_6_anyQual_0,CANO,UtilityPV_Class1_Moderate_,6_anyQual_0,527,2,1,0,1,0,0,0,0,0,0.8,0.0,0,0,0.0,0.0,0.0,0.0,0.0,-1,1.0,0,4350.4,-1.0,0,0,0,0.0,0.0,871935.36,76889,0,0.0,0,0,0.0,0.0,0,0,0.0,0.0,0.0,0.0,0.0,None,0.0,0.0,1.0,1.0,0.0,0.0,0.0,0.0,0.0,0.0,0.0,0,0,0,0.0,0,0.0,0.0,0.0,0.0,0.0,1.0,1.0,0,0,0.0,0.0,0,0,0,0,12110.794,236795.386,1.084,0.2857771217823028,0,0,0,0,0,0,0,0,0,0,0,0,0.0,0.0,0,0,0,0,0,1,0,1,0,0,0,0.0,0,0.0,0.0,0,0.0,0,0,0.0,0,0,0,1,0.0,0,0.0,0.0,0.0,30.0,0.05,30.0,73603,0,15760,0
CANO_utilitypv_class1_moderate_7_anyQual_1,CANO,UtilityPV_Class1_Moderate_,7_anyQual_1,528,2,1,0,1,0,0,0,0,0,0.8,0.0,0,0,0.0,0.0,0.0,0.0,0.0,-1,1.0,0,3219.3,-1.0,0,0,0,0.0,0.0,871935.36,73988,0,0.0,0,0,0.0,0.0,0,0,0.0,0.0,0.0,0.0,0.0,None,0.0,0.0,1.0,1.0,0.0,0.0,0.0,0.0,0.0,0.0,0.0,0,0,0,0.0,0,0.0,0.0,0.0,0.0,0.0,1.0,1.0,0,0,0.0,0.0,0,0,0,0,9829.617,192192.844,1.084,0.2864584028720855,0,0,0,0,0,0,0,0,0,0,0,0,0.0,0.0,0,0,0,0,0,1,0,1,0,0,0,0.0,0,0.0,0.0,0,0.0,0,0,0.0,0,0,0,1,0.0,0,0.0,0.0,0.0,30.0,0.05,30.0,71322,0,15760,0
CANO_utilitypv_class1_moderate_8_anyQual_0,CANO,UtilityPV_Class1_Moderate_,8_anyQual_0,529,2,1,0,1,0,0,0,0,0,0.8,0.0,0,0,0.0,0.0,0.0,0.0,0.0,-1,1.0,0,18424.3,-1.0,0,0,0,0.0,0.0,871935.36,85360,0,0.0,0,0,0.0,0.0,0,0,0.0,0.0,0.0,0.0,0.0,None,0.0,0.0,1.0,1.0,0.0,0.0,0.0,0.0,0.0,0.0,0.0,0,0,0,0.0,0,0.0,0.0,0.0,0.0,0.0,1.0,1.0,0,0,0.0,0.0,0,0,0,0,18770.996,367018.639,1.084,0.2915058732032776,0,0,0,0,0,0,0,0,0,0,0,0,0.0,0.0,0,0,0,0,0,1,0,1,0,0,0,0.0,0,0.0,0.0,0,0.0,0,0,0.0,0,0,0,1,0.0,0,0.0,0.0,0.0,30.0,0.05,30.0,80263,0,15760,0
CANO_utilitypv_class1_moderate_9_anyQual_0,CANO,UtilityPV_Class1_Moderate_,9_anyQual_0,530,2,1,0,1,0,0,0,0,0,0.8,0.0,0,0,0.0,0.0,0.0,0.0,0.0,-1,1.0,0,7675.8,-1.0,0,0,0,0.0,0.0,871935.36,83670,0,0.0,0,0,0.0,0.0,0,0,0.0,0.0,0.0,0.0,0.0,None,0.0,0.0,1.0,1.0,0.0,0.0,0.0,0.0,0.0,0.0,0.0,0,0,0,0.0,0,0.0,0.0,0.0,0.0,0.0,1.0,1.0,0,0,0.0,0.0,0,0,0,0,17441.76,341030.654,1.084,0.2908815443515777,0,0,0,0,0,0,0,0,0,0,0,0,0.0,0.0,0,0,0,0,0,1,0,1,0,0,0,0.0,0,0.0,0.0,0,0.0,0,0,0.0,0,0,0,1,0.0,0,0.0,0.0,0.0,30.0,0.05,30.0,78934,0,15760,0
CANO_utilitypv_class1_moderate_10_anyQual_0,CANO,UtilityPV_Class1_Moderate_,10_anyQual_0,531,2,1,0,1,0,0,0,0,0,0.8,0.0,0,0,0.0,0.0,0.0,0.0,0.0,-1,1.0,0,12470.9,-1.0,0,0,0,0.0,0.0,871935.36,83268,0,0.0,0,0,0.0,0.0,0,0,0.0,0.0,0.0,0.0,0.0,None,0.0,0.0,1.0,1.0,0.0,0.0,0.0,0.0,0.0,0.0,0.0,0,0,0,0.0,0,0.0,0.0,0.0,0.0,0.0,1.0,1.0,0,0,0.0,0.0,0,0,0,0,17125.74,334849.746,1.084,0.2888320684432983,0,0,0,0,0,0,0,0,0,0,0,0,0.0,0.0,0,0,0,0,0,1,0,1,0,0,0,0.0,0,0.0,0.0,0,0.0,0,0,0.0,0,0,0,1,0.0,0,0.0,0.0,0.0,30.0,0.05,30.0,78618,0,15760,0
CANO_utilitypv_class1_moderate_11_anyQual_1,CANO,UtilityPV_Class1_Moderate_,11_anyQual_1,532,2,1,0,1,0,0,0,0,0,0.8,0.0,0,0,0.0,0.0,0.0,0.0,0.0,-1,1.0,0,1421.9,-1.0,0,0,0,0.0,0.0,871935.36,80477,0,0.0,0,0,0.0,0.0,0,0,0.0,0.0,0.0,0.0,0.0,None,0.0,0.0,1.0,1.0,0.0,0.0,0.0,0.0,0.0,0.0,0.0,0,0,0,0.0,0,0.0,0.0,0.0,0.0,0.0,1.0,1.0,0,0,0.0,0.0,0,0,0,0,14931.732,291954.364,1.084,0.2847134172916412,0,0,0,0,0,0,0,0,0,0,0,0,0.0,0.0,0,0,0,0,0,1,0,1,0,0,0,0.0,0,0.0,0.0,0,0.0,0,0,0.0,0,0,0,1,0.0,0,0.0,0.0,0.0,30.0,0.05,30.0,76424,0,15760,0
CANO_utilitypv_class1_moderate_12_anyQual_0,CANO,UtilityPV_Class1_Moderate_,12_anyQual_0,533,2,1,0,1,0,0,0,0,0,0.8,0.0,0,0,0.0,0.0,0.0,0.0,0.0,-1,1.0,0,15531.1,-1.0,0,0,0,0.0,0.0,871935.36,87355,0,0.0,0,0,0.0,0.0,0,0,0.0,0.0,0.0,0.0,0.0,None,0.0,0.0,1.0,1.0,0.0,0.0,0.0,0.0,0.0,0.0,0.0,0,0,0,0.0,0,0.0,0.0,0.0,0.0,0.0,1.0,1.0,0,0,0.0,0.0,0,0,0,0,20339.453,397686.16,1.084,0.2880364954471588,0,0,0,0,0,0,0,0,0,0,0,0,0.0,0.0,0,0,0,0,0,1,0,1,0,0,0,0.0,0,0.0,0.0,0,0.0,0,0,0.0,0,0,0,1,0.0,0,0.0,0.0,0.0,30.0,0.05,30.0,81832,0,15760,0
CANO_utilitypv_class1_moderate_13_anyQual_0,CANO,UtilityPV_Class1_Moderate_,13_anyQual_0,534,2,1,0,1,0,0,0,0,0,0.8,0.0,0,0,0.0,0.0,0.0,0.0,0.0,-1,1.0,0,14283.7,-1.0,0,0,0,0.0,0.0,871935.36,89875,0,0.0,0,0,0.0,0.0,0,0,0.0,0.0,0.0,0.0,0.0,None,0.0,0.0,1.0,1.0,0.0,0.0,0.0,0.0,0.0,0.0,0.0,0,0,0,0.0,0,0.0,0.0,0.0,0.0,0.0,1.0,1.0,0,0,0.0,0.0,0,0,0,0,22320.228,436426.695,1.084,0.2925637662410736,0,0,0,0,0,0,0,0,0,0,0,0,0.0,0.0,0,0,0,0,0,1,0,1,0,0,0,0.0,0,0.0,0.0,0,0.0,0,0,0.0,0,0,0,1,0.0,0,0.0,0.0,0.0,30.0,0.05,30.0,83813,0,15760,0
CANO_utilitypv_class1_moderate_14_anyQual_0,CANO,UtilityPV_Class1_Moderate_,14_anyQual_0,535,2,1,0,1,0,0,0,0,0,0.8,0.0,0,0,0.0,0.0,0.0,0.0,0.0,-1,1.0,0,9767.7,-1.0,0,0,0,0.0,0.0,871935.36,91380,0,0.0,0,0,0.0,0.0,0,0,0.0,0.0,0.0,0.0,0.0,None,0.0,0.0,1.0,1.0,0.0,0.0,0.0,0.0,0.0,0.0,0.0,0,0,0,0.0,0,0.0,0.0,0.0,0.0,0.0,1.0,1.0,0,0,0.0,0.0,0,0,0,0,23503.9,459559.88,1.084,0.2946692705154419,0,0,0,0,0,0,0,0,0,0,0,0,0.0,0.0,0,0,0,0,0,1,0,1,0,0,0,0.0,0,0.0,0.0,0,0.0,0,0,0.0,0,0,0,1,0.0,0,0.0,0.0,0.0,30.0,0.05,30.0,84996,0,15760,0
CANO_utilitypv_class1_moderate_15_anyQual_1,CANO,UtilityPV_Class1_Moderate_,15_anyQual_1,536,2,1,0,1,0,0,0,0,0,0.8,0.0,0,0,0.0,0.0,0.0,0.0,0.0,-1,1.0,0,382.1,-1.0,0,0,0,0.0,0.0,871935.36,89256,0,0.0,0,0,0.0,0.0,0,0,0.0,0.0,0.0,0.0,0.0,None,0.0,0.0,1.0,1.0,0.0,0.0,0.0,0.0,0.0,0.0,0.0,0,0,0,0.0,0,0.0,0.0,0.0,0.0,0.0,1.0,1.0,0,0,0.0,0.0,0,0,0,0,21833.388,426898.914,1.084,0.2909747064113617,0,0,0,0,0,0,0,0,0,0,0,0,0.0,0.0,0,0,0,0,0,1,0,1,0,0,0,0.0,0,0.0,0.0,0,0.0,0,0,0.0,0,0,0,1,0.0,0,0.0,0.0,0.0,30.0,0.05,30.0,83326,0,15760,0
CANO_utilitypv_class1_moderate_16_anyQual_0,CANO,UtilityPV_Class1_Moderate_,16_anyQual_0,537,2,1,0,1,0,0,0,0,0,0.8,0.0,0,0,0.0,0.0,0.0,0.0,0.0,-1,1.0,0,13655.4,-1.0,0,0,0,0.0,0.0,871935.36,90388,0,0.0,0,0,0.0,0.0,0,0,0.0,0.0,0.0,0.0,0.0,None,0.0,0.0,1.0,1.0,0.0,0.0,0.0,0.0,0.0,0.0,0.0,0,0,0,0.0,0,0.0,0.0,0.0,0.0,0.0,1.0,1.0,0,0,0.0,0.0,0,0,0,0,22723.867,444313.637,1.084,0.2856590449810028,0,0,0,0,0,0,0,0,0,0,0,0,0.0,0.0,0,0,0,0,0,1,0,1,0,0,0,0.0,0,0.0,0.0,0,0.0,0,0,0.0,0,0,0,1,0.0,0,0.0,0.0,0.0,30.0,0.05,30.0,84216,0,15760,0
CANO_utilitypv_class1_moderate_17_anyQual_0,CANO,UtilityPV_Class1_Moderate_,17_anyQual_0,538,2,1,0,1,0,0,0,0,0,0.8,0.0,0,0,0.0,0.0,0.0,0.0,0.0,-1,1.0,0,16332.4,-1.0,0,0,0,0.0,0.0,871935.36,95171,0,0.0,0,0,0.0,0.0,0,0,0.0,0.0,0.0,0.0,0.0,None,0.0,0.0,1.0,1.0,0.0,0.0,0.0,0.0,0.0,0.0,0.0,0,0,0,0.0,0,0.0,0.0,0.0,0.0,0.0,1.0,1.0,0,0,0.0,0.0,0,0,0,0,26483.901,517828.362,1.084,0.2972570061683655,0,0,0,0,0,0,0,0,0,0,0,0,0.0,0.0,0,0,0,0,0,1,0,1,0,0,0,0.0,0,0.0,0.0,0,0.0,0,0,0.0,0,0,0,1,0.0,0,0.0,0.0,0.0,30.0,0.05,30.0,87976,0,15760,0
CANO_utilitypv_class1_moderate_18_anyQual_0,CANO,UtilityPV_Class1_Moderate_,18_anyQual_0,539,2,1,0,1,0,0,0,0,0,0.8,0.0,0,0,0.0,0.0,0.0,0.0,0.0,-1,1.0,0,9103.2,-1.0,0,0,0,0.0,0.0,871935.36,96078,0,0.0,0,0,0.0,0.0,0,0,0.0,0.0,0.0,0.0,0.0,None,0.0,0.0,1.0,1.0,0.0,0.0,0.0,0.0,0.0,0.0,0.0,0,0,0,0.0,0,0.0,0.0,0.0,0.0,0.0,1.0,1.0,0,0,0.0,0.0,0,0,0,0,27195.321,531773.765,1.084,0.2994396090507507,0,0,0,0,0,0,0,0,0,0,0,0,0.0,0.0,0,0,0,0,0,1,0,1,0,0,0,0.0,0,0.0,0.0,0,0.0,0,0,0.0,0,0,0,1,0.0,0,0.0,0.0,0.0,30.0,0.05,30.0,88688,0,15760,0
CANO_utilitypv_class1_moderate_19_anyQual_1,CANO,UtilityPV_Class1_Moderate_,19_anyQual_1,540,2,1,0,1,0,0,0,0,0,0.8,0.0,0,0,0.0,0.0,0.0,0.0,0.0,-1,1.0,0,908.5,-1.0,0,0,0,0.0,0.0,871935.36,104071,0,0.0,0,0,0.0,0.0,0,0,0.0,0.0,0.0,0.0,0.0,None,0.0,0.0,1.0,1.0,0.0,0.0,0.0,0.0,0.0,0.0,0.0,0,0,0,0.0,0,0.0,0.0,0.0,0.0,0.0,1.0,1.0,0,0,0.0,0.0,0,0,0,0,33480.8,654642.177,1.084,0.3123786449432373,0,0,0,0,0,0,0,0,0,0,0,0,0.0,0.0,0,0,0,0,0,1,0,1,0,0,0,0.0,0,0.0,0.0,0,0.0,0,0,0.0,0,0,0,1,0.0,0,0.0,0.0,0.0,30.0,0.05,30.0,94973,0,15760,0
CANO_offshorewind_class12_moderate_floating_1_1,CANO,OffShoreWind_Class12_Moderate_floating_1,1,541,2,1,0,1,0,0,0,0,0,0.8,0.0,0,0,0.0,0.0,0.0,0.0,0.0,-1,1.0,0,1976.0,-1.0,0,0,0,0.0,0.0,4211164.784,483788,0,0.0,0,0,0.0,0.0,0,0,0.0,0.0,0.0,0.0,0.0,None,0.0,0.0,1.0,1.0,0.0,0.0,0.0,0.0,0.0,0.0,0.0,0,0,0,0.0,0,0.0,0.0,0.0,0.0,0.0,1.0,1.0,0,0,0.0,0.0,0,0,0,0,98647.821,1928805.137,1.308,0.4565443992614746,0,0,0,0,0,0,0,0,0,0,0,0,0.0,0.0,0,0,0,0,0,1,0,1,0,0,0,0.0,0,0.0,0.0,0,0.0,0,0,0.0,0,0,0,1,0.0,0,0.0,0.0,0.0,30.0,0.05,30.0,457095,0,72317,0
CANO_offshorewind_class12_moderate_floating_1_2,CANO,OffShoreWind_Class12_Moderate_floating_1,2,542,2,1,0,1,0,0,0,0,0,0.8,0.0,0,0,0.0,0.0,0.0,0.0,0.0,-1,1.0,0,1864.4,-1.0,0,0,0,0.0,0.0,4211164.784,488634,0,0.0,0,0,0.0,0.0,0,0,0.0,0.0,0.0,0.0,0.0,None,0.0,0.0,1.0,1.0,0.0,0.0,0.0,0.0,0.0,0.0,0.0,0,0,0,0.0,0,0.0,0.0,0.0,0.0,0.0,1.0,1.0,0,0,0.0,0.0,0,0,0,0,102457.645,2003295.907,1.308,0.474857360124588,0,0,0,0,0,0,0,0,0,0,0,0,0.0,0.0,0,0,0,0,0,1,0,1,0,0,0,0.0,0,0.0,0.0,0,0.0,0,0,0.0,0,0,0,1,0.0,0,0.0,0.0,0.0,30.0,0.05,30.0,460905,0,72317,0
CANO_offshorewind_class12_moderate_floating_1_3,CANO,OffShoreWind_Class12_Moderate_floating_1,3,543,2,1,0,1,0,0,0,0,0,0.8,0.0,0,0,0.0,0.0,0.0,0.0,0.0,-1,1.0,0,1920.0,-1.0,0,0,0,0.0,0.0,4211164.784,492148,0,0.0,0,0,0.0,0.0,0,0,0.0,0.0,0.0,0.0,0.0,None,0.0,0.0,1.0,1.0,0.0,0.0,0.0,0.0,0.0,0.0,0.0,0,0,0,0.0,0,0.0,0.0,0.0,0.0,0.0,1.0,1.0,0,0,0.0,0.0,0,0,0,0,105220.21,2057310.213,1.308,0.4766000807285309,0,0,0,0,0,0,0,0,0,0,0,0,0.0,0.0,0,0,0,0,0,1,0,1,0,0,0,0.0,0,0.0,0.0,0,0.0,0,0,0.0,0,0,0,1,0.0,0,0.0,0.0,0.0,30.0,0.05,30.0,463668,0,72317,0
CANO_offshorewind_class3_moderate_fixed_0_1,CANO,OffShoreWind_Class3_Moderate_fixed_0,1,544,2,1,0,1,0,0,0,0,0,0.8,0.0,0,0,0.0,0.0,0.0,0.0,0.0,-1,1.0,0,1196.1,-1.0,0,0,0,0.0,0.0,2642898.3,345788,0,0.0,0,0,0.0,0.0,0,0,0.0,0.0,0.0,0.0,0.0,None,0.0,0.0,1.0,1.0,0.0,0.0,0.0,0.0,0.0,0.0,0.0,0,0,0,0.0,0,0.0,0.0,0.0,0.0,0.0,1.0,1.0,0,0,0.0,0.0,0,0,0,0,95062.256,1858697.618,1.308,0.5162282586097717,0,0,0,0,0,0,0,0,0,0,0,0,0.0,0.0,0,0,0,0,0,1,0,1,0,0,0,0.0,0,0.0,0.0,0,0.0,0,0,0.0,0,0,0,1,0.0,0,0.0,0.0,0.0,30.0,0.05,30.0,320022,0,82811,0
CANO_offshorewind_class3_moderate_fixed_0_2,CANO,OffShoreWind_Class3_Moderate_fixed_0,2,545,2,1,0,1,0,0,0,0,0,0.8,0.0,0,0,0.0,0.0,0.0,0.0,0.0,-1,1.0,0,1119.8,-1.0,0,0,0,0.0,0.0,2642898.3,347280,0,0.0,0,0,0.0,0.0,0,0,0.0,0.0,0.0,0.0,0.0,None,0.0,0.0,1.0,1.0,0.0,0.0,0.0,0.0,0.0,0.0,0.0,0,0,0,0.0,0,0.0,0.0,0.0,0.0,0.0,1.0,1.0,0,0,0.0,0.0,0,0,0,0,96235.162,1881630.753,1.308,0.5030664205551147,0,0,0,0,0,0,0,0,0,0,0,0,0.0,0.0,0,0,0,0,0,1,0,1,0,0,0,0.0,0,0.0,0.0,0,0.0,0,0,0.0,0,0,0,1,0.0,0,0.0,0.0,0.0,30.0,0.05,30.0,321195,0,82811,0
CANO_offshorewind_class3_moderate_fixed_0_3,CANO,OffShoreWind_Class3_Moderate_fixed_0,3,546,2,1,0,1,0,0,0,0,0,0.8,0.0,0,0,0.0,0.0,0.0,0.0,0.0,-1,1.0,0,1086.0,-1.0,0,0,0,0.0,0.0,2642898.3,350705,0,0.0,0,0,0.0,0.0,0,0,0.0,0.0,0.0,0.0,0.0,None,0.0,0.0,1.0,1.0,0.0,0.0,0.0,0.0,0.0,0.0,0.0,0,0,0,0.0,0,0.0,0.0,0.0,0.0,0.0,1.0,1.0,0,0,0.0,0.0,0,0,0,0,98928.446,1934290.998,1.308,0.4973285794258117,0,0,0,0,0,0,0,0,0,0,0,0,0.0,0.0,0,0,0,0,0,1,0,1,0,0,0,0.0,0,0.0,0.0,0,0.0,0,0,0.0,0,0,0,1,0.0,0,0.0,0.0,0.0,30.0,0.05,30.0,323888,0,82811,0
CANO_offshorewind_class12_moderate_floating_0_1,CANO,OffShoreWind_Class12_Moderate_floating_0,1,547,2,1,0,1,0,0,0,0,0,0.8,0.0,0,0,0.0,0.0,0.0,0.0,0.0,-1,1.0,0,63326.1,-1.0,0,0,0,0.0,0.0,4211164.784,467223,0,0.0,0,0,0.0,0.0,0,0,0.0,0.0,0.0,0.0,0.0,None,0.0,0.0,1.0,1.0,0.0,0.0,0.0,0.0,0.0,0.0,0.0,0,0,0,0.0,0,0.0,0.0,0.0,0.0,0.0,1.0,1.0,0,0,0.0,0.0,0,0,0,0,85623.819,1674153.339,1.308,0.4557634592056274,0,0,0,0,0,0,0,0,0,0,0,0,0.0,0.0,0,0,0,0,0,1,0,1,0,0,0,0.0,0,0.0,0.0,0,0.0,0,0,0.0,0,0,0,1,0.0,0,0.0,0.0,0.0,30.0,0.05,30.0,444071,0,72317,0
CANO_offshorewind_class12_moderate_floating_0_2,CANO,OffShoreWind_Class12_Moderate_floating_0,2,548,2,1,0,1,0,0,0,0,0,0.8,0.0,0,0,0.0,0.0,0.0,0.0,0.0,-1,1.0,0,63384.1,-1.0,0,0,0,0.0,0.0,4211164.784,481753,0,0.0,0,0,0.0,0.0,0,0,0.0,0.0,0.0,0.0,0.0,None,0.0,0.0,1.0,1.0,0.0,0.0,0.0,0.0,0.0,0.0,0.0,0,0,0,0.0,0,0.0,0.0,0.0,0.0,0.0,1.0,1.0,0,0,0.0,0.0,0,0,0,0,97048.069,1897525.173,1.308,0.5029159188270569,0,0,0,0,0,0,0,0,0,0,0,0,0.0,0.0,0,0,0,0,0,1,0,1,0,0,0,0.0,0,0.0,0.0,0,0.0,0,0,0.0,0,0,0,1,0.0,0,0.0,0.0,0.0,30.0,0.05,30.0,455496,0,72317,0
CANO_offshorewind_class12_moderate_floating_0_3,CANO,OffShoreWind_Class12_Moderate_floating_0,3,549,2,1,0,1,0,0,0,0,0,0.8,0.0,0,0,0.0,0.0,0.0,0.0,0.0,-1,1.0,0,63197.2,-1.0,0,0,0,0.0,0.0,4211164.784,490812,0,0.0,0,0,0.0,0.0,0,0,0.0,0.0,0.0,0.0,0.0,None,0.0,0.0,1.0,1.0,0.0,0.0,0.0,0.0,0.0,0.0,0.0,0,0,0,0.0,0,0.0,0.0,0.0,0.0,0.0,1.0,1.0,0,0,0.0,0.0,0,0,0,0,104170.157,2036779.19,1.308,0.4724338948726654,0,0,0,0,0,0,0,0,0,0,0,0,0.0,0.0,0,0,0,0,0,1,0,1,0,0,0,0.0,0,0.0,0.0,0,0.0,0,0,0.0,0,0,0,1,0.0,0,0.0,0.0,0.0,30.0,0.05,30.0,462618,0,72317,0
CASO_naturalgas_hframe_cc_95_ccs_moderate_0,CASO,NaturalGas_H-Frame CC 95% CCS_Moderate,0,550,3,0,1,0,0,0,0,0,0,0.93,0.0,0,0,0.0,11281.0,0.0,0.0,0.0,-1,500.0,0,-1.0,-1.0,0,0,0,0.0,0.0,1943268.308,139334,216362,0.0,0,0,9.84,0.0,0,0,106.0,2.0,6.78,0.0,0.0,pacific_naturalgas_ccs95,0.6,0.0,1.0,1.0,0.0,0.0,0.0,0.106666667,0.213333333,0.0,0.0,0,0,0,0.95,27,5975.284,70071.468,18.366,0.342,6.278,0.64,0.64,6,6,10.0,97490.0,0,0,0,0,0.0,0.0,1.054,0.0,0,0,0,0,0,0,0,0,0,0,0,0,0.0,0.0,0,0,0,0,0,0,0,0,0,0,0,0.0,0,0.0,0.0,0,0.0,0,0,0.0,0,0,0,1,0.0,0,0.0,0.0,0.0,30.0,0.05,30.0,143867,0,47431,0
CASO_naturalgas_hframe_cc_moderate_0,CASO,NaturalGas_H-Frame CC_Moderate,0,551,3,0,1,0,0,0,0,0,0,0.93,0.0,0,0,0.0,0.0,0.0,0.0,0.0,-1,500.0,0,-1.0,-1.0,0,0,0,0.0,0.0,1096691.96,96232,0,0.0,0,0,1.72,0.0,0,0,106.0,2.0,6.09,0.0,0.0,pacific_naturalgas,0.3,0.0,1.0,1.0,0.0,0.0,0.0,0.0,0.0,0.0,0.0,0,0,0,0.0,0,0.0,0.0,0.0,0.0,0.0,0.64,0.64,6,6,10.0,97490.0,0,0,0,0,0.0,0.0,1.26,0.0,0,0,0,0,0,0,0,0,0,0,0,0,0.0,0.0,0,0,0,0,0,0,0,0,0,0,0,0.0,0,0.0,0.0,0,0.0,0,0,0.0,0,0,0,0,0.0,0,0.0,0.0,0.0,30.0,0.05,30.0,94526,0,26266,0
CASO_naturalgas_fframe_ct_moderate_0,CASO,NaturalGas_F-Frame CT_Moderate,0,552,3,0,1,0,0,0,0,0,0,0.93,0.0,0,0,0.0,0.0,0.0,0.0,0.0,-1,100.0,0,-1.0,-1.0,0,0,0,0.0,0.0,977045.463,78671,0,0.0,0,0,6.15,0.0,0,0,137.0,3.5,9.72,0.0,0.0,pacific_naturalgas,0.3,0.0,1.0,1.0,0.0,0.0,0.0,0.0,0.0,0.0,0.0,0,0,0,0.0,0,0.0,0.0,0.0,0.0,0.0,3.78,3.78,1,1,10.0,97490.0,0,0,0,0,0.0,0.0,1.138,0.0,0,0,0,0,0,0,0,0,0,0,0,0,0.0,0.0,0,0,0,0,0,0,0,0,0,0,0,0.0,0,0.0,0.0,0,0.0,0,0,0.0,0,0,0,0,0.0,0,0.0,0.0,0.0,30.0,0.05,30.0,76970,0,21509,0
CASO_battery_moderate_0,CASO,Battery_*_Moderate,0,553,3,0,0,0,0,1,0,0,0,0.95,0.0,0,0,0.0,0.0,0.0,0.0,0.0,-1,1.0,0,-1.0,-1.0,0,0,0,0.0,0.0,274910.679,27598,0,205428.952,20623,0,0.15,0.15,0,0,0.0,0.0,0.0,0.0,0.0,None,0.0,0.0,0.92,0.92,0.0,1.0,10.0,0.0,0.0,0.0,0.0,0,0,0,0.0,0,0.0,0.0,0.0,0.0,0.0,1.0,1.0,0,0,0.0,0.0,0,0,0,0,0.0,0.0,1.042,0.0,0,0,0,0,0,0,0,0,0,0,0,0,0.0,0.0,0,0,0,0,0,0,0,0,0,0,0,0.0,0,0.0,0.0,0,0.0,0,0,0.0,0,0,0,0,0.0,0,0.0,0.0,0.0,15.0,0.05,15.0,27596,20621,6872,5135
CASO_nuclear_nuclear_moderate_0,CASO,Nuclear_Nuclear_Moderate,0,554,3,0,1,0,0,0,0,0,0,0.93,0.0,0,0,0.0,0.0,0.0,0.0,0.0,-1,2000.0,0,-1.0,-1.0,0,0,0,0.0,0.0,7229469.526,529779,0,0.0,0,0,2.36,0.0,0,0,285.0,0.0,10.45,0.0,0.0,pacific_uranium,0.5,0.0,1.0,1.0,0.0,0.0,0.0,0.041666667,0.083333333,0.0,0.0,0,0,0,0.0,0,0.0,0.0,0.0,0.0,0.0,0.25,0.25,24,24,50.0,487450.0,0,0,0,0,0.0,0.0,1.19,0.0,0,0,0,0,0,0,0,0,0,0,0,0,0.0,0.0,0,0,0,0,0,0,0,0,0,0,0,0.0,0,0.0,0.0,0,0.0,0,0,0.0,0,0,0,1,0.0,0,0.0,0.0,0.0,40.0,0.05,40.0,524568,0,145294,0
CASO_hydrogen_fframe_ct_moderate_0,CASO,Hydrogen_F-Frame CT_Moderate,0,555,3,0,1,0,0,0,0,0,0,0.93,0.0,0,0,0.0,0.0,0.0,0.0,0.0,-1,100.0,0,-1.0,-1.0,0,0,0,0.0,0.0,1074750.009,79562,0,0.0,0,0,6.15,0.0,0,0,137.0,3.5,9.72,0.0,0.0,hydrogen,0.3,0.0,1.0,1.0,0.0,0.0,0.0,0.0,0.0,0.0,0.0,0,0,0,0.0,0,0.0,0.0,0.0,0.0,0.0,3.78,3.78,1,1,0.0,0.0,0,0,0,0,0.0,0.0,1.138,0.0,0,0,0,0,0,0,0,0,0,0,0,0,0.0,0.0,0,0,0,0,0,0,0,0,0,0,0,0.0,0,0.0,0.0,0,0.0,0,0,0.0,0,0,0,1,0.0,0,0.0,0.0,0.0,30.0,0.05,30.0,79564,0,21509,0
CASO_hydrogen_hframe_cc_moderate_0,CASO,Hydrogen_H-Frame CC_Moderate,0,556,3,0,1,0,0,0,0,0,0,0.93,0.0,0,0,0.0,0.0,0.0,0.0,0.0,-1,500.0,0,-1.0,-1.0,0,0,0,0.0,0.0,1206361.156,98879,0,0.0,0,0,1.72,0.0,0,0,106.0,2.0,6.09,0.0,0.0,hydrogen,0.3,0.0,1.0,1.0,0.0,0.0,0.0,0.0,0.0,0.0,0.0,0,0,0,0.0,0,0.0,0.0,0.0,0.0,0.0,0.64,0.64,6,6,0.0,0.0,0,0,0,0,0.0,0.0,1.26,0.0,0,0,0,0,0,0,0,0,0,0,0,0,0.0,0.0,0,0,0,0,0,0,0,0,0,0,0,0.0,0,0.0,0.0,0,0.0,0,0,0.0,0,0,0,1,0.0,0,0.0,0.0,0.0,30.0,0.05,30.0,98875,0,26266,0
CASO_landbasedwind_class3_moderate_0_anyQual_0,CASO,LandbasedWind_Class3_Moderate_,0_anyQual_0,557,3,1,0,1,0,0,0,0,0,0.8,0.0,0,0,0.0,588.0,0.0,0.0,0.0,-1,1.0,0,588.1,-1.0,0,0,0,0.0,0.0,1065951.189,133206,175032,0.0,0,0,0.0,0.0,0,0,0.0,0.0,0.0,0.0,0.0,None,0.0,0.0,1.0,1.0,0.0,0.0,0.0,0.0,0.0,0.0,0.0,0,0,0,0.0,0,0.0,0.0,0.0,0.0,0.0,1.0,1.0,0,0,0.0,0.0,0,0,0,0,14393.506,281427.944,1.657,0.4117648005485534,0,0,0,0,0,0,0,0,0,0,0,0,0.0,0.0,0,0,0,0,0,1,0,1,0,0,0,0.0,0,0.0,0.0,0,0.0,0,0,0.0,0,0,0,1,0.0,0,0.0,0.0,0.0,30.0,0.05,30.0,129261,0,25258,0
CASO_landbasedwind_class3_moderate_1_anyQual_1,CASO,LandbasedWind_Class3_Moderate_,1_anyQual_1,558,3,1,0,1,0,0,0,0,0,0.8,0.0,0,0,0.0,322.9,0.0,0.0,0.0,-1,1.0,0,322.9,-1.0,0,0,0,0.0,0.0,1065951.189,143143,184969,0.0,0,0,0.0,0.0,0,0,0.0,0.0,0.0,0.0,0.0,None,0.0,0.0,1.0,1.0,0.0,0.0,0.0,0.0,0.0,0.0,0.0,0,0,0,0.0,0,0.0,0.0,0.0,0.0,0.0,1.0,1.0,0,0,0.0,0.0,0,0,0,0,22205.563,434172.615,1.657,0.4089741706848144,0,0,0,0,0,0,0,0,0,0,0,0,0.0,0.0,0,0,0,0,0,1,0,1,0,0,0,0.0,0,0.0,0.0,0,0.0,0,0,0.0,0,0,0,1,0.0,0,0.0,0.0,0.0,30.0,0.05,30.0,137073,0,25258,0
CASO_landbasedwind_class3_moderate_2_anyQual_0,CASO,LandbasedWind_Class3_Moderate_,2_anyQual_0,559,3,1,0,1,0,0,0,0,0,0.8,0.0,0,0,0.0,0.0,0.0,0.0,0.0,-1,1.0,0,716.5,-1.0,0,0,0,0.0,0.0,1065951.189,134762,0,0.0,0,0,0.0,0.0,0,0,0.0,0.0,0.0,0.0,0.0,None,0.0,0.0,1.0,1.0,0.0,0.0,0.0,0.0,0.0,0.0,0.0,0,0,0,0.0,0,0.0,0.0,0.0,0.0,0.0,1.0,1.0,0,0,0.0,0.0,0,0,0,0,15616.492,305340.294,1.657,0.3535374402999878,0,0,0,0,0,0,0,0,0,0,0,0,0.0,0.0,0,0,0,0,0,1,0,1,0,0,0,0.0,0,0.0,0.0,0,0.0,0,0,0.0,0,0,0,1,0.0,0,0.0,0.0,0.0,30.0,0.05,30.0,130484,0,25258,0
CASO_landbasedwind_class3_moderate_3_anyQual_1,CASO,LandbasedWind_Class3_Moderate_,3_anyQual_1,560,3,1,0,1,0,0,0,0,0,0.8,0.0,0,0,0.0,0.0,0.0,0.0,0.0,-1,1.0,0,160.7,-1.0,0,0,0,0.0,0.0,1065951.189,134450,0,0.0,0,0,0.0,0.0,0,0,0.0,0.0,0.0,0.0,0.0,None,0.0,0.0,1.0,1.0,0.0,0.0,0.0,0.0,0.0,0.0,0.0,0,0,0,0.0,0,0.0,0.0,0.0,0.0,0.0,1.0,1.0,0,0,0.0,0.0,0,0,0,0,15371.622,300552.482,1.657,0.3507200181484222,0,0,0,0,0,0,0,0,0,0,0,0,0.0,0.0,0,0,0,0,0,1,0,1,0,0,0,0.0,0,0.0,0.0,0,0.0,0,0,0.0,0,0,0,1,0.0,0,0.0,0.0,0.0,30.0,0.05,30.0,130239,0,25258,0
CASO_landbasedwind_class3_moderate_4_anyQual_0,CASO,LandbasedWind_Class3_Moderate_,4_anyQual_0,561,3,1,0,1,0,0,0,0,0,0.8,0.0,0,0,0.0,0.0,0.0,0.0,0.0,-1,1.0,0,474.2,-1.0,0,0,0,0.0,0.0,1065951.189,135614,0,0.0,0,0,0.0,0.0,0,0,0.0,0.0,0.0,0.0,0.0,None,0.0,0.0,1.0,1.0,0.0,0.0,0.0,0.0,0.0,0.0,0.0,0,0,0,0.0,0,0.0,0.0,0.0,0.0,0.0,1.0,1.0,0,0,0.0,0.0,0,0,0,0,16286.583,318442.186,1.657,0.3193888366222381,0,0,0,0,0,0,0,0,0,0,0,0,0.0,0.0,0,0,0,0,0,1,0,1,0,0,0,0.0,0,0.0,0.0,0,0.0,0,0,0.0,0,0,0,1,0.0,0,0.0,0.0,0.0,30.0,0.05,30.0,131154,0,25258,0
CASO_landbasedwind_class3_moderate_5_anyQual_1,CASO,LandbasedWind_Class3_Moderate_,5_anyQual_1,562,3,1,0,1,0,0,0,0,0,0.8,0.0,0,0,0.0,0.0,0.0,0.0,0.0,-1,1.0,0,419.6,-1.0,0,0,0,0.0,0.0,1065951.189,138461,0,0.0,0,0,0.0,0.0,0,0,0.0,0.0,0.0,0.0,0.0,None,0.0,0.0,1.0,1.0,0.0,0.0,0.0,0.0,0.0,0.0,0.0,0,0,0,0.0,0,0.0,0.0,0.0,0.0,0.0,1.0,1.0,0,0,0.0,0.0,0,0,0,0,18524.676,362202.338,1.657,0.3235511183738708,0,0,0,0,0,0,0,0,0,0,0,0,0.0,0.0,0,0,0,0,0,1,0,1,0,0,0,0.0,0,0.0,0.0,0,0.0,0,0,0.0,0,0,0,1,0.0,0,0.0,0.0,0.0,30.0,0.05,30.0,133392,0,25258,0
CASO_landbasedwind_class3_moderate_6_anyQual_0,CASO,LandbasedWind_Class3_Moderate_,6_anyQual_0,563,3,1,0,1,0,0,0,0,0,0.8,0.0,0,0,0.0,0.0,0.0,0.0,0.0,-1,1.0,0,681.1,-1.0,0,0,0,0.0,0.0,1065951.189,141048,0,0.0,0,0,0.0,0.0,0,0,0.0,0.0,0.0,0.0,0.0,None,0.0,0.0,1.0,1.0,0.0,0.0,0.0,0.0,0.0,0.0,0.0,0,0,0,0.0,0,0.0,0.0,0.0,0.0,0.0,1.0,1.0,0,0,0.0,0.0,0,0,0,0,20558.862,401976.49,1.657,0.3018920421600342,0,0,0,0,0,0,0,0,0,0,0,0,0.0,0.0,0,0,0,0,0,1,0,1,0,0,0,0.0,0,0.0,0.0,0,0.0,0,0,0.0,0,0,0,1,0.0,0,0.0,0.0,0.0,30.0,0.05,30.0,135426,0,25258,0
CASO_landbasedwind_class3_moderate_7_anyQual_1,CASO,LandbasedWind_Class3_Moderate_,7_anyQual_1,564,3,1,0,1,0,0,0,0,0,0.8,0.0,0,0,0.0,0.0,0.0,0.0,0.0,-1,1.0,0,235.8,-1.0,0,0,0,0.0,0.0,1065951.189,138067,0,0.0,0,0,0.0,0.0,0,0,0.0,0.0,0.0,0.0,0.0,None,0.0,0.0,1.0,1.0,0.0,0.0,0.0,0.0,0.0,0.0,0.0,0,0,0,0.0,0,0.0,0.0,0.0,0.0,0.0,1.0,1.0,0,0,0.0,0.0,0,0,0,0,18214.713,356141.804,1.657,0.2922079265117645,0,0,0,0,0,0,0,0,0,0,0,0,0.0,0.0,0,0,0,0,0,1,0,1,0,0,0,0.0,0,0.0,0.0,0,0.0,0,0,0.0,0,0,0,1,0.0,0,0.0,0.0,0.0,30.0,0.05,30.0,133082,0,25258,0
CASO_landbasedwind_class3_moderate_8_anyQual_0,CASO,LandbasedWind_Class3_Moderate_,8_anyQual_0,565,3,1,0,1,0,0,0,0,0,0.8,0.0,0,0,0.0,0.0,0.0,0.0,0.0,-1,1.0,0,482.6,-1.0,0,0,0,0.0,0.0,1065951.189,145737,0,0.0,0,0,0.0,0.0,0,0,0.0,0.0,0.0,0.0,0.0,None,0.0,0.0,1.0,1.0,0.0,0.0,0.0,0.0,0.0,0.0,0.0,0,0,0,0.0,0,0.0,0.0,0.0,0.0,0.0,1.0,1.0,0,0,0.0,0.0,0,0,0,0,24245.397,474060.554,1.657,0.2847472727298736,0,0,0,0,0,0,0,0,0,0,0,0,0.0,0.0,0,0,0,0,0,1,0,1,0,0,0,0.0,0,0.0,0.0,0,0.0,0,0,0.0,0,0,0,1,0.0,0,0.0,0.0,0.0,30.0,0.05,30.0,139113,0,25258,0
CASO_landbasedwind_class3_moderate_9_anyQual_1,CASO,LandbasedWind_Class3_Moderate_,9_anyQual_1,566,3,1,0,1,0,0,0,0,0,0.8,0.0,0,0,0.0,0.0,0.0,0.0,0.0,-1,1.0,0,355.6,-1.0,0,0,0,0.0,0.0,1065951.189,150178,0,0.0,0,0,0.0,0.0,0,0,0.0,0.0,0.0,0.0,0.0,None,0.0,0.0,1.0,1.0,0.0,0.0,0.0,0.0,0.0,0.0,0.0,0,0,0,0.0,0,0.0,0.0,0.0,0.0,0.0,1.0,1.0,0,0,0.0,0.0,0,0,0,0,27736.626,542323.173,1.657,0.2823646664619446,0,0,0,0,0,0,0,0,0,0,0,0,0.0,0.0,0,0,0,0,0,1,0,1,0,0,0,0.0,0,0.0,0.0,0,0.0,0,0,0.0,0,0,0,1,0.0,0,0.0,0.0,0.0,30.0,0.05,30.0,142604,0,25258,0
CASO_landbasedwind_class3_moderate_10_anyQual_0,CASO,LandbasedWind_Class3_Moderate_,10_anyQual_0,567,3,1,0,1,0,0,0,0,0,0.8,0.0,0,0,0.0,0.0,0.0,0.0,0.0,-1,1.0,0,520.2,-1.0,0,0,0,0.0,0.0,1065951.189,143288,0,0.0,0,0,0.0,0.0,0,0,0.0,0.0,0.0,0.0,0.0,None,0.0,0.0,1.0,1.0,0.0,0.0,0.0,0.0,0.0,0.0,0.0,0,0,0,0.0,0,0.0,0.0,0.0,0.0,0.0,1.0,1.0,0,0,0.0,0.0,0,0,0,0,22319.765,436406.766,1.657,0.259563684463501,0,0,0,0,0,0,0,0,0,0,0,0,0.0,0.0,0,0,0,0,0,1,0,1,0,0,0,0.0,0,0.0,0.0,0,0.0,0,0,0.0,0,0,0,1,0.0,0,0.0,0.0,0.0,30.0,0.05,30.0,137187,0,25258,0
CASO_landbasedwind_class3_moderate_11_anyQual_1,CASO,LandbasedWind_Class3_Moderate_,11_anyQual_1,568,3,1,0,1,0,0,0,0,0,0.8,0.0,0,0,0.0,0.0,0.0,0.0,0.0,-1,1.0,0,354.1,-1.0,0,0,0,0.0,0.0,1065951.189,144481,0,0.0,0,0,0.0,0.0,0,0,0.0,0.0,0.0,0.0,0.0,None,0.0,0.0,1.0,1.0,0.0,0.0,0.0,0.0,0.0,0.0,0.0,0,0,0,0.0,0,0.0,0.0,0.0,0.0,0.0,1.0,1.0,0,0,0.0,0.0,0,0,0,0,23257.868,454751.424,1.657,0.2633891999721527,0,0,0,0,0,0,0,0,0,0,0,0,0.0,0.0,0,0,0,0,0,1,0,1,0,0,0,0.0,0,0.0,0.0,0,0.0,0,0,0.0,0,0,0,1,0.0,0,0.0,0.0,0.0,30.0,0.05,30.0,138125,0,25258,0
CASO_utilitypv_class1_moderate_0_anyQual_0,CASO,UtilityPV_Class1_Moderate_,0_anyQual_0,569,3,1,0,1,0,0,0,0,0,0.8,0.0,0,0,0.0,10101.0,0.0,0.0,0.0,-1,1.0,0,15656.3,-1.0,0,0,0,0.0,0.0,871935.36,69257,109230,0.0,0,0,0.0,0.0,0,0,0.0,0.0,0.0,0.0,0.0,None,0.0,0.0,1.0,1.0,0.0,0.0,0.0,0.0,0.0,0.0,0.0,0,0,0,0.0,0,0.0,0.0,0.0,0.0,0.0,1.0,1.0,0,0,0.0,0.0,0,0,0,0,7224.978,141265.831,1.059,0.3027062714099884,0,0,0,0,0,0,0,0,0,0,0,0,0.0,0.0,0,0,0,0,0,1,0,1,0,0,0,0.0,0,0.0,0.0,0,0.0,0,0,0.0,0,0,0,1,0.0,0,0.0,0.0,0.0,30.0,0.05,30.0,67268,0,15760,0
CASO_utilitypv_class1_moderate_1_anyQual_1,CASO,UtilityPV_Class1_Moderate_,1_anyQual_1,570,3,1,0,1,0,0,0,0,0,0.8,0.0,0,0,0.0,4392.0,0.0,0.0,0.0,-1,1.0,0,4392.3,-1.0,0,0,0,0.0,0.0,871935.36,66033,106007,0.0,0,0,0.0,0.0,0,0,0.0,0.0,0.0,0.0,0.0,None,0.0,0.0,1.0,1.0,0.0,0.0,0.0,0.0,0.0,0.0,0.0,0,0,0,0.0,0,0.0,0.0,0.0,0.0,0.0,1.0,1.0,0,0,0.0,0.0,0,0,0,0,4690.277,91706.288,1.059,0.3008016347885132,0,0,0,0,0,0,0,0,0,0,0,0,0.0,0.0,0,0,0,0,0,1,0,1,0,0,0,0.0,0,0.0,0.0,0,0.0,0,0,0.0,0,0,0,1,0.0,0,0.0,0.0,0.0,30.0,0.05,30.0,64734,0,15760,0
CASO_utilitypv_class1_moderate_2_anyQual_0,CASO,UtilityPV_Class1_Moderate_,2_anyQual_0,571,3,1,0,1,0,0,0,0,0,0.8,0.0,0,0,0.0,0.0,0.0,0.0,0.0,-1,1.0,0,13017.3,-1.0,0,0,0,0.0,0.0,871935.36,76334,0,0.0,0,0,0.0,0.0,0,0,0.0,0.0,0.0,0.0,0.0,None,0.0,0.0,1.0,1.0,0.0,0.0,0.0,0.0,0.0,0.0,0.0,0,0,0,0.0,0,0.0,0.0,0.0,0.0,0.0,1.0,1.0,0,0,0.0,0.0,0,0,0,0,12789.454,250064.841,1.059,0.3033719062805176,0,0,0,0,0,0,0,0,0,0,0,0,0.0,0.0,0,0,0,0,0,1,0,1,0,0,0,0.0,0,0.0,0.0,0,0.0,0,0,0.0,0,0,0,1,0.0,0,0.0,0.0,0.0,30.0,0.05,30.0,72833,0,15760,0
CASO_utilitypv_class1_moderate_3_anyQual_1,CASO,UtilityPV_Class1_Moderate_,3_anyQual_1,572,3,1,0,1,0,0,0,0,0,0.8,0.0,0,0,0.0,0.0,0.0,0.0,0.0,-1,1.0,0,6968.6,-1.0,0,0,0,0.0,0.0,871935.36,78475,0,0.0,0,0,0.0,0.0,0,0,0.0,0.0,0.0,0.0,0.0,None,0.0,0.0,1.0,1.0,0.0,0.0,0.0,0.0,0.0,0.0,0.0,0,0,0,0.0,0,0.0,0.0,0.0,0.0,0.0,1.0,1.0,0,0,0.0,0.0,0,0,0,0,14472.312,282968.79,1.059,0.3078595697879791,0,0,0,0,0,0,0,0,0,0,0,0,0.0,0.0,0,0,0,0,0,1,0,1,0,0,0,0.0,0,0.0,0.0,0,0.0,0,0,0.0,0,0,0,1,0.0,0,0.0,0.0,0.0,30.0,0.05,30.0,74516,0,15760,0
CASO_utilitypv_class1_moderate_4_anyQual_0,CASO,UtilityPV_Class1_Moderate_,4_anyQual_0,573,3,1,0,1,0,0,0,0,0,0.8,0.0,0,0,0.0,0.0,0.0,0.0,0.0,-1,1.0,0,15679.8,-1.0,0,0,0,0.0,0.0,871935.36,83414,0,0.0,0,0,0.0,0.0,0,0,0.0,0.0,0.0,0.0,0.0,None,0.0,0.0,1.0,1.0,0.0,0.0,0.0,0.0,0.0,0.0,0.0,0,0,0,0.0,0,0.0,0.0,0.0,0.0,0.0,1.0,1.0,0,0,0.0,0.0,0,0,0,0,18355.849,358901.35,1.059,0.3003647327423095,0,0,0,0,0,0,0,0,0,0,0,0,0.0,0.0,0,0,0,0,0,1,0,1,0,0,0,0.0,0,0.0,0.0,0,0.0,0,0,0.0,0,0,0,1,0.0,0,0.0,0.0,0.0,30.0,0.05,30.0,78399,0,15760,0
CASO_utilitypv_class1_moderate_5_anyQual_1,CASO,UtilityPV_Class1_Moderate_,5_anyQual_1,574,3,1,0,1,0,0,0,0,0,0.8,0.0,0,0,0.0,0.0,0.0,0.0,0.0,-1,1.0,0,4421.8,-1.0,0,0,0,0.0,0.0,871935.36,84768,0,0.0,0,0,0.0,0.0,0,0,0.0,0.0,0.0,0.0,0.0,None,0.0,0.0,1.0,1.0,0.0,0.0,0.0,0.0,0.0,0.0,0.0,0,0,0,0.0,0,0.0,0.0,0.0,0.0,0.0,1.0,1.0,0,0,0.0,0.0,0,0,0,0,19420.232,379712.629,1.059,0.3077695667743683,0,0,0,0,0,0,0,0,0,0,0,0,0.0,0.0,0,0,0,0,0,1,0,1,0,0,0,0.0,0,0.0,0.0,0,0.0,0,0,0.0,0,0,0,1,0.0,0,0.0,0.0,0.0,30.0,0.05,30.0,79464,0,15760,0
CASO_utilitypv_class1_moderate_6_anyQual_0,CASO,UtilityPV_Class1_Moderate_,6_anyQual_0,575,3,1,0,1,0,0,0,0,0,0.8,0.0,0,0,0.0,0.0,0.0,0.0,0.0,-1,1.0,0,16139.5,-1.0,0,0,0,0.0,0.0,871935.36,87543,0,0.0,0,0,0.0,0.0,0,0,0.0,0.0,0.0,0.0,0.0,None,0.0,0.0,1.0,1.0,0.0,0.0,0.0,0.0,0.0,0.0,0.0,0,0,0,0.0,0,0.0,0.0,0.0,0.0,0.0,1.0,1.0,0,0,0.0,0.0,0,0,0,0,21601.854,422368.629,1.059,0.2955250144004822,0,0,0,0,0,0,0,0,0,0,0,0,0.0,0.0,0,0,0,0,0,1,0,1,0,0,0,0.0,0,0.0,0.0,0,0.0,0,0,0.0,0,0,0,1,0.0,0,0.0,0.0,0.0,30.0,0.05,30.0,81645,0,15760,0
CASO_utilitypv_class1_moderate_7_anyQual_1,CASO,UtilityPV_Class1_Moderate_,7_anyQual_1,576,3,1,0,1,0,0,0,0,0,0.8,0.0,0,0,0.0,0.0,0.0,0.0,0.0,-1,1.0,0,3810.7,-1.0,0,0,0,0.0,0.0,871935.36,90084,0,0.0,0,0,0.0,0.0,0,0,0.0,0.0,0.0,0.0,0.0,None,0.0,0.0,1.0,1.0,0.0,0.0,0.0,0.0,0.0,0.0,0.0,0,0,0,0.0,0,0.0,0.0,0.0,0.0,0.0,1.0,1.0,0,0,0.0,0.0,0,0,0,0,23600.047,461438.142,1.059,0.3036962449550628,0,0,0,0,0,0,0,0,0,0,0,0,0.0,0.0,0,0,0,0,0,1,0,1,0,0,0,0.0,0,0.0,0.0,0,0.0,0,0,0.0,0,0,0,1,0.0,0,0.0,0.0,0.0,30.0,0.05,30.0,83644,0,15760,0
CASO_utilitypv_class1_moderate_8_anyQual_0,CASO,UtilityPV_Class1_Moderate_,8_anyQual_0,577,3,1,0,1,0,0,0,0,0,0.8,0.0,0,0,0.0,0.0,0.0,0.0,0.0,-1,1.0,0,16096.1,-1.0,0,0,0,0.0,0.0,871935.36,91165,0,0.0,0,0,0.0,0.0,0,0,0.0,0.0,0.0,0.0,0.0,None,0.0,0.0,1.0,1.0,0.0,0.0,0.0,0.0,0.0,0.0,0.0,0,0,0,0.0,0,0.0,0.0,0.0,0.0,0.0,1.0,1.0,0,0,0.0,0.0,0,0,0,0,24449.28,478042.819,1.059,0.2943379580974579,0,0,0,0,0,0,0,0,0,0,0,0,0.0,0.0,0,0,0,0,0,1,0,1,0,0,0,0.0,0,0.0,0.0,0,0.0,0,0,0.0,0,0,0,1,0.0,0,0.0,0.0,0.0,30.0,0.05,30.0,84493,0,15760,0
CASO_utilitypv_class1_moderate_9_anyQual_1,CASO,UtilityPV_Class1_Moderate_,9_anyQual_1,578,3,1,0,1,0,0,0,0,0,0.8,0.0,0,0,0.0,0.0,0.0,0.0,0.0,-1,1.0,0,3898.7,-1.0,0,0,0,0.0,0.0,871935.36,102653,0,0.0,0,0,0.0,0.0,0,0,0.0,0.0,0.0,0.0,0.0,None,0.0,0.0,1.0,1.0,0.0,0.0,0.0,0.0,0.0,0.0,0.0,0,0,0,0.0,0,0.0,0.0,0.0,0.0,0.0,1.0,1.0,0,0,0.0,0.0,0,0,0,0,33481.764,654654.737,1.059,0.3084470927715301,0,0,0,0,0,0,0,0,0,0,0,0,0.0,0.0,0,0,0,0,0,1,0,1,0,0,0,0.0,0,0.0,0.0,0,0.0,0,0,0.0,0,0,0,1,0.0,0,0.0,0.0,0.0,30.0,0.05,30.0,93525,0,15760,0
CASO_offshorewind_class12_moderate_floating_1_1,CASO,OffShoreWind_Class12_Moderate_floating_1,1,579,3,1,0,1,0,0,0,0,0,0.8,0.0,0,0,0.0,0.0,0.0,0.0,0.0,-1,1.0,0,7577.6,-1.0,0,0,0,0.0,0.0,4211164.784,382555,0,0.0,0,0,0.0,0.0,0,0,0.0,0.0,0.0,0.0,0.0,None,0.0,0.0,1.0,1.0,0.0,0.0,0.0,0.0,0.0,0.0,0.0,0,0,0,0.0,0,0.0,0.0,0.0,0.0,0.0,1.0,1.0,0,0,0.0,0.0,0,0,0,0,85392.776,1669635.843,1.0,0.4123749434947967,0,0,0,0,0,0,0,0,0,0,0,0,0.0,0.0,0,0,0,0,0,1,0,1,0,0,0,0.0,0,0.0,0.0,0,0.0,0,0,0.0,0,0,0,1,0.0,0,0.0,0.0,0.0,30.0,0.05,30.0,359334,0,72317,0
CASO_offshorewind_class12_moderate_floating_1_2,CASO,OffShoreWind_Class12_Moderate_floating_1,2,580,3,1,0,1,0,0,0,0,0,0.8,0.0,0,0,0.0,0.0,0.0,0.0,0.0,-1,1.0,0,7396.4,-1.0,0,0,0,0.0,0.0,4211164.784,387166,0,0.0,0,0,0.0,0.0,0,0,0.0,0.0,0.0,0.0,0.0,None,0.0,0.0,1.0,1.0,0.0,0.0,0.0,0.0,0.0,0.0,0.0,0,0,0,0.0,0,0.0,0.0,0.0,0.0,0.0,1.0,1.0,0,0,0.0,0.0,0,0,0,0,89018.427,1740526.104,1.0,0.4127219617366791,0,0,0,0,0,0,0,0,0,0,0,0,0.0,0.0,0,0,0,0,0,1,0,1,0,0,0,0.0,0,0.0,0.0,0,0.0,0,0,0.0,0,0,0,1,0.0,0,0.0,0.0,0.0,30.0,0.05,30.0,362960,0,72317,0
CASO_offshorewind_class12_moderate_floating_1_3,CASO,OffShoreWind_Class12_Moderate_floating_1,3,581,3,1,0,1,0,0,0,0,0,0.8,0.0,0,0,0.0,0.0,0.0,0.0,0.0,-1,1.0,0,7468.3,-1.0,0,0,0,0.0,0.0,4211164.784,391627,0,0.0,0,0,0.0,0.0,0,0,0.0,0.0,0.0,0.0,0.0,None,0.0,0.0,1.0,1.0,0.0,0.0,0.0,0.0,0.0,0.0,0.0,0,0,0,0.0,0,0.0,0.0,0.0,0.0,0.0,1.0,1.0,0,0,0.0,0.0,0,0,0,0,92525.719,1809102.164,1.0,0.4253265261650085,0,0,0,0,0,0,0,0,0,0,0,0,0.0,0.0,0,0,0,0,0,1,0,1,0,0,0,0.0,0,0.0,0.0,0,0.0,0,0,0.0,0,0,0,1,0.0,0,0.0,0.0,0.0,30.0,0.05,30.0,366467,0,72317,0
CASO_offshorewind_class3_moderate_fixed_0_1,CASO,OffShoreWind_Class3_Moderate_fixed_0,1,582,3,1,0,1,0,0,0,0,0,0.8,0.0,0,0,0.0,0.0,0.0,0.0,0.0,-1,1.0,0,5.5,-1.0,0,0,0,0.0,0.0,2642898.3,280096,0,0.0,0,0,0.0,0.0,0,0,0.0,0.0,0.0,0.0,0.0,None,0.0,0.0,1.0,1.0,0.0,0.0,0.0,0.0,0.0,0.0,0.0,0,0,0,0.0,0,0.0,0.0,0.0,0.0,0.0,1.0,1.0,0,0,0.0,0.0,0,0,0,0,85046.127,1662858.0,1.0,0.4270000159740448,0,0,0,0,0,0,0,0,0,0,0,0,0.0,0.0,0,0,0,0,0,1,0,1,0,0,0,0.0,0,0.0,0.0,0,0.0,0,0,0.0,0,0,0,1,0.0,0,0.0,0.0,0.0,30.0,0.05,30.0,256970,0,82811,0
CASO_offshorewind_class12_moderate_floating_0_1,CASO,OffShoreWind_Class12_Moderate_floating_0,1,583,3,1,0,1,0,0,0,0,0,0.8,0.0,0,0,0.0,0.0,0.0,0.0,0.0,-1,1.0,0,58754.0,-1.0,0,0,0,0.0,0.0,4211164.784,369119,0,0.0,0,0,0.0,0.0,0,0,0.0,0.0,0.0,0.0,0.0,None,0.0,0.0,1.0,1.0,0.0,0.0,0.0,0.0,0.0,0.0,0.0,0,0,0,0.0,0,0.0,0.0,0.0,0.0,0.0,1.0,1.0,0,0,0.0,0.0,0,0,0,0,74829.209,1463092.48,1.0,0.3856403827667236,0,0,0,0,0,0,0,0,0,0,0,0,0.0,0.0,0,0,0,0,0,1,0,1,0,0,0,0.0,0,0.0,0.0,0,0.0,0,0,0.0,0,0,0,1,0.0,0,0.0,0.0,0.0,30.0,0.05,30.0,348771,0,72317,0
CASO_offshorewind_class12_moderate_floating_0_2,CASO,OffShoreWind_Class12_Moderate_floating_0,2,584,3,1,0,1,0,0,0,0,0,0.8,0.0,0,0,0.0,0.0,0.0,0.0,0.0,-1,1.0,0,58790.8,-1.0,0,0,0,0.0,0.0,4211164.784,378872,0,0.0,0,0,0.0,0.0,0,0,0.0,0.0,0.0,0.0,0.0,None,0.0,0.0,1.0,1.0,0.0,0.0,0.0,0.0,0.0,0.0,0.0,0,0,0,0.0,0,0.0,0.0,0.0,0.0,0.0,1.0,1.0,0,0,0.0,0.0,0,0,0,0,82497.399,1613024.18,1.0,0.4444648027420044,0,0,0,0,0,0,0,0,0,0,0,0,0.0,0.0,0,0,0,0,0,1,0,1,0,0,0,0.0,0,0.0,0.0,0,0.0,0,0,0.0,0,0,0,1,0.0,0,0.0,0.0,0.0,30.0,0.05,30.0,356439,0,72317,0
CASO_offshorewind_class12_moderate_floating_0_3,CASO,OffShoreWind_Class12_Moderate_floating_0,3,585,3,1,0,1,0,0,0,0,0,0.8,0.0,0,0,0.0,0.0,0.0,0.0,0.0,-1,1.0,0,58680.0,-1.0,0,0,0,0.0,0.0,4211164.784,387942,0,0.0,0,0,0.0,0.0,0,0,0.0,0.0,0.0,0.0,0.0,None,0.0,0.0,1.0,1.0,0.0,0.0,0.0,0.0,0.0,0.0,0.0,0,0,0,0.0,0,0.0,0.0,0.0,0.0,0.0,1.0,1.0,0,0,0.0,0.0,0,0,0,0,89628.541,1752455.31,1.0,0.432033360004425,0,0,0,0,0,0,0,0,0,0,0,0,0.0,0.0,0,0,0,0,0,1,0,1,0,0,0,0.0,0,0.0,0.0,0,0.0,0,0,0.0,0,0,0,1,0.0,0,0.0,0.0,0.0,30.0,0.05,30.0,363570,0,72317,0
FRCC_naturalgas_hframe_cc_95_ccs_moderate_0,FRCC,NaturalGas_H-Frame CC 95% CCS_Moderate,0,586,4,0,1,0,0,0,0,0,0,0.0,0.0,0,0,0.0,20884.0,0.0,0.0,0.0,-1,500.0,0,-1.0,-1.0,0,0,0,0.0,0.0,1943268.308,124364,198264,0.0,0,0,7.84,0.0,0,0,106.0,2.0,6.78,0.0,0.0,south_atlantic_naturalgas_ccs95,0.6,0.0,1.0,1.0,0.0,0.0,0.0,0.106666667,0.213333333,0.0,0.0,0,0,0,0.95,27,1469.015,17226.965,12.5,0.342,4.273,0.64,0.64,6,6,10.0,45550.0,0,0,0,0,0.0,0.0,0.96,0.0,0,0,0,0,0,0,0,0,0,0,0,0,0.93,0.0,0,0,0,0,0,0,0,0,0,0,0,0.0,0,0.0,0.0,1,0.0,0,0,0.0,0,0,0,0,0.0,0,0.0,0.0,0.0,30.0,0.05,30.0,124980,0,46282,0
FRCC_naturalgas_hframe_cc_moderate_0,FRCC,NaturalGas_H-Frame CC_Moderate,0,587,4,0,1,0,0,0,0,0,0,0.0,0.0,0,0,0.0,0.0,0.0,0.0,0.0,-1,500.0,0,-1.0,-1.0,0,0,0,0.0,0.0,1096691.96,69239,0,0.0,0,0,1.72,0.0,0,0,106.0,2.0,6.09,0.0,0.0,south_atlantic_naturalgas,0.3,0.0,1.0,1.0,0.0,0.0,0.0,0.0,0.0,0.0,0.0,0,0,0,0.0,0,0.0,0.0,0.0,0.0,0.0,0.64,0.64,6,6,10.0,45550.0,0,0,0,0,0.0,0.0,0.929,0.0,0,0,0,0,0,0,0,0,0,0,0,0,0.93,0.0,0,0,0,0,0,0,0,0,0,0,0,0.0,0,0.0,0.0,0,0.0,0,0,0.0,0,0,0,0,0.0,0,0.0,0.0,0.0,30.0,0.05,30.0,68423,0,26266,0
FRCC_naturalgas_fframe_ct_moderate_0,FRCC,NaturalGas_F-Frame CT_Moderate,0,588,4,0,1,0,0,0,0,0,0,0.0,0.0,0,0,0.0,0.0,0.0,0.0,0.0,-1,100.0,0,-1.0,-1.0,0,0,0,0.0,0.0,977045.463,61882,0,0.0,0,0,6.15,0.0,0,0,137.0,3.5,9.72,0.0,0.0,south_atlantic_naturalgas,0.3,0.0,1.0,1.0,0.0,0.0,0.0,0.0,0.0,0.0,0.0,0,0,0,0.0,0,0.0,0.0,0.0,0.0,0.0,3.78,3.78,1,1,10.0,45550.0,0,0,0,0,0.0,0.0,0.927,0.0,0,0,0,0,0,0,0,0,0,0,0,0,0.93,0.0,0,0,0,0,0,0,0,0,0,0,0,0.0,0,0.0,0.0,0,0.0,0,0,0.0,0,0,0,0,0.0,0,0.0,0.0,0.0,30.0,0.05,30.0,61070,0,21509,0
FRCC_battery_moderate_0,FRCC,Battery_*_Moderate,0,589,4,0,0,0,0,1,0,0,0,0.0,0.0,0,0,0.0,0.0,0.0,0.0,0.0,-1,1.0,0,-1.0,-1.0,0,0,0,0.0,0.0,274910.679,26512,0,205428.952,19811,0,0.15,0.15,0,0,0.0,0.0,0.0,0.0,0.0,None,0.0,0.0,0.92,0.92,0.0,1.0,10.0,0.0,0.0,0.0,0.0,0,0,0,0.0,0,0.0,0.0,0.0,0.0,0.0,1.0,1.0,0,0,0.0,0.0,0,0,0,0,0.0,0.0,1.001,0.0,0,0,0,0,0,0,0,0,0,0,0,0,0.95,0.0,0,0,0,0,0,0,0,0,0,0,0,0.0,0,0.0,0.0,0,0.0,0,0,0.0,0,0,0,0,0.0,0,0.0,0.0,0.0,15.0,0.05,15.0,26523,19820,6872,5135
FRCC_nuclear_nuclear_moderate_0,FRCC,Nuclear_Nuclear_Moderate,0,590,4,0,1,0,0,0,0,0,0,0.0,0.0,0,0,0.0,0.0,0.0,0.0,0.0,-1,2000.0,0,-1.0,-1.0,0,0,0,0.0,0.0,7229469.526,421532,0,0.0,0,0,2.36,0.0,0,0,285.0,0.0,10.45,0.0,0.0,south_atlantic_uranium,0.5,0.0,1.0,1.0,0.0,0.0,0.0,0.041666667,0.083333333,0.0,0.0,0,0,0,0.0,0,0.0,0.0,0.0,0.0,0.0,0.25,0.25,24,24,50.0,227750.0,0,0,0,0,0.0,0.0,0.969,0.0,0,0,0,0,0,0,0,0,0,0,0,0,0.93,0.0,0,0,0,0,0,0,0,0,0,0,0,0.0,0,0.0,0.0,1,0.0,0,0,0.0,0,0,0,0,0.0,0,0.0,0.0,0.0,40.0,0.05,40.0,419020,0,145294,0
FRCC_hydrogen_fframe_ct_moderate_0,FRCC,Hydrogen_F-Frame CT_Moderate,0,591,4,0,1,0,0,0,0,0,0,0.0,0.0,0,0,0.0,0.0,0.0,0.0,0.0,-1,100.0,0,-1.0,-1.0,0,0,0,0.0,0.0,1074750.009,64810,0,0.0,0,0,6.15,0.0,0,0,137.0,3.5,9.72,0.0,0.0,hydrogen,0.3,0.0,1.0,1.0,0.0,0.0,0.0,0.0,0.0,0.0,0.0,0,0,0,0.0,0,0.0,0.0,0.0,0.0,0.0,3.78,3.78,1,1,0.0,0.0,0,0,0,0,0.0,0.0,0.927,0.0,0,0,0,0,0,0,0,0,0,0,0,0,0.93,0.0,0,0,0,0,0,0,0,0,0,0,0,0.0,0,0.0,0.0,1,0.0,0,0,0.0,0,0,0,0,0.0,0,0.0,0.0,0.0,30.0,0.05,30.0,64793,0,21509,0
FRCC_hydrogen_hframe_cc_moderate_0,FRCC,Hydrogen_H-Frame CC_Moderate,0,592,4,0,1,0,0,0,0,0,0,0.0,0.0,0,0,0.0,0.0,0.0,0.0,0.0,-1,500.0,0,-1.0,-1.0,0,0,0,0.0,0.0,1206361.156,72904,0,0.0,0,0,1.72,0.0,0,0,106.0,2.0,6.09,0.0,0.0,hydrogen,0.3,0.0,1.0,1.0,0.0,0.0,0.0,0.0,0.0,0.0,0.0,0,0,0,0.0,0,0.0,0.0,0.0,0.0,0.0,0.64,0.64,6,6,0.0,0.0,0,0,0,0,0.0,0.0,0.929,0.0,0,0,0,0,0,0,0,0,0,0,0,0,0.93,0.0,0,0,0,0,0,0,0,0,0,0,0,0.0,0,0.0,0.0,1,0.0,0,0,0.0,0,0,0,0,0.0,0,0.0,0.0,0.0,30.0,0.05,30.0,72881,0,26266,0
FRCC_landbasedwind_class3_moderate_0_anyQual_0,FRCC,LandbasedWind_Class3_Moderate_,0_anyQual_0,593,4,1,0,1,0,0,0,0,0,0.0,0.0,0,0,0.0,2785.0,0.0,0.0,0.0,-1,1.0,0,2785.1,-1.0,0,0,0,0.0,0.0,1065951.189,77639,113757,0.0,0,0,0.0,0.0,0,0,0.0,0.0,0.0,0.0,0.0,None,0.0,0.0,1.0,1.0,0.0,0.0,0.0,0.0,0.0,0.0,0.0,0,0,0,0.0,0,0.0,0.0,0.0,0.0,0.0,1.0,1.0,0,0,0.0,0.0,0,0,0,0,6359.625,124346.179,1.003,0.2863671481609344,0,0,0,0,0,0,0,0,0,0,0,0,0.8,0.0,0,0,0,0,0,0,0,1,0,0,0,0.0,0,0.0,0.0,1,0.0,0,0,0.0,0,0,1,0,0.0,0,0.0,0.0,0.0,30.0,0.05,30.0,75900,0,25258,0
FRCC_landbasedwind_class3_moderate_1_anyQual_0,FRCC,LandbasedWind_Class3_Moderate_,1_anyQual_0,594,4,1,0,1,0,0,0,0,0,0.0,0.0,0,0,0.0,779.0,0.0,0.0,0.0,-1,1.0,0,779.4,-1.0,0,0,0,0.0,0.0,1065951.189,84606,120724,0.0,0,0,0.0,0.0,0,0,0.0,0.0,0.0,0.0,0.0,None,0.0,0.0,1.0,1.0,0.0,0.0,0.0,0.0,0.0,0.0,0.0,0,0,0,0.0,0,0.0,0.0,0.0,0.0,0.0,1.0,1.0,0,0,0.0,0.0,0,0,0,0,11837.429,231450.502,1.003,0.3085816204547882,0,0,0,0,0,0,0,0,0,0,0,0,0.8,0.0,0,0,0,0,0,0,0,1,0,0,0,0.0,0,0.0,0.0,1,0.0,0,0,0.0,0,0,1,0,0.0,0,0.0,0.0,0.0,30.0,0.05,30.0,81378,0,25258,0
FRCC_landbasedwind_class3_moderate_2_anyQual_0,FRCC,LandbasedWind_Class3_Moderate_,2_anyQual_0,595,4,1,0,1,0,0,0,0,0,0.0,0.0,0,0,0.0,310.0,0.0,0.0,0.0,-1,1.0,0,310.4,-1.0,0,0,0,0.0,0.0,1065951.189,90471,126589,0.0,0,0,0.0,0.0,0,0,0.0,0.0,0.0,0.0,0.0,None,0.0,0.0,1.0,1.0,0.0,0.0,0.0,0.0,0.0,0.0,0.0,0,0,0,0.0,0,0.0,0.0,0.0,0.0,0.0,1.0,1.0,0,0,0.0,0.0,0,0,0,0,16448.507,321608.2,1.003,0.3388007581233978,0,0,0,0,0,0,0,0,0,0,0,0,0.8,0.0,0,0,0,0,0,0,0,1,0,0,0,0.0,0,0.0,0.0,1,0.0,0,0,0.0,0,0,1,0,0.0,0,0.0,0.0,0.0,30.0,0.05,30.0,85989,0,25258,0
FRCC_landbasedwind_class3_moderate_3_anyQual_1,FRCC,LandbasedWind_Class3_Moderate_,3_anyQual_1,596,4,1,0,1,0,0,0,0,0,0.0,0.0,0,0,0.0,35.7,0.0,0.0,0.0,-1,1.0,0,35.7,-1.0,0,0,0,0.0,0.0,1065951.189,83443,119561,0.0,0,0,0.0,0.0,0,0,0.0,0.0,0.0,0.0,0.0,None,0.0,0.0,1.0,1.0,0.0,0.0,0.0,0.0,0.0,0.0,0.0,0,0,0,0.0,0,0.0,0.0,0.0,0.0,0.0,1.0,1.0,0,0,0.0,0.0,0,0,0,0,10923.032,213571.772,1.003,0.3220627605915069,0,0,0,0,0,0,0,0,0,0,0,0,0.8,0.0,0,0,0,0,0,0,0,1,0,0,0,0.0,0,0.0,0.0,1,0.0,0,0,0.0,0,0,1,0,0.0,0,0.0,0.0,0.0,30.0,0.05,30.0,80464,0,25258,0
FRCC_landbasedwind_class3_moderate_4_anyQual_1,FRCC,LandbasedWind_Class3_Moderate_,4_anyQual_1,597,4,1,0,1,0,0,0,0,0,0.0,0.0,0,0,0.0,5.0,0.0,0.0,0.0,-1,1.0,0,5.5,-1.0,0,0,0,0.0,0.0,1065951.189,106470,142588,0.0,0,0,0.0,0.0,0,0,0.0,0.0,0.0,0.0,0.0,None,0.0,0.0,1.0,1.0,0.0,0.0,0.0,0.0,0.0,0.0,0.0,0,0,0,0.0,0,0.0,0.0,0.0,0.0,0.0,1.0,1.0,0,0,0.0,0.0,0,0,0,0,29027.247,567553.06,1.003,0.3421030342578888,0,0,0,0,0,0,0,0,0,0,0,0,0.8,0.0,0,0,0,0,0,0,0,1,0,0,0,0.0,0,0.0,0.0,1,0.0,0,0,0.0,0,0,1,0,0.0,0,0.0,0.0,0.0,30.0,0.05,30.0,98568,0,25258,0
FRCC_landbasedwind_class3_moderate_5_anyQual_1,FRCC,LandbasedWind_Class3_Moderate_,5_anyQual_1,598,4,1,0,1,0,0,0,0,0,0.0,0.0,0,0,0.0,60.6,0.0,0.0,0.0,-1,1.0,0,60.6,-1.0,0,0,0,0.0,0.0,1065951.189,82705,118823,0.0,0,0,0.0,0.0,0,0,0.0,0.0,0.0,0.0,0.0,None,0.0,0.0,1.0,1.0,0.0,0.0,0.0,0.0,0.0,0.0,0.0,0,0,0,0.0,0,0.0,0.0,0.0,0.0,0.0,1.0,1.0,0,0,0.0,0.0,0,0,0,0,10342.777,202226.367,1.003,0.3084041178226471,0,0,0,0,0,0,0,0,0,0,0,0,0.8,0.0,0,0,0,0,0,0,0,1,0,0,0,0.0,0,0.0,0.0,1,0.0,0,0,0.0,0,0,1,0,0.0,0,0.0,0.0,0.0,30.0,0.05,30.0,79883,0,25258,0
FRCC_landbasedwind_class3_moderate_6_anyQual_0,FRCC,LandbasedWind_Class3_Moderate_,6_anyQual_0,599,4,1,0,1,0,0,0,0,0,0.0,0.0,0,0,0.0,2302.0,0.0,0.0,0.0,-1,1.0,0,2302.4,-1.0,0,0,0,0.0,0.0,1065951.189,82462,118580,0.0,0,0,0.0,0.0,0,0,0.0,0.0,0.0,0.0,0.0,None,0.0,0.0,1.0,1.0,0.0,0.0,0.0,0.0,0.0,0.0,0.0,0,0,0,0.0,0,0.0,0.0,0.0,0.0,0.0,1.0,1.0,0,0,0.0,0.0,0,0,0,0,10152.237,198501.297,1.003,0.2730759978294372,0,0,0,0,0,0,0,0,0,0,0,0,0.8,0.0,0,0,0,0,0,0,0,1,0,0,0,0.0,0,0.0,0.0,1,0.0,0,0,0.0,0,0,1,0,0.0,0,0.0,0.0,0.0,30.0,0.05,30.0,79693,0,25258,0
FRCC_landbasedwind_class3_moderate_7_anyQual_0,FRCC,LandbasedWind_Class3_Moderate_,7_anyQual_0,600,4,1,0,1,0,0,0,0,0,0.0,0.0,0,0,0.0,995.6,0.0,0.0,0.0,-1,1.0,0,995.6,-1.0,0,0,0,0.0,0.0,1065951.189,97775,133893,0.0,0,0,0.0,0.0,0,0,0.0,0.0,0.0,0.0,0.0,None,0.0,0.0,1.0,1.0,0.0,0.0,0.0,0.0,0.0,0.0,0.0,0,0,0,0.0,0,0.0,0.0,0.0,0.0,0.0,1.0,1.0,0,0,0.0,0.0,0,0,0,0,22191.191,433891.597,1.003,0.3436049222946167,0,0,0,0,0,0,0,0,0,0,0,0,0.8,0.0,0,0,0,0,0,0,0,1,0,0,0,0.0,0,0.0,0.0,1,0.0,0,0,0.0,0,0,1,0,0.0,0,0.0,0.0,0.0,30.0,0.05,30.0,91732,0,25258,0
FRCC_landbasedwind_class3_moderate_8_anyQual_0,FRCC,LandbasedWind_Class3_Moderate_,8_anyQual_0,601,4,1,0,1,0,0,0,0,0,0.0,0.0,0,0,0.0,591.6,0.0,0.0,0.0,-1,1.0,0,591.6,-1.0,0,0,0,0.0,0.0,1065951.189,88727,124844,0.0,0,0,0.0,0.0,0,0,0.0,0.0,0.0,0.0,0.0,None,0.0,0.0,1.0,1.0,0.0,0.0,0.0,0.0,0.0,0.0,0.0,0,0,0,0.0,0,0.0,0.0,0.0,0.0,0.0,1.0,1.0,0,0,0.0,0.0,0,0,0,0,15077.172,294795.275,1.003,0.3256770968437195,0,0,0,0,0,0,0,0,0,0,0,0,0.8,0.0,0,0,0,0,0,0,0,1,0,0,0,0.0,0,0.0,0.0,1,0.0,0,0,0.0,0,0,1,0,0.0,0,0.0,0.0,0.0,30.0,0.05,30.0,84618,0,25258,0
FRCC_landbasedwind_class3_moderate_9_anyQual_1,FRCC,LandbasedWind_Class3_Moderate_,9_anyQual_1,602,4,1,0,1,0,0,0,0,0,0.0,0.0,0,0,0.0,99.6,0.0,0.0,0.0,-1,1.0,0,99.6,-1.0,0,0,0,0.0,0.0,1065951.189,81358,117476,0.0,0,0,0.0,0.0,0,0,0.0,0.0,0.0,0.0,0.0,None,0.0,0.0,1.0,1.0,0.0,0.0,0.0,0.0,0.0,0.0,0.0,0,0,0,0.0,0,0.0,0.0,0.0,0.0,0.0,1.0,1.0,0,0,0.0,0.0,0,0,0,0,9283.576,181516.422,1.003,0.2718129754066467,0,0,0,0,0,0,0,0,0,0,0,0,0.8,0.0,0,0,0,0,0,0,0,1,0,0,0,0.0,0,0.0,0.0,1,0.0,0,0,0.0,0,0,1,0,0.0,0,0.0,0.0,0.0,30.0,0.05,30.0,78824,0,25258,0
FRCC_landbasedwind_class3_moderate_10_anyQual_1,FRCC,LandbasedWind_Class3_Moderate_,10_anyQual_1,603,4,1,0,1,0,0,0,0,0,0.0,0.0,0,0,0.0,18.8,0.0,0.0,0.0,-1,1.0,0,18.8,-1.0,0,0,0,0.0,0.0,1065951.189,104621,140739,0.0,0,0,0.0,0.0,0,0,0.0,0.0,0.0,0.0,0.0,None,0.0,0.0,1.0,1.0,0.0,0.0,0.0,0.0,0.0,0.0,0.0,0,0,0,0.0,0,0.0,0.0,0.0,0.0,0.0,1.0,1.0,0,0,0.0,0.0,0,0,0,0,27574.05,539139.553,1.003,0.3279324471950531,0,0,0,0,0,0,0,0,0,0,0,0,0.8,0.0,0,0,0,0,0,0,0,1,0,0,0,0.0,0,0.0,0.0,1,0.0,0,0,0.0,0,0,1,0,0.0,0,0.0,0.0,0.0,30.0,0.05,30.0,97115,0,25258,0
FRCC_landbasedwind_class3_moderate_11_anyQual_1,FRCC,LandbasedWind_Class3_Moderate_,11_anyQual_1,604,4,1,0,1,0,0,0,0,0,0.0,0.0,0,0,0.0,5.9,0.0,0.0,0.0,-1,1.0,0,5.9,-1.0,0,0,0,0.0,0.0,1065951.189,106341,142459,0.0,0,0,0.0,0.0,0,0,0.0,0.0,0.0,0.0,0.0,None,0.0,0.0,1.0,1.0,0.0,0.0,0.0,0.0,0.0,0.0,0.0,0,0,0,0.0,0,0.0,0.0,0.0,0.0,0.0,1.0,1.0,0,0,0.0,0.0,0,0,0,0,28926.291,565579.1,1.003,0.3372096121311188,0,0,0,0,0,0,0,0,0,0,0,0,0.8,0.0,0,0,0,0,0,0,0,1,0,0,0,0.0,0,0.0,0.0,1,0.0,0,0,0.0,0,0,1,0,0.0,0,0.0,0.0,0.0,30.0,0.05,30.0,98467,0,25258,0
FRCC_landbasedwind_class3_moderate_12_anyQual_0,FRCC,LandbasedWind_Class3_Moderate_,12_anyQual_0,605,4,1,0,1,0,0,0,0,0,0.0,0.0,0,0,0.0,2163.9,0.0,0.0,0.0,-1,1.0,0,2163.9,-1.0,0,0,0,0.0,0.0,1065951.189,98789,134907,0.0,0,0,0.0,0.0,0,0,0.0,0.0,0.0,0.0,0.0,None,0.0,0.0,1.0,1.0,0.0,0.0,0.0,0.0,0.0,0.0,0.0,0,0,0,0.0,0,0.0,0.0,0.0,0.0,0.0,1.0,1.0,0,0,0.0,0.0,0,0,0,0,22988.664,449484.185,1.003,0.3291093111038208,0,0,0,0,0,0,0,0,0,0,0,0,0.8,0.0,0,0,0,0,0,0,0,1,0,0,0,0.0,0,0.0,0.0,1,0.0,0,0,0.0,0,0,1,0,0.0,0,0.0,0.0,0.0,30.0,0.05,30.0,92529,0,25258,0
FRCC_landbasedwind_class3_moderate_13_anyQual_0,FRCC,LandbasedWind_Class3_Moderate_,13_anyQual_0,606,4,1,0,1,0,0,0,0,0,0.0,0.0,0,0,0.0,1387.0,0.0,0.0,0.0,-1,1.0,0,1387.2,-1.0,0,0,0,0.0,0.0,1065951.189,84943,121060,0.0,0,0,0.0,0.0,0,0,0.0,0.0,0.0,0.0,0.0,None,0.0,0.0,1.0,1.0,0.0,0.0,0.0,0.0,0.0,0.0,0.0,0,0,0,0.0,0,0.0,0.0,0.0,0.0,0.0,1.0,1.0,0,0,0.0,0.0,0,0,0,0,12102.482,236634.595,1.003,0.264417290687561,0,0,0,0,0,0,0,0,0,0,0,0,0.8,0.0,0,0,0,0,0,0,0,1,0,0,0,0.0,0,0.0,0.0,1,0.0,0,0,0.0,0,0,1,0,0.0,0,0.0,0.0,0.0,30.0,0.05,30.0,81643,0,25258,0
FRCC_landbasedwind_class3_moderate_14_anyQual_0,FRCC,LandbasedWind_Class3_Moderate_,14_anyQual_0,607,4,1,0,1,0,0,0,0,0,0.0,0.0,0,0,0.0,182.0,0.0,0.0,0.0,-1,1.0,0,182.3,-1.0,0,0,0,0.0,0.0,1065951.189,83468,119586,0.0,0,0,0.0,0.0,0,0,0.0,0.0,0.0,0.0,0.0,None,0.0,0.0,1.0,1.0,0.0,0.0,0.0,0.0,0.0,0.0,0.0,0,0,0,0.0,0,0.0,0.0,0.0,0.0,0.0,1.0,1.0,0,0,0.0,0.0,0,0,0,0,10942.548,213955.693,1.003,0.3048867285251617,0,0,0,0,0,0,0,0,0,0,0,0,0.8,0.0,0,0,0,0,0,0,0,1,0,0,0,0.0,0,0.0,0.0,1,0.0,0,0,0.0,0,0,1,0,0.0,0,0.0,0.0,0.0,30.0,0.05,30.0,80483,0,25258,0
FRCC_landbasedwind_class3_moderate_15_anyQual_1,FRCC,LandbasedWind_Class3_Moderate_,15_anyQual_1,608,4,1,0,1,0,0,0,0,0,0.0,0.0,0,0,0.0,0.0,0.0,0.0,0.0,-1,1.0,0,111.6,-1.0,0,0,0,0.0,0.0,1065951.189,107318,0,0.0,0,0,0.0,0.0,0,0,0.0,0.0,0.0,0.0,0.0,None,0.0,0.0,1.0,1.0,0.0,0.0,0.0,0.0,0.0,0.0,0.0,0,0,0,0.0,0,0.0,0.0,0.0,0.0,0.0,1.0,1.0,0,0,0.0,0.0,0,0,0,0,29693.861,580587.04,1.003,0.3168984353542328,0,0,0,0,0,0,0,0,0,0,0,0,0.8,0.0,0,0,0,0,0,0,0,1,0,0,0,0.0,0,0.0,0.0,1,0.0,0,0,0.0,0,0,1,0,0.0,0,0.0,0.0,0.0,30.0,0.05,30.0,99234,0,25258,0
FRCC_landbasedwind_class3_moderate_16_anyQual_1,FRCC,LandbasedWind_Class3_Moderate_,16_anyQual_1,609,4,1,0,1,0,0,0,0,0,0.0,0.0,0,0,0.0,71.0,0.0,0.0,0.0,-1,1.0,0,71.3,-1.0,0,0,0,0.0,0.0,1065951.189,90871,126989,0.0,0,0,0.0,0.0,0,0,0.0,0.0,0.0,0.0,0.0,None,0.0,0.0,1.0,1.0,0.0,0.0,0.0,0.0,0.0,0.0,0.0,0,0,0,0.0,0,0.0,0.0,0.0,0.0,0.0,1.0,1.0,0,0,0.0,0.0,0,0,0,0,16763.345,327764.06,1.003,0.2696220874786377,0,0,0,0,0,0,0,0,0,0,0,0,0.8,0.0,0,0,0,0,0,0,0,1,0,0,0,0.0,0,0.0,0.0,1,0.0,0,0,0.0,0,0,1,0,0.0,0,0.0,0.0,0.0,30.0,0.05,30.0,86304,0,25258,0
FRCC_landbasedwind_class3_moderate_17_anyQual_1,FRCC,LandbasedWind_Class3_Moderate_,17_anyQual_1,610,4,1,0,1,0,0,0,0,0,0.0,0.0,0,0,0.0,5.8,0.0,0.0,0.0,-1,1.0,0,5.8,-1.0,0,0,0,0.0,0.0,1065951.189,99934,136052,0.0,0,0,0.0,0.0,0,0,0.0,0.0,0.0,0.0,0.0,None,0.0,0.0,1.0,1.0,0.0,0.0,0.0,0.0,0.0,0.0,0.0,0,0,0,0.0,0,0.0,0.0,0.0,0.0,0.0,1.0,1.0,0,0,0.0,0.0,0,0,0,0,23888.492,467077.97,1.003,0.3335383534431457,0,0,0,0,0,0,0,0,0,0,0,0,0.8,0.0,0,0,0,0,0,0,0,1,0,0,0,0.0,0,0.0,0.0,1,0.0,0,0,0.0,0,0,1,0,0.0,0,0.0,0.0,0.0,30.0,0.05,30.0,93429,0,25258,0
FRCC_landbasedwind_class3_moderate_18_anyQual_0,FRCC,LandbasedWind_Class3_Moderate_,18_anyQual_0,611,4,1,0,1,0,0,0,0,0,0.0,0.0,0,0,0.0,2389.0,0.0,0.0,0.0,-1,1.0,0,2389.3,-1.0,0,0,0,0.0,0.0,1065951.189,101135,137253,0.0,0,0,0.0,0.0,0,0,0.0,0.0,0.0,0.0,0.0,None,0.0,0.0,1.0,1.0,0.0,0.0,0.0,0.0,0.0,0.0,0.0,0,0,0,0.0,0,0.0,0.0,0.0,0.0,0.0,1.0,1.0,0,0,0.0,0.0,0,0,0,0,24832.743,485541.365,1.003,0.3161860704421997,0,0,0,0,0,0,0,0,0,0,0,0,0.8,0.0,0,0,0,0,0,0,0,1,0,0,0,0.0,0,0.0,0.0,1,0.0,0,0,0.0,0,0,1,0,0.0,0,0.0,0.0,0.0,30.0,0.05,30.0,94373,0,25258,0
FRCC_landbasedwind_class3_moderate_19_anyQual_0,FRCC,LandbasedWind_Class3_Moderate_,19_anyQual_0,612,4,1,0,1,0,0,0,0,0,0.0,0.0,0,0,0.0,0.0,0.0,0.0,0.0,-1,1.0,0,1052.1,-1.0,0,0,0,0.0,0.0,1065951.189,91823,0,0.0,0,0,0.0,0.0,0,0,0.0,0.0,0.0,0.0,0.0,None,0.0,0.0,1.0,1.0,0.0,0.0,0.0,0.0,0.0,0.0,0.0,0,0,0,0.0,0,0.0,0.0,0.0,0.0,0.0,1.0,1.0,0,0,0.0,0.0,0,0,0,0,17511.912,342402.539,1.003,0.2611894309520721,0,0,0,0,0,0,0,0,0,0,0,0,0.8,0.0,0,0,0,0,0,0,0,1,0,0,0,0.0,0,0.0,0.0,1,0.0,0,0,0.0,0,0,1,0,0.0,0,0.0,0.0,0.0,30.0,0.05,30.0,87052,0,25258,0
FRCC_landbasedwind_class3_moderate_20_anyQual_0,FRCC,LandbasedWind_Class3_Moderate_,20_anyQual_0,613,4,1,0,1,0,0,0,0,0,0.0,0.0,0,0,0.0,0.0,0.0,0.0,0.0,-1,1.0,0,332.4,-1.0,0,0,0,0.0,0.0,1065951.189,110568,0,0.0,0,0,0.0,0.0,0,0,0.0,0.0,0.0,0.0,0.0,None,0.0,0.0,1.0,1.0,0.0,0.0,0.0,0.0,0.0,0.0,0.0,0,0,0,0.0,0,0.0,0.0,0.0,0.0,0.0,1.0,1.0,0,0,0.0,0.0,0,0,0,0,32248.527,630551.757,1.003,0.2938293516635895,0,0,0,0,0,0,0,0,0,0,0,0,0.8,0.0,0,0,0,0,0,0,0,1,0,0,0,0.0,0,0.0,0.0,1,0.0,0,0,0.0,0,0,1,0,0.0,0,0.0,0.0,0.0,30.0,0.05,30.0,101789,0,25258,0
FRCC_landbasedwind_class3_moderate_21_anyQual_1,FRCC,LandbasedWind_Class3_Moderate_,21_anyQual_1,614,4,1,0,1,0,0,0,0,0,0.0,0.0,0,0,0.0,0.0,0.0,0.0,0.0,-1,1.0,0,53.1,-1.0,0,0,0,0.0,0.0,1065951.189,95924,0,0.0,0,0,0.0,0.0,0,0,0.0,0.0,0.0,0.0,0.0,None,0.0,0.0,1.0,1.0,0.0,0.0,0.0,0.0,0.0,0.0,0.0,0,0,0,0.0,0,0.0,0.0,0.0,0.0,0.0,1.0,1.0,0,0,0.0,0.0,0,0,0,0,20736.228,405443.51,1.003,0.2623744606971741,0,0,0,0,0,0,0,0,0,0,0,0,0.8,0.0,0,0,0,0,0,0,0,1,0,0,0,0.0,0,0.0,0.0,1,0.0,0,0,0.0,0,0,1,0,0.0,0,0.0,0.0,0.0,30.0,0.05,30.0,90277,0,25258,0
FRCC_landbasedwind_class3_moderate_22_anyQual_1,FRCC,LandbasedWind_Class3_Moderate_,22_anyQual_1,615,4,1,0,1,0,0,0,0,0,0.0,0.0,0,0,0.0,0.0,0.0,0.0,0.0,-1,1.0,0,50.8,-1.0,0,0,0,0.0,0.0,1065951.189,108237,0,0.0,0,0,0.0,0.0,0,0,0.0,0.0,0.0,0.0,0.0,None,0.0,0.0,1.0,1.0,0.0,0.0,0.0,0.0,0.0,0.0,0.0,0,0,0,0.0,0,0.0,0.0,0.0,0.0,0.0,1.0,1.0,0,0,0.0,0.0,0,0,0,0,30416.118,594722.919,1.003,0.2968118786811828,0,0,0,0,0,0,0,0,0,0,0,0,0.8,0.0,0,0,0,0,0,0,0,1,0,0,0,0.0,0,0.0,0.0,1,0.0,0,0,0.0,0,0,1,0,0.0,0,0.0,0.0,0.0,30.0,0.05,30.0,99957,0,25258,0
FRCC_landbasedwind_class3_moderate_23_anyQual_1,FRCC,LandbasedWind_Class3_Moderate_,23_anyQual_1,616,4,1,0,1,0,0,0,0,0,0.0,0.0,0,0,0.0,0.0,0.0,0.0,0.0,-1,1.0,0,92.5,-1.0,0,0,0,0.0,0.0,1065951.189,106666,0,0.0,0,0,0.0,0.0,0,0,0.0,0.0,0.0,0.0,0.0,None,0.0,0.0,1.0,1.0,0.0,0.0,0.0,0.0,0.0,0.0,0.0,0,0,0,0.0,0,0.0,0.0,0.0,0.0,0.0,1.0,1.0,0,0,0.0,0.0,0,0,0,0,29181.234,570563.951,1.003,0.3119007349014282,0,0,0,0,0,0,0,0,0,0,0,0,0.8,0.0,0,0,0,0,0,0,0,1,0,0,0,0.0,0,0.0,0.0,1,0.0,0,0,0.0,0,0,1,0,0.0,0,0.0,0.0,0.0,30.0,0.05,30.0,98722,0,25258,0
FRCC_utilitypv_class1_moderate_0_anyQual_0,FRCC,UtilityPV_Class1_Moderate_,0_anyQual_0,617,4,1,0,1,0,0,0,0,0,0.0,0.0,0,0,0.0,4237.0,0.0,0.0,0.0,-1,1.0,0,15726.5,-1.0,0,0,0,0.0,0.0,871935.36,58576,96425,0.0,0,0,0.0,0.0,0,0,0.0,0.0,0.0,0.0,0.0,None,0.0,0.0,1.0,1.0,0.0,0.0,0.0,0.0,0.0,0.0,0.0,0,0,0,0.0,0,0.0,0.0,0.0,0.0,0.0,1.0,1.0,0,0,0.0,0.0,0,0,0,0,3688.728,72123.579,0.95,0.2402108013629913,0,0,0,0,0,0,0,0,0,0,0,0,0.8,0.0,0,0,0,0,0,0,0,1,0,0,0,0.0,0,0.0,0.0,1,0.0,0,0,0.0,0,0,1,0,0.0,0,0.0,0.0,0.0,30.0,0.05,30.0,57596,0,15760,0
FRCC_utilitypv_class1_moderate_1_anyQual_0,FRCC,UtilityPV_Class1_Moderate_,1_anyQual_0,618,4,1,0,1,0,0,0,0,0,0.0,0.0,0,0,0.0,17433.0,0.0,0.0,0.0,-1,1.0,0,17434.2,-1.0,0,0,0,0.0,0.0,871935.36,59045,96892,0.0,0,0,0.0,0.0,0,0,0.0,0.0,0.0,0.0,0.0,None,0.0,0.0,1.0,1.0,0.0,0.0,0.0,0.0,0.0,0.0,0.0,0,0,0,0.0,0,0.0,0.0,0.0,0.0,0.0,1.0,1.0,0,0,0.0,0.0,0,0,0,0,4056.841,79321.073,0.95,0.2428329885005951,0,0,0,0,0,0,0,0,0,0,0,0,0.8,0.0,0,0,0,0,0,0,0,1,0,0,0,0.0,0,0.0,0.0,1,0.0,0,0,0.0,0,0,1,0,0.0,0,0.0,0.0,0.0,30.0,0.05,30.0,57964,0,15760,0
FRCC_utilitypv_class1_moderate_2_anyQual_0,FRCC,UtilityPV_Class1_Moderate_,2_anyQual_0,619,4,1,0,1,0,0,0,0,0,0.0,0.0,0,0,0.0,6613.0,0.0,0.0,0.0,-1,1.0,0,6613.2,-1.0,0,0,0,0.0,0.0,871935.36,58974,96823,0.0,0,0,0.0,0.0,0,0,0.0,0.0,0.0,0.0,0.0,None,0.0,0.0,1.0,1.0,0.0,0.0,0.0,0.0,0.0,0.0,0.0,0,0,0,0.0,0,0.0,0.0,0.0,0.0,0.0,1.0,1.0,0,0,0.0,0.0,0,0,0,0,4001.749,78243.902,0.95,0.2455707043409347,0,0,0,0,0,0,0,0,0,0,0,0,0.8,0.0,0,0,0,0,0,0,0,1,0,0,0,0.0,0,0.0,0.0,1,0.0,0,0,0.0,0,0,1,0,0.0,0,0.0,0.0,0.0,30.0,0.05,30.0,57909,0,15760,0
FRCC_utilitypv_class1_moderate_3_anyQual_1,FRCC,UtilityPV_Class1_Moderate_,3_anyQual_1,620,4,1,0,1,0,0,0,0,0,0.0,0.0,0,0,0.0,292.6,0.0,0.0,0.0,-1,1.0,0,292.6,-1.0,0,0,0,0.0,0.0,871935.36,57070,94919,0.0,0,0,0.0,0.0,0,0,0.0,0.0,0.0,0.0,0.0,None,0.0,0.0,1.0,1.0,0.0,0.0,0.0,0.0,0.0,0.0,0.0,0,0,0,0.0,0,0.0,0.0,0.0,0.0,0.0,1.0,1.0,0,0,0.0,0.0,0,0,0,0,2504.565,48970.315,0.95,0.2418996691703796,0,0,0,0,0,0,0,0,0,0,0,0,0.8,0.0,0,0,0,0,0,0,0,1,0,0,0,0.0,0,0.0,0.0,1,0.0,0,0,0.0,0,0,1,0,0.0,0,0.0,0.0,0.0,30.0,0.05,30.0,56412,0,15760,0
FRCC_utilitypv_class1_moderate_4_anyQual_0,FRCC,UtilityPV_Class1_Moderate_,4_anyQual_0,621,4,1,0,1,0,0,0,0,0,0.0,0.0,0,0,0.0,0.0,0.0,0.0,0.0,-1,1.0,0,10586.9,-1.0,0,0,0,0.0,0.0,871935.36,64356,0,0.0,0,0,0.0,0.0,0,0,0.0,0.0,0.0,0.0,0.0,None,0.0,0.0,1.0,1.0,0.0,0.0,0.0,0.0,0.0,0.0,0.0,0,0,0,0.0,0,0.0,0.0,0.0,0.0,0.0,1.0,1.0,0,0,0.0,0.0,0,0,0,0,8232.982,160974.782,0.95,0.2392119467258453,0,0,0,0,0,0,0,0,0,0,0,0,0.8,0.0,0,0,0,0,0,0,0,1,0,0,0,0.0,0,0.0,0.0,1,0.0,0,0,0.0,0,0,1,0,0.0,0,0.0,0.0,0.0,30.0,0.05,30.0,62140,0,15760,0
FRCC_utilitypv_class1_moderate_5_anyQual_0,FRCC,UtilityPV_Class1_Moderate_,5_anyQual_0,622,4,1,0,1,0,0,0,0,0,0.0,0.0,0,0,0.0,0.0,0.0,0.0,0.0,-1,1.0,0,16324.2,-1.0,0,0,0,0.0,0.0,871935.36,65655,0,0.0,0,0,0.0,0.0,0,0,0.0,0.0,0.0,0.0,0.0,None,0.0,0.0,1.0,1.0,0.0,0.0,0.0,0.0,0.0,0.0,0.0,0,0,0,0.0,0,0.0,0.0,0.0,0.0,0.0,1.0,1.0,0,0,0.0,0.0,0,0,0,0,9254.096,180940.03,0.95,0.2425099313259124,0,0,0,0,0,0,0,0,0,0,0,0,0.8,0.0,0,0,0,0,0,0,0,1,0,0,0,0.0,0,0.0,0.0,1,0.0,0,0,0.0,0,0,1,0,0.0,0,0.0,0.0,0.0,30.0,0.05,30.0,63162,0,15760,0
FRCC_utilitypv_class1_moderate_6_anyQual_0,FRCC,UtilityPV_Class1_Moderate_,6_anyQual_0,623,4,1,0,1,0,0,0,0,0,0.0,0.0,0,0,0.0,0.0,0.0,0.0,0.0,-1,1.0,0,11465.4,-1.0,0,0,0,0.0,0.0,871935.36,67562,0,0.0,0,0,0.0,0.0,0,0,0.0,0.0,0.0,0.0,0.0,None,0.0,0.0,1.0,1.0,0.0,0.0,0.0,0.0,0.0,0.0,0.0,0,0,0,0.0,0,0.0,0.0,0.0,0.0,0.0,1.0,1.0,0,0,0.0,0.0,0,0,0,0,10753.106,210249.412,0.95,0.2447572648525238,0,0,0,0,0,0,0,0,0,0,0,0,0.8,0.0,0,0,0,0,0,0,0,1,0,0,0,0.0,0,0.0,0.0,1,0.0,0,0,0.0,0,0,1,0,0.0,0,0.0,0.0,0.0,30.0,0.05,30.0,64661,0,15760,0
FRCC_utilitypv_class1_moderate_7_anyQual_1,FRCC,UtilityPV_Class1_Moderate_,7_anyQual_1,624,4,1,0,1,0,0,0,0,0,0.0,0.0,0,0,0.0,0.0,0.0,0.0,0.0,-1,1.0,0,1578.9,-1.0,0,0,0,0.0,0.0,871935.36,66797,0,0.0,0,0,0.0,0.0,0,0,0.0,0.0,0.0,0.0,0.0,None,0.0,0.0,1.0,1.0,0.0,0.0,0.0,0.0,0.0,0.0,0.0,0,0,0,0.0,0,0.0,0.0,0.0,0.0,0.0,1.0,1.0,0,0,0.0,0.0,0,0,0,0,10151.595,198488.289,0.95,0.2395299077033996,0,0,0,0,0,0,0,0,0,0,0,0,0.8,0.0,0,0,0,0,0,0,0,1,0,0,0,0.0,0,0.0,0.0,1,0.0,0,0,0.0,0,0,1,0,0.0,0,0.0,0.0,0.0,30.0,0.05,30.0,64059,0,15760,0
FRCC_utilitypv_class1_moderate_8_anyQual_0,FRCC,UtilityPV_Class1_Moderate_,8_anyQual_0,625,4,1,0,1,0,0,0,0,0,0.0,0.0,0,0,0.0,0.0,0.0,0.0,0.0,-1,1.0,0,9878.4,-1.0,0,0,0,0.0,0.0,871935.36,70955,0,0.0,0,0,0.0,0.0,0,0,0.0,0.0,0.0,0.0,0.0,None,0.0,0.0,1.0,1.0,0.0,0.0,0.0,0.0,0.0,0.0,0.0,0,0,0,0.0,0,0.0,0.0,0.0,0.0,0.0,1.0,1.0,0,0,0.0,0.0,0,0,0,0,13420.893,262411.864,0.95,0.2398590147495269,0,0,0,0,0,0,0,0,0,0,0,0,0.8,0.0,0,0,0,0,0,0,0,1,0,0,0,0.0,0,0.0,0.0,1,0.0,0,0,0.0,0,0,1,0,0.0,0,0.0,0.0,0.0,30.0,0.05,30.0,67328,0,15760,0
FRCC_utilitypv_class1_moderate_9_anyQual_0,FRCC,UtilityPV_Class1_Moderate_,9_anyQual_0,626,4,1,0,1,0,0,0,0,0,0.0,0.0,0,0,0.0,0.0,0.0,0.0,0.0,-1,1.0,0,20833.9,-1.0,0,0,0,0.0,0.0,871935.36,72257,0,0.0,0,0,0.0,0.0,0,0,0.0,0.0,0.0,0.0,0.0,None,0.0,0.0,1.0,1.0,0.0,0.0,0.0,0.0,0.0,0.0,0.0,0,0,0,0.0,0,0.0,0.0,0.0,0.0,0.0,1.0,1.0,0,0,0.0,0.0,0,0,0,0,14444.698,282430.519,0.95,0.2426265627145767,0,0,0,0,0,0,0,0,0,0,0,0,0.8,0.0,0,0,0,0,0,0,0,1,0,0,0,0.0,0,0.0,0.0,1,0.0,0,0,0.0,0,0,1,0,0.0,0,0.0,0.0,0.0,30.0,0.05,30.0,68352,0,15760,0
FRCC_utilitypv_class1_moderate_10_anyQual_0,FRCC,UtilityPV_Class1_Moderate_,10_anyQual_0,627,4,1,0,1,0,0,0,0,0,0.0,0.0,0,0,0.0,0.0,0.0,0.0,0.0,-1,1.0,0,8314.9,-1.0,0,0,0,0.0,0.0,871935.36,72727,0,0.0,0,0,0.0,0.0,0,0,0.0,0.0,0.0,0.0,0.0,None,0.0,0.0,1.0,1.0,0.0,0.0,0.0,0.0,0.0,0.0,0.0,0,0,0,0.0,0,0.0,0.0,0.0,0.0,0.0,1.0,1.0,0,0,0.0,0.0,0,0,0,0,14814.058,289653.11,0.95,0.244488850235939,0,0,0,0,0,0,0,0,0,0,0,0,0.8,0.0,0,0,0,0,0,0,0,1,0,0,0,0.0,0,0.0,0.0,1,0.0,0,0,0.0,0,0,1,0,0.0,0,0.0,0.0,0.0,30.0,0.05,30.0,68722,0,15760,0
FRCC_utilitypv_class1_moderate_11_anyQual_1,FRCC,UtilityPV_Class1_Moderate_,11_anyQual_1,628,4,1,0,1,0,0,0,0,0,0.0,0.0,0,0,0.0,0.0,0.0,0.0,0.0,-1,1.0,0,1007.0,-1.0,0,0,0,0.0,0.0,871935.36,70507,0,0.0,0,0,0.0,0.0,0,0,0.0,0.0,0.0,0.0,0.0,None,0.0,0.0,1.0,1.0,0.0,0.0,0.0,0.0,0.0,0.0,0.0,0,0,0,0.0,0,0.0,0.0,0.0,0.0,0.0,1.0,1.0,0,0,0.0,0.0,0,0,0,0,13069.096,255534.112,0.95,0.2409094870090484,0,0,0,0,0,0,0,0,0,0,0,0,0.8,0.0,0,0,0,0,0,0,0,1,0,0,0,0.0,0,0.0,0.0,1,0.0,0,0,0.0,0,0,1,0,0.0,0,0.0,0.0,0.0,30.0,0.05,30.0,66977,0,15760,0
FRCC_utilitypv_class1_moderate_12_anyQual_0,FRCC,UtilityPV_Class1_Moderate_,12_anyQual_0,629,4,1,0,1,0,0,0,0,0,0.0,0.0,0,0,0.0,0.0,0.0,0.0,0.0,-1,1.0,0,15832.6,-1.0,0,0,0,0.0,0.0,871935.36,75633,0,0.0,0,0,0.0,0.0,0,0,0.0,0.0,0.0,0.0,0.0,None,0.0,0.0,1.0,1.0,0.0,0.0,0.0,0.0,0.0,0.0,0.0,0,0,0,0.0,0,0.0,0.0,0.0,0.0,0.0,1.0,1.0,0,0,0.0,0.0,0,0,0,0,17098.658,334321.895,0.95,0.2409373372793197,0,0,0,0,0,0,0,0,0,0,0,0,0.8,0.0,0,0,0,0,0,0,0,1,0,0,0,0.0,0,0.0,0.0,1,0.0,0,0,0.0,0,0,1,0,0.0,0,0.0,0.0,0.0,30.0,0.05,30.0,71006,0,15760,0
FRCC_utilitypv_class1_moderate_13_anyQual_0,FRCC,UtilityPV_Class1_Moderate_,13_anyQual_0,630,4,1,0,1,0,0,0,0,0,0.0,0.0,0,0,0.0,0.0,0.0,0.0,0.0,-1,1.0,0,7690.8,-1.0,0,0,0,0.0,0.0,871935.36,77246,0,0.0,0,0,0.0,0.0,0,0,0.0,0.0,0.0,0.0,0.0,None,0.0,0.0,1.0,1.0,0.0,0.0,0.0,0.0,0.0,0.0,0.0,0,0,0,0.0,0,0.0,0.0,0.0,0.0,0.0,1.0,1.0,0,0,0.0,0.0,0,0,0,0,18367.194,359123.2,0.95,0.246106207370758,0,0,0,0,0,0,0,0,0,0,0,0,0.8,0.0,0,0,0,0,0,0,0,1,0,0,0,0.0,0,0.0,0.0,1,0.0,0,0,0.0,0,0,1,0,0.0,0,0.0,0.0,0.0,30.0,0.05,30.0,72275,0,15760,0
FRCC_utilitypv_class1_moderate_14_anyQual_0,FRCC,UtilityPV_Class1_Moderate_,14_anyQual_0,631,4,1,0,1,0,0,0,0,0,0.0,0.0,0,0,0.0,0.0,0.0,0.0,0.0,-1,1.0,0,16140.0,-1.0,0,0,0,0.0,0.0,871935.36,76561,0,0.0,0,0,0.0,0.0,0,0,0.0,0.0,0.0,0.0,0.0,None,0.0,0.0,1.0,1.0,0.0,0.0,0.0,0.0,0.0,0.0,0.0,0,0,0,0.0,0,0.0,0.0,0.0,0.0,0.0,1.0,1.0,0,0,0.0,0.0,0,0,0,0,17828.569,348592.373,0.95,0.2433443367481231,0,0,0,0,0,0,0,0,0,0,0,0,0.8,0.0,0,0,0,0,0,0,0,1,0,0,0,0.0,0,0.0,0.0,1,0.0,0,0,0.0,0,0,1,0,0.0,0,0.0,0.0,0.0,30.0,0.05,30.0,71736,0,15760,0
FRCC_utilitypv_class1_moderate_15_anyQual_1,FRCC,UtilityPV_Class1_Moderate_,15_anyQual_1,632,4,1,0,1,0,0,0,0,0,0.0,0.0,0,0,0.0,0.0,0.0,0.0,0.0,-1,1.0,0,305.8,-1.0,0,0,0,0.0,0.0,871935.36,76033,0,0.0,0,0,0.0,0.0,0,0,0.0,0.0,0.0,0.0,0.0,None,0.0,0.0,1.0,1.0,0.0,0.0,0.0,0.0,0.0,0.0,0.0,0,0,0,0.0,0,0.0,0.0,0.0,0.0,0.0,1.0,1.0,0,0,0.0,0.0,0,0,0,0,17413.746,340480.962,0.95,0.2428933531045913,0,0,0,0,0,0,0,0,0,0,0,0,0.8,0.0,0,0,0,0,0,0,0,1,0,0,0,0.0,0,0.0,0.0,1,0.0,0,0,0.0,0,0,1,0,0.0,0,0.0,0.0,0.0,30.0,0.05,30.0,71321,0,15760,0
FRCC_utilitypv_class1_moderate_16_anyQual_0,FRCC,UtilityPV_Class1_Moderate_,16_anyQual_0,633,4,1,0,1,0,0,0,0,0,0.0,0.0,0,0,0.0,0.0,0.0,0.0,0.0,-1,1.0,0,12261.0,-1.0,0,0,0,0.0,0.0,871935.36,78919,0,0.0,0,0,0.0,0.0,0,0,0.0,0.0,0.0,0.0,0.0,None,0.0,0.0,1.0,1.0,0.0,0.0,0.0,0.0,0.0,0.0,0.0,0,0,0,0.0,0,0.0,0.0,0.0,0.0,0.0,1.0,1.0,0,0,0.0,0.0,0,0,0,0,19682.333,384838.101,0.95,0.2409279346466064,0,0,0,0,0,0,0,0,0,0,0,0,0.8,0.0,0,0,0,0,0,0,0,1,0,0,0,0.0,0,0.0,0.0,1,0.0,0,0,0.0,0,0,1,0,0.0,0,0.0,0.0,0.0,30.0,0.05,30.0,73590,0,15760,0
FRCC_utilitypv_class1_moderate_17_anyQual_0,FRCC,UtilityPV_Class1_Moderate_,17_anyQual_0,634,4,1,0,1,0,0,0,0,0,0.0,0.0,0,0,0.0,0.0,0.0,0.0,0.0,-1,1.0,0,17934.1,-1.0,0,0,0,0.0,0.0,871935.36,82325,0,0.0,0,0,0.0,0.0,0,0,0.0,0.0,0.0,0.0,0.0,None,0.0,0.0,1.0,1.0,0.0,0.0,0.0,0.0,0.0,0.0,0.0,0,0,0,0.0,0,0.0,0.0,0.0,0.0,0.0,1.0,1.0,0,0,0.0,0.0,0,0,0,0,22360.588,437203.722,0.95,0.2495137155055999,0,0,0,0,0,0,0,0,0,0,0,0,0.8,0.0,0,0,0,0,0,0,0,1,0,0,0,0.0,0,0.0,0.0,1,0.0,0,0,0.0,0,0,1,0,0.0,0,0.0,0.0,0.0,30.0,0.05,30.0,76268,0,15760,0
FRCC_utilitypv_class1_moderate_18_anyQual_0,FRCC,UtilityPV_Class1_Moderate_,18_anyQual_0,635,4,1,0,1,0,0,0,0,0,0.0,0.0,0,0,0.0,0.0,0.0,0.0,0.0,-1,1.0,0,9694.0,-1.0,0,0,0,0.0,0.0,871935.36,79903,0,0.0,0,0,0.0,0.0,0,0,0.0,0.0,0.0,0.0,0.0,None,0.0,0.0,1.0,1.0,0.0,0.0,0.0,0.0,0.0,0.0,0.0,0,0,0,0.0,0,0.0,0.0,0.0,0.0,0.0,1.0,1.0,0,0,0.0,0.0,0,0,0,0,20455.723,399958.996,0.95,0.244816318154335,0,0,0,0,0,0,0,0,0,0,0,0,0.8,0.0,0,0,0,0,0,0,0,1,0,0,0,0.0,0,0.0,0.0,1,0.0,0,0,0.0,0,0,1,0,0.0,0,0.0,0.0,0.0,30.0,0.05,30.0,74363,0,15760,0
FRCC_utilitypv_class1_moderate_19_anyQual_1,FRCC,UtilityPV_Class1_Moderate_,19_anyQual_1,636,4,1,0,1,0,0,0,0,0,0.0,0.0,0,0,0.0,0.0,0.0,0.0,0.0,-1,1.0,0,116.3,-1.0,0,0,0,0.0,0.0,871935.36,76538,0,0.0,0,0,0.0,0.0,0,0,0.0,0.0,0.0,0.0,0.0,None,0.0,0.0,1.0,1.0,0.0,0.0,0.0,0.0,0.0,0.0,0.0,0,0,0,0.0,0,0.0,0.0,0.0,0.0,0.0,1.0,1.0,0,0,0.0,0.0,0,0,0,0,17810.303,348234.6,0.95,0.2366696298122406,0,0,0,0,0,0,0,0,0,0,0,0,0.8,0.0,0,0,0,0,0,0,0,1,0,0,0,0.0,0,0.0,0.0,1,0.0,0,0,0.0,0,0,1,0,0.0,0,0.0,0.0,0.0,30.0,0.05,30.0,71718,0,15760,0
FRCC_offshorewind_class3_moderate_fixed_1_1,FRCC,OffShoreWind_Class3_Moderate_fixed_1,1,637,4,1,0,1,0,0,0,0,0,0.0,0.0,0,0,0.0,0.0,0.0,0.0,0.0,-1,1.0,0,474.3,-1.0,0,0,0,0.0,0.0,2642898.3,291068,0,0.0,0,0,0.0,0.0,0,0,0.0,0.0,0.0,0.0,0.0,None,0.0,0.0,1.0,1.0,0.0,0.0,0.0,0.0,0.0,0.0,0.0,0,0,0,0.0,0,0.0,0.0,0.0,0.0,0.0,1.0,1.0,0,0,0.0,0.0,0,0,0,0,93672.652,1831527.451,1.0,0.3934939801692962,0,0,0,0,0,0,0,0,0,0,0,0,0.8,0.0,0,0,0,0,0,0,0,1,0,0,0,0.0,0,0.0,0.0,1,0.0,0,0,0.0,0,0,1,0,0.0,0,0.0,0.0,0.0,30.0,0.05,30.0,265596,0,82811,0
FRCC_offshorewind_class3_moderate_fixed_1_2,FRCC,OffShoreWind_Class3_Moderate_fixed_1,2,638,4,1,0,1,0,0,0,0,0,0.0,0.0,0,0,0.0,0.0,0.0,0.0,0.0,-1,1.0,0,384.9,-1.0,0,0,0,0.0,0.0,2642898.3,291795,0,0.0,0,0,0.0,0.0,0,0,0.0,0.0,0.0,0.0,0.0,None,0.0,0.0,1.0,1.0,0.0,0.0,0.0,0.0,0.0,0.0,0.0,0,0,0,0.0,0,0.0,0.0,0.0,0.0,0.0,1.0,1.0,0,0,0.0,0.0,0,0,0,0,94244.116,1842701.027,1.0,0.3944157361984253,0,0,0,0,0,0,0,0,0,0,0,0,0.8,0.0,0,0,0,0,0,0,0,1,0,0,0,0.0,0,0.0,0.0,1,0.0,0,0,0.0,0,0,1,0,0.0,0,0.0,0.0,0.0,30.0,0.05,30.0,266168,0,82811,0
FRCC_offshorewind_class3_moderate_fixed_1_3,FRCC,OffShoreWind_Class3_Moderate_fixed_1,3,639,4,1,0,1,0,0,0,0,0,0.0,0.0,0,0,0.0,0.0,0.0,0.0,0.0,-1,1.0,0,374.0,-1.0,0,0,0,0.0,0.0,2642898.3,292741,0,0.0,0,0,0.0,0.0,0,0,0.0,0.0,0.0,0.0,0.0,None,0.0,0.0,1.0,1.0,0.0,0.0,0.0,0.0,0.0,0.0,0.0,0,0,0,0.0,0,0.0,0.0,0.0,0.0,0.0,1.0,1.0,0,0,0.0,0.0,0,0,0,0,94987.903,1857243.791,1.0,0.3961159288883209,0,0,0,0,0,0,0,0,0,0,0,0,0.8,0.0,0,0,0,0,0,0,0,1,0,0,0,0.0,0,0.0,0.0,1,0.0,0,0,0.0,0,0,1,0,0.0,0,0.0,0.0,0.0,30.0,0.05,30.0,266911,0,82811,0
FRCC_offshorewind_class3_moderate_fixed_0_1,FRCC,OffShoreWind_Class3_Moderate_fixed_0,1,640,4,1,0,1,0,0,0,0,0,0.0,0.0,0,0,0.0,0.0,0.0,0.0,0.0,-1,1.0,0,129555.4,-1.0,0,0,0,0.0,0.0,2642898.3,243365,0,0.0,0,0,0.0,0.0,0,0,0.0,0.0,0.0,0.0,0.0,None,0.0,0.0,1.0,1.0,0.0,0.0,0.0,0.0,0.0,0.0,0.0,0,0,0,0.0,0,0.0,0.0,0.0,0.0,0.0,1.0,1.0,0,0,0.0,0.0,0,0,0,0,56167.49,1098211.319,1.0,0.2842527329921722,0,0,0,0,0,0,0,0,0,0,0,0,0.8,0.0,0,0,0,0,0,0,0,1,0,0,0,0.0,0,0.0,0.0,1,0.0,0,0,0.0,0,0,1,0,0.0,0,0.0,0.0,0.0,30.0,0.05,30.0,228091,0,82811,0
FRCC_offshorewind_class3_moderate_fixed_0_2,FRCC,OffShoreWind_Class3_Moderate_fixed_0,2,641,4,1,0,1,0,0,0,0,0,0.0,0.0,0,0,0.0,0.0,0.0,0.0,0.0,-1,1.0,0,129428.5,-1.0,0,0,0,0.0,0.0,2642898.3,254391,0,0.0,0,0,0.0,0.0,0,0,0.0,0.0,0.0,0.0,0.0,None,0.0,0.0,1.0,1.0,0.0,0.0,0.0,0.0,0.0,0.0,0.0,0,0,0,0.0,0,0.0,0.0,0.0,0.0,0.0,1.0,1.0,0,0,0.0,0.0,0,0,0,0,64836.606,1267714.043,1.0,0.3005051612854004,0,0,0,0,0,0,0,0,0,0,0,0,0.8,0.0,0,0,0,0,0,0,0,1,0,0,0,0.0,0,0.0,0.0,1,0.0,0,0,0.0,0,0,1,0,0.0,0,0.0,0.0,0.0,30.0,0.05,30.0,236760,0,82811,0
FRCC_offshorewind_class3_moderate_fixed_0_3,FRCC,OffShoreWind_Class3_Moderate_fixed_0,3,642,4,1,0,1,0,0,0,0,0,0.0,0.0,0,0,0.0,0.0,0.0,0.0,0.0,-1,1.0,0,129445.1,-1.0,0,0,0,0.0,0.0,2642898.3,273760,0,0.0,0,0,0.0,0.0,0,0,0.0,0.0,0.0,0.0,0.0,None,0.0,0.0,1.0,1.0,0.0,0.0,0.0,0.0,0.0,0.0,0.0,0,0,0,0.0,0,0.0,0.0,0.0,0.0,0.0,1.0,1.0,0,0,0.0,0.0,0,0,0,0,80064.884,1565462.614,1.0,0.3289712965488434,0,0,0,0,0,0,0,0,0,0,0,0,0.8,0.0,0,0,0,0,0,0,0,1,0,0,0,0.0,0,0.0,0.0,1,0.0,0,0,0.0,0,0,1,0,0.0,0,0.0,0.0,0.0,30.0,0.05,30.0,251988,0,82811,0
FRCC_offshorewind_class12_moderate_floating_0_1,FRCC,OffShoreWind_Class12_Moderate_floating_0,1,643,4,1,0,1,0,0,0,0,0,0.0,0.0,0,0,0.0,0.0,0.0,0.0,0.0,-1,1.0,0,59761.2,-1.0,0,0,0,0.0,0.0,4211164.784,357757,0,0.0,0,0,0.0,0.0,0,0,0.0,0.0,0.0,0.0,0.0,None,0.0,0.0,1.0,1.0,0.0,0.0,0.0,0.0,0.0,0.0,0.0,0,0,0,0.0,0,0.0,0.0,0.0,0.0,0.0,1.0,1.0,0,0,0.0,0.0,0,0,0,0,65896.539,1288437.144,1.0,0.2986100912094116,0,0,0,0,0,0,0,0,0,0,0,0,0.8,0.0,0,0,0,0,0,0,0,1,0,0,0,0.0,0,0.0,0.0,1,0.0,0,0,0.0,0,0,1,0,0.0,0,0.0,0.0,0.0,30.0,0.05,30.0,339838,0,72317,0
FRCC_offshorewind_class12_moderate_floating_0_2,FRCC,OffShoreWind_Class12_Moderate_floating_0,2,644,4,1,0,1,0,0,0,0,0,0.0,0.0,0,0,0.0,0.0,0.0,0.0,0.0,-1,1.0,0,59714.6,-1.0,0,0,0,0.0,0.0,4211164.784,368784,0,0.0,0,0,0.0,0.0,0,0,0.0,0.0,0.0,0.0,0.0,None,0.0,0.0,1.0,1.0,0.0,0.0,0.0,0.0,0.0,0.0,0.0,0,0,0,0.0,0,0.0,0.0,0.0,0.0,0.0,1.0,1.0,0,0,0.0,0.0,0,0,0,0,74566.288,1457951.735,1.0,0.3058165311813354,0,0,0,0,0,0,0,0,0,0,0,0,0.8,0.0,0,0,0,0,0,0,0,1,0,0,0,0.0,0,0.0,0.0,1,0.0,0,0,0.0,0,0,1,0,0.0,0,0.0,0.0,0.0,30.0,0.05,30.0,348508,0,72317,0
FRCC_offshorewind_class12_moderate_floating_0_3,FRCC,OffShoreWind_Class12_Moderate_floating_0,3,645,4,1,0,1,0,0,0,0,0,0.0,0.0,0,0,0.0,0.0,0.0,0.0,0.0,-1,1.0,0,59557.1,-1.0,0,0,0,0.0,0.0,4211164.784,387897,0,0.0,0,0,0.0,0.0,0,0,0.0,0.0,0.0,0.0,0.0,None,0.0,0.0,1.0,1.0,0.0,0.0,0.0,0.0,0.0,0.0,0.0,0,0,0,0.0,0,0.0,0.0,0.0,0.0,0.0,1.0,1.0,0,0,0.0,0.0,0,0,0,0,89593.363,1751767.481,1.0,0.3262938261032104,0,0,0,0,0,0,0,0,0,0,0,0,0.8,0.0,0,0,0,0,0,0,0,1,0,0,0,0.0,0,0.0,0.0,1,0.0,0,0,0.0,0,0,1,0,0.0,0,0.0,0.0,0.0,30.0,0.05,30.0,363535,0,72317,0
ISNE_naturalgas_hframe_cc_moderate_0,ISNE,NaturalGas_H-Frame CC_Moderate,0,646,5,0,1,0,0,0,0,0,0,0.0,0.0,0,0,0.0,9171.0,0.0,0.0,0.0,-1,500.0,0,-1.0,-1.0,0,0,0,0.0,0.0,1096691.96,90953,126143,0.0,0,0,1.72,0.0,0,0,106.0,2.0,6.09,0.0,0.0,new_england_naturalgas,0.3,0.0,1.0,1.0,0.0,0.0,0.0,0.0,0.0,0.0,0.0,0,0,0,0.0,0,0.0,0.0,0.0,0.0,0.0,0.64,0.64,6,6,10.0,97490.0,0,0,0,0,0.0,0.0,1.186,0.0,0,0,0,0,0,0,0,0,0,0,0,0,0.0,0.0,0,0,0,0,0,0,0,0,0,0,0,0.0,0,0.0,0.0,0,0.0,0,0,0.0,0,0,0,0,0.93,0,0.0,0.0,0.0,30.0,0.05,30.0,89216,0,26266,0
ISNE_naturalgas_fframe_ct_moderate_0,ISNE,NaturalGas_F-Frame CT_Moderate,0,647,5,0,1,0,0,0,0,0,0,0.0,0.0,0,0,0.0,0.0,0.0,0.0,0.0,-1,100.0,0,-1.0,-1.0,0,0,0,0.0,0.0,977045.463,78036,0,0.0,0,0,6.15,0.0,0,0,137.0,3.5,9.72,0.0,0.0,new_england_naturalgas,0.3,0.0,1.0,1.0,0.0,0.0,0.0,0.0,0.0,0.0,0.0,0,0,0,0.0,0,0.0,0.0,0.0,0.0,0.0,3.78,3.78,1,1,10.0,97490.0,0,0,0,0,0.0,0.0,1.128,0.0,0,0,0,0,0,0,0,0,0,0,0,0,0.0,0.0,0,0,0,0,0,0,0,0,0,0,0,0.0,0,0.0,0.0,0,0.0,0,0,0.0,0,0,0,0,0.93,0,0.0,0.0,0.0,30.0,0.05,30.0,76343,0,21509,0
ISNE_battery_moderate_0,ISNE,Battery_*_Moderate,0,648,5,0,0,0,0,1,0,0,0,0.0,0.0,0,0,3693.0,1197.0,0.0,0.0,0.0,-1,1.0,0,-1.0,-1.0,0,0,0,0.0,0.0,274910.679,27280,35268,205428.952,20385,34255,0.15,0.15,0,0,0.0,0.0,0.0,0.0,0.0,None,0.0,0.0,0.92,0.92,0.0,1.0,10.0,0.0,0.0,0.0,0.0,0,0,0,0.0,0,0.0,0.0,0.0,0.0,0.0,1.0,1.0,0,0,0.0,0.0,0,0,0,0,0.0,0.0,1.03,0.0,0,0,0,0,0,0,0,0,0,0,0,0,0.0,0.0,0,0,0,0,0,0,0,0,0,0,0,0.0,0,0.0,0.0,0,0.0,0,0,0.0,0,0,0,0,0.95,0,0.0,0.0,0.0,15.0,0.05,15.0,27289,20392,6872,5135
ISNE_nuclear_nuclear_moderate_0,ISNE,Nuclear_Nuclear_Moderate,0,649,5,0,1,0,0,0,0,0,0,0.0,0.0,0,0,0.0,0.0,0.0,0.0,0.0,-1,2000.0,0,-1.0,-1.0,0,0,0,0.0,0.0,7229469.526,505763,0,0.0,0,0,2.36,0.0,0,0,285.0,0.0,10.45,0.0,0.0,new_england_uranium,0.5,0.0,1.0,1.0,0.0,0.0,0.0,0.041666667,0.083333333,0.0,0.0,0,0,0,0.0,0,0.0,0.0,0.0,0.0,0.0,0.25,0.25,24,24,50.0,487450.0,0,0,0,0,0.0,0.0,1.133,0.0,0,0,0,0,0,0,0,0,0,0,0,0,0.0,0.0,0,0,1,0,0,0,0,0,0,0,0,0.0,0,0.0,0.0,0,0.0,0,0,0.0,0,0,0,0,0.93,0,0.0,0.0,0.0,40.0,0.05,40.0,500477,0,145294,0
ISNE_hydrogen_fframe_ct_moderate_0,ISNE,Hydrogen_F-Frame CT_Moderate,0,650,5,0,1,0,0,0,0,0,0,0.0,0.0,0,0,0.0,0.0,0.0,0.0,0.0,-1,100.0,0,-1.0,-1.0,0,0,0,0.0,0.0,1074750.009,78863,0,0.0,0,0,6.15,0.0,0,0,137.0,3.5,9.72,0.0,0.0,hydrogen,0.3,0.0,1.0,1.0,0.0,0.0,0.0,0.0,0.0,0.0,0.0,0,0,0,0.0,0,0.0,0.0,0.0,0.0,0.0,3.78,3.78,1,1,0.0,0.0,0,0,0,0,0.0,0.0,1.128,0.0,0,0,0,0,0,0,0,0,0,0,0,0,0.0,0.0,0,0,1,0,0,0,0,0,0,0,0,0.0,0,0.0,0.0,0,0.0,0,0,0.0,0,0,0,0,0.93,0,0.0,0.0,0.0,30.0,0.05,30.0,78874,0,21509,0
ISNE_hydrogen_hframe_cc_moderate_0,ISNE,Hydrogen_H-Frame CC_Moderate,0,651,5,0,1,0,0,0,0,0,0,0.0,0.0,0,0,0.0,0.0,0.0,0.0,0.0,-1,500.0,0,-1.0,-1.0,0,0,0,0.0,0.0,1206361.156,93072,0,0.0,0,0,1.72,0.0,0,0,106.0,2.0,6.09,0.0,0.0,hydrogen,0.3,0.0,1.0,1.0,0.0,0.0,0.0,0.0,0.0,0.0,0.0,0,0,0,0.0,0,0.0,0.0,0.0,0.0,0.0,0.64,0.64,6,6,0.0,0.0,0,0,0,0,0.0,0.0,1.186,0.0,0,0,0,0,0,0,0,0,0,0,0,0,0.0,0.0,0,0,1,0,0,0,0,0,0,0,0,0.0,0,0.0,0.0,0,0.0,0,0,0.0,0,0,0,0,0.93,0,0.0,0.0,0.0,30.0,0.05,30.0,93035,0,26266,0
ISNE_utilitypv_class1_moderate_0_anyQual_0,ISNE,UtilityPV_Class1_Moderate_,0_anyQual_0,652,5,1,0,1,0,0,0,0,0,0.0,0.0,0,0,0.0,5074.0,0.0,0.0,0.0,-1,1.0,0,25471.0,-1.0,0,0,0,0.0,0.0,871935.36,72981,112136,0.0,0,0,0.0,0.0,0,0,0.0,0.0,0.0,0.0,0.0,None,0.0,0.0,1.0,1.0,0.0,0.0,0.0,0.0,0.0,0.0,0.0,0,0,0,0.0,0,0.0,0.0,0.0,0.0,0.0,1.0,1.0,0,0,0.0,0.0,0,0,0,0,12026.307,235144.3,1.017,0.2479086816310882,0,0,0,0,0,0,0,0,0,0,0,0,0.0,0.0,1,0,1,0,0,0,0,1,0,0,0,0.0,0,0.0,0.0,0,0.0,0,0,0.0,0,0,0,0,0.8,0,0.0,0.0,0.0,30.0,0.05,30.0,69726,0,15760,0
ISNE_utilitypv_class1_moderate_1_anyQual_0,ISNE,UtilityPV_Class1_Moderate_,1_anyQual_0,653,5,1,0,1,0,0,0,0,0,0.0,0.0,0,0,0.0,0.0,0.0,0.0,0.0,-1,1.0,0,13009.6,-1.0,0,0,0,0.0,0.0,871935.36,72789,0,0.0,0,0,0.0,0.0,0,0,0.0,0.0,0.0,0.0,0.0,None,0.0,0.0,1.0,1.0,0.0,0.0,0.0,0.0,0.0,0.0,0.0,0,0,0,0.0,0,0.0,0.0,0.0,0.0,0.0,1.0,1.0,0,0,0.0,0.0,0,0,0,0,11875.009,232185.42,1.017,0.245961844921112,0,0,0,0,0,0,0,0,0,0,0,0,0.0,0.0,1,0,1,0,0,0,0,1,0,0,0,0.0,0,0.0,0.0,0,0.0,0,0,0.0,0,0,0,0,0.8,0,0.0,0.0,0.0,30.0,0.05,30.0,69575,0,15760,0
ISNE_utilitypv_class1_moderate_2_anyQual_0,ISNE,UtilityPV_Class1_Moderate_,2_anyQual_0,654,5,1,0,1,0,0,0,0,0,0.0,0.0,0,0,0.0,592.6,0.0,0.0,0.0,-1,1.0,0,592.6,-1.0,0,0,0,0.0,0.0,871935.36,60223,99378,0.0,0,0,0.0,0.0,0,0,0.0,0.0,0.0,0.0,0.0,None,0.0,0.0,1.0,1.0,0.0,0.0,0.0,0.0,0.0,0.0,0.0,0,0,0,0.0,0,0.0,0.0,0.0,0.0,0.0,1.0,1.0,0,0,0.0,0.0,0,0,0,0,1995.642,39019.641,1.017,0.2419017255306244,0,0,0,0,0,0,0,0,0,0,0,0,0.0,0.0,1,0,1,0,0,0,0,1,0,0,0,0.0,0,0.0,0.0,0,0.0,0,0,0.0,0,0,0,0,0.8,0,0.0,0.0,0.0,30.0,0.05,30.0,59695,0,15760,0
ISNE_utilitypv_class1_moderate_3_anyQual_1,ISNE,UtilityPV_Class1_Moderate_,3_anyQual_1,655,5,1,0,1,0,0,0,0,0,0.0,0.0,0,0,0.0,0.0,0.0,0.0,0.0,-1,1.0,0,944.7,-1.0,0,0,0,0.0,0.0,871935.36,74412,0,0.0,0,0,0.0,0.0,0,0,0.0,0.0,0.0,0.0,0.0,None,0.0,0.0,1.0,1.0,0.0,0.0,0.0,0.0,0.0,0.0,0.0,0,0,0,0.0,0,0.0,0.0,0.0,0.0,0.0,1.0,1.0,0,0,0.0,0.0,0,0,0,0,13151.053,257138.546,1.017,0.2471881508827209,0,0,0,0,0,0,0,0,0,0,0,0,0.0,0.0,1,0,1,0,0,0,0,1,0,0,0,0.0,0,0.0,0.0,0,0.0,0,0,0.0,0,0,0,0,0.8,0,0.0,0.0,0.0,30.0,0.05,30.0,70851,0,15760,0
ISNE_utilitypv_class1_moderate_4_anyQual_0,ISNE,UtilityPV_Class1_Moderate_,4_anyQual_0,656,5,1,0,1,0,0,0,0,0,0.0,0.0,0,0,0.0,0.0,0.0,0.0,0.0,-1,1.0,0,13402.4,-1.0,0,0,0,0.0,0.0,871935.36,90216,0,0.0,0,0,0.0,0.0,0,0,0.0,0.0,0.0,0.0,0.0,None,0.0,0.0,1.0,1.0,0.0,0.0,0.0,0.0,0.0,0.0,0.0,0,0,0,0.0,0,0.0,0.0,0.0,0.0,0.0,1.0,1.0,0,0,0.0,0.0,0,0,0,0,25576.359,500088.472,1.017,0.2446919083595276,0,0,0,0,0,0,0,0,0,0,0,0,0.0,0.0,1,0,1,0,0,0,0,1,0,0,0,0.0,0,0.0,0.0,0,0.0,0,0,0.0,0,0,0,0,0.8,0,0.0,0.0,0.0,30.0,0.05,30.0,83276,0,15760,0
ISNE_utilitypv_class1_moderate_5_anyQual_0,ISNE,UtilityPV_Class1_Moderate_,5_anyQual_0,657,5,1,0,1,0,0,0,0,0,0.0,0.0,0,0,0.0,0.0,0.0,0.0,0.0,-1,1.0,0,9506.7,-1.0,0,0,0,0.0,0.0,871935.36,89633,0,0.0,0,0,0.0,0.0,0,0,0.0,0.0,0.0,0.0,0.0,None,0.0,0.0,1.0,1.0,0.0,0.0,0.0,0.0,0.0,0.0,0.0,0,0,0,0.0,0,0.0,0.0,0.0,0.0,0.0,1.0,1.0,0,0,0.0,0.0,0,0,0,0,25117.783,491123.181,1.017,0.2486297041177749,0,0,0,0,0,0,0,0,0,0,0,0,0.0,0.0,1,0,1,0,0,0,0,1,0,0,0,0.0,0,0.0,0.0,0,0.0,0,0,0.0,0,0,0,0,0.8,0,0.0,0.0,0.0,30.0,0.05,30.0,82817,0,15760,0
ISNE_utilitypv_class1_moderate_6_anyQual_0,ISNE,UtilityPV_Class1_Moderate_,6_anyQual_0,658,5,1,0,1,0,0,0,0,0,0.0,0.0,0,0,0.0,0.0,0.0,0.0,0.0,-1,1.0,0,15748.6,-1.0,0,0,0,0.0,0.0,871935.36,90331,0,0.0,0,0,0.0,0.0,0,0,0.0,0.0,0.0,0.0,0.0,None,0.0,0.0,1.0,1.0,0.0,0.0,0.0,0.0,0.0,0.0,0.0,0,0,0,0.0,0,0.0,0.0,0.0,0.0,0.0,1.0,1.0,0,0,0.0,0.0,0,0,0,0,25666.112,501843.912,1.017,0.2470038831233978,0,0,0,0,0,0,0,0,0,0,0,0,0.0,0.0,1,0,1,0,0,0,0,1,0,0,0,0.0,0,0.0,0.0,0,0.0,0,0,0.0,0,0,0,0,0.8,0,0.0,0.0,0.0,30.0,0.05,30.0,83366,0,15760,0
ISNE_utilitypv_class1_moderate_7_anyQual_1,ISNE,UtilityPV_Class1_Moderate_,7_anyQual_1,659,5,1,0,1,0,0,0,0,0,0.0,0.0,0,0,0.0,0.0,0.0,0.0,0.0,-1,1.0,0,1348.1,-1.0,0,0,0,0.0,0.0,871935.36,90388,0,0.0,0,0,0.0,0.0,0,0,0.0,0.0,0.0,0.0,0.0,None,0.0,0.0,1.0,1.0,0.0,0.0,0.0,0.0,0.0,0.0,0.0,0,0,0,0.0,0,0.0,0.0,0.0,0.0,0.0,1.0,1.0,0,0,0.0,0.0,0,0,0,0,25711.014,502723.44,1.017,0.2453978508710861,0,0,0,0,0,0,0,0,0,0,0,0,0.0,0.0,1,0,1,0,0,0,0,1,0,0,0,0.0,0,0.0,0.0,0,0.0,0,0,0.0,0,0,0,0,0.8,0,0.0,0.0,0.0,30.0,0.05,30.0,83411,0,15760,0
ISNE_utilitypv_class1_moderate_8_anyQual_0,ISNE,UtilityPV_Class1_Moderate_,8_anyQual_0,660,5,1,0,1,0,0,0,0,0,0.0,0.0,0,0,0.0,0.0,0.0,0.0,0.0,-1,1.0,0,19735.5,-1.0,0,0,0,0.0,0.0,871935.36,101298,0,0.0,0,0,0.0,0.0,0,0,0.0,0.0,0.0,0.0,0.0,None,0.0,0.0,1.0,1.0,0.0,0.0,0.0,0.0,0.0,0.0,0.0,0,0,0,0.0,0,0.0,0.0,0.0,0.0,0.0,1.0,1.0,0,0,0.0,0.0,0,0,0,0,34288.713,670437.056,1.017,0.2447768300771713,0,0,0,0,0,0,0,0,0,0,0,0,0.0,0.0,1,0,1,0,0,0,0,1,0,0,0,0.0,0,0.0,0.0,0,0.0,0,0,0.0,0,0,0,0,0.8,0,0.0,0.0,0.0,30.0,0.05,30.0,91988,0,15760,0
ISNE_utilitypv_class1_moderate_9_anyQual_0,ISNE,UtilityPV_Class1_Moderate_,9_anyQual_0,661,5,1,0,1,0,0,0,0,0,0.0,0.0,0,0,0.0,0.0,0.0,0.0,0.0,-1,1.0,0,19633.2,-1.0,0,0,0,0.0,0.0,871935.36,102203,0,0.0,0,0,0.0,0.0,0,0,0.0,0.0,0.0,0.0,0.0,None,0.0,0.0,1.0,1.0,0.0,0.0,0.0,0.0,0.0,0.0,0.0,0,0,0,0.0,0,0.0,0.0,0.0,0.0,0.0,1.0,1.0,0,0,0.0,0.0,0,0,0,0,35000.145,684346.549,1.017,0.2471668422222137,0,0,0,0,0,0,0,0,0,0,0,0,0.0,0.0,1,0,1,0,0,0,0,1,0,0,0,0.0,0,0.0,0.0,0,0.0,0,0,0.0,0,0,0,0,0.8,0,0.0,0.0,0.0,30.0,0.05,30.0,92700,0,15760,0
ISNE_utilitypv_class1_moderate_10_anyQual_0,ISNE,UtilityPV_Class1_Moderate_,10_anyQual_0,662,5,1,0,1,0,0,0,0,0,0.0,0.0,0,0,0.0,0.0,0.0,0.0,0.0,-1,1.0,0,257.5,-1.0,0,0,0,0.0,0.0,871935.36,108311,0,0.0,0,0,0.0,0.0,0,0,0.0,0.0,0.0,0.0,0.0,None,0.0,0.0,1.0,1.0,0.0,0.0,0.0,0.0,0.0,0.0,0.0,0,0,0,0.0,0,0.0,0.0,0.0,0.0,0.0,1.0,1.0,0,0,0.0,0.0,0,0,0,0,39802.416,778253.805,1.017,0.2526543438434601,0,0,0,0,0,0,0,0,0,0,0,0,0.0,0.0,1,0,1,0,0,0,0,1,0,0,0,0.0,0,0.0,0.0,0,0.0,0,0,0.0,0,0,0,0,0.8,0,0.0,0.0,0.0,30.0,0.05,30.0,97502,0,15760,0
ISNE_utilitypv_class1_moderate_11_anyQual_1,ISNE,UtilityPV_Class1_Moderate_,11_anyQual_1,663,5,1,0,1,0,0,0,0,0,0.0,0.0,0,0,0.0,0.0,0.0,0.0,0.0,-1,1.0,0,377.3,-1.0,0,0,0,0.0,0.0,871935.36,100409,0,0.0,0,0,0.0,0.0,0,0,0.0,0.0,0.0,0.0,0.0,None,0.0,0.0,1.0,1.0,0.0,0.0,0.0,0.0,0.0,0.0,0.0,0,0,0,0.0,0,0.0,0.0,0.0,0.0,0.0,1.0,1.0,0,0,0.0,0.0,0,0,0,0,33589.682,656769.602,1.017,0.2461991757154464,0,0,0,0,0,0,0,0,0,0,0,0,0.0,0.0,1,0,1,0,0,0,0,1,0,0,0,0.0,0,0.0,0.0,0,0.0,0,0,0.0,0,0,0,0,0.8,0,0.0,0.0,0.0,30.0,0.05,30.0,91289,0,15760,0
ISNE_utilitypv_class1_moderate_12_anyQual_0,ISNE,UtilityPV_Class1_Moderate_,12_anyQual_0,664,5,1,0,1,0,0,0,0,0,0.0,0.0,0,0,0.0,0.0,0.0,0.0,0.0,-1,1.0,0,22423.8,-1.0,0,0,0,0.0,0.0,871935.36,108096,0,0.0,0,0,0.0,0.0,0,0,0.0,0.0,0.0,0.0,0.0,None,0.0,0.0,1.0,1.0,0.0,0.0,0.0,0.0,0.0,0.0,0.0,0,0,0,0.0,0,0.0,0.0,0.0,0.0,0.0,1.0,1.0,0,0,0.0,0.0,0,0,0,0,39633.515,774943.272,1.017,0.2439556568861007,0,0,0,0,0,0,0,0,0,0,0,0,0.0,0.0,1,0,1,0,0,0,0,1,0,0,0,0.0,0,0.0,0.0,0,0.0,0,0,0.0,0,0,0,0,0.8,0,0.0,0.0,0.0,30.0,0.05,30.0,97333,0,15760,0
ISNE_utilitypv_class1_moderate_13_anyQual_0,ISNE,UtilityPV_Class1_Moderate_,13_anyQual_0,665,5,1,0,1,0,0,0,0,0,0.0,0.0,0,0,0.0,0.0,0.0,0.0,0.0,-1,1.0,0,16288.7,-1.0,0,0,0,0.0,0.0,871935.36,108781,0,0.0,0,0,0.0,0.0,0,0,0.0,0.0,0.0,0.0,0.0,None,0.0,0.0,1.0,1.0,0.0,0.0,0.0,0.0,0.0,0.0,0.0,0,0,0,0.0,0,0.0,0.0,0.0,0.0,0.0,1.0,1.0,0,0,0.0,0.0,0,0,0,0,40172.146,785476.356,1.017,0.2460542768239975,0,0,0,0,0,0,0,0,0,0,0,0,0.0,0.0,1,0,1,0,0,0,0,1,0,0,0,0.0,0,0.0,0.0,0,0.0,0,0,0.0,0,0,0,0,0.8,0,0.0,0.0,0.0,30.0,0.05,30.0,97872,0,15760,0
ISNE_utilitypv_class1_moderate_14_anyQual_0,ISNE,UtilityPV_Class1_Moderate_,14_anyQual_0,666,5,1,0,1,0,0,0,0,0,0.0,0.0,0,0,0.0,0.0,0.0,0.0,0.0,-1,1.0,0,995.2,-1.0,0,0,0,0.0,0.0,871935.36,110099,0,0.0,0,0,0.0,0.0,0,0,0.0,0.0,0.0,0.0,0.0,None,0.0,0.0,1.0,1.0,0.0,0.0,0.0,0.0,0.0,0.0,0.0,0,0,0,0.0,0,0.0,0.0,0.0,0.0,0.0,1.0,1.0,0,0,0.0,0.0,0,0,0,0,41208.531,805739.167,1.017,0.2494575232267379,0,0,0,0,0,0,0,0,0,0,0,0,0.0,0.0,1,0,1,0,0,0,0,1,0,0,0,0.0,0,0.0,0.0,0,0.0,0,0,0.0,0,0,0,0,0.8,0,0.0,0.0,0.0,30.0,0.05,30.0,98908,0,15760,0
ISNE_utilitypv_class1_moderate_15_anyQual_1,ISNE,UtilityPV_Class1_Moderate_,15_anyQual_1,667,5,1,0,1,0,0,0,0,0,0.0,0.0,0,0,0.0,0.0,0.0,0.0,0.0,-1,1.0,0,370.9,-1.0,0,0,0,0.0,0.0,871935.36,107419,0,0.0,0,0,0.0,0.0,0,0,0.0,0.0,0.0,0.0,0.0,None,0.0,0.0,1.0,1.0,0.0,0.0,0.0,0.0,0.0,0.0,0.0,0,0,0,0.0,0,0.0,0.0,0.0,0.0,0.0,1.0,1.0,0,0,0.0,0.0,0,0,0,0,39101.142,764537.097,1.017,0.2449159920215606,0,0,0,0,0,0,0,0,0,0,0,0,0.0,0.0,1,0,1,0,0,0,0,1,0,0,0,0.0,0,0.0,0.0,0,0.0,0,0,0.0,0,0,0,0,0.8,0,0.0,0.0,0.0,30.0,0.05,30.0,96801,0,15760,0
ISNE_utilitypv_class1_moderate_16_anyQual_0,ISNE,UtilityPV_Class1_Moderate_,16_anyQual_0,668,5,1,0,1,0,0,0,0,0,0.0,0.0,0,0,0.0,0.0,0.0,0.0,0.0,-1,1.0,0,23954.4,-1.0,0,0,0,0.0,0.0,871935.36,112364,0,0.0,0,0,0.0,0.0,0,0,0.0,0.0,0.0,0.0,0.0,None,0.0,0.0,1.0,1.0,0.0,0.0,0.0,0.0,0.0,0.0,0.0,0,0,0,0.0,0,0.0,0.0,0.0,0.0,0.0,1.0,1.0,0,0,0.0,0.0,0,0,0,0,42988.822,840549.761,1.017,0.2447259575128555,0,0,0,0,0,0,0,0,0,0,0,0,0.0,0.0,1,0,1,0,0,0,0,1,0,0,0,0.0,0,0.0,0.0,0,0.0,0,0,0.0,0,0,0,0,0.8,0,0.0,0.0,0.0,30.0,0.05,30.0,100688,0,15760,0
ISNE_utilitypv_class1_moderate_17_anyQual_0,ISNE,UtilityPV_Class1_Moderate_,17_anyQual_0,669,5,1,0,1,0,0,0,0,0,0.0,0.0,0,0,0.0,0.0,0.0,0.0,0.0,-1,1.0,0,4072.4,-1.0,0,0,0,0.0,0.0,871935.36,114028,0,0.0,0,0,0.0,0.0,0,0,0.0,0.0,0.0,0.0,0.0,None,0.0,0.0,1.0,1.0,0.0,0.0,0.0,0.0,0.0,0.0,0.0,0,0,0,0.0,0,0.0,0.0,0.0,0.0,0.0,1.0,1.0,0,0,0.0,0.0,0,0,0,0,44297.37,866136.758,1.017,0.2472765445709228,0,0,0,0,0,0,0,0,0,0,0,0,0.0,0.0,1,0,1,0,0,0,0,1,0,0,0,0.0,0,0.0,0.0,0,0.0,0,0,0.0,0,0,0,0,0.8,0,0.0,0.0,0.0,30.0,0.05,30.0,101997,0,15760,0
ISNE_utilitypv_class1_moderate_18_anyQual_0,ISNE,UtilityPV_Class1_Moderate_,18_anyQual_0,670,5,1,0,1,0,0,0,0,0,0.0,0.0,0,0,0.0,0.0,0.0,0.0,0.0,-1,1.0,0,11589.4,-1.0,0,0,0,0.0,0.0,871935.36,111768,0,0.0,0,0,0.0,0.0,0,0,0.0,0.0,0.0,0.0,0.0,None,0.0,0.0,1.0,1.0,0.0,0.0,0.0,0.0,0.0,0.0,0.0,0,0,0,0.0,0,0.0,0.0,0.0,0.0,0.0,1.0,1.0,0,0,0.0,0.0,0,0,0,0,42520.723,831393.887,1.017,0.2427512407302856,0,0,0,0,0,0,0,0,0,0,0,0,0.0,0.0,1,0,1,0,0,0,0,1,0,0,0,0.0,0,0.0,0.0,0,0.0,0,0,0.0,0,0,0,0,0.8,0,0.0,0.0,0.0,30.0,0.05,30.0,100220,0,15760,0
ISNE_utilitypv_class1_moderate_19_anyQual_1,ISNE,UtilityPV_Class1_Moderate_,19_anyQual_1,671,5,1,0,1,0,0,0,0,0,0.0,0.0,0,0,0.0,0.0,0.0,0.0,0.0,-1,1.0,0,287.6,-1.0,0,0,0,0.0,0.0,871935.36,113400,0,0.0,0,0,0.0,0.0,0,0,0.0,0.0,0.0,0.0,0.0,None,0.0,0.0,1.0,1.0,0.0,0.0,0.0,0.0,0.0,0.0,0.0,0,0,0,0.0,0,0.0,0.0,0.0,0.0,0.0,1.0,1.0,0,0,0.0,0.0,0,0,0,0,43803.634,856482.757,1.017,0.2444646656513214,0,0,0,0,0,0,0,0,0,0,0,0,0.0,0.0,1,0,1,0,0,0,0,1,0,0,0,0.0,0,0.0,0.0,0,0.0,0,0,0.0,0,0,0,0,0.8,0,0.0,0.0,0.0,30.0,0.05,30.0,101503,0,15760,0
ISNE_landbasedwind_class3_moderate_0_anyQual_0,ISNE,LandbasedWind_Class3_Moderate_,0_anyQual_0,672,5,1,0,1,0,0,0,0,0,0.0,0.0,0,0,0.0,9723.0,0.0,0.0,0.0,-1,1.0,0,9723.0,-1.0,0,0,0,0.0,0.0,1065951.189,144236,182649,0.0,0,0,0.0,0.0,0,0,0.0,0.0,0.0,0.0,0.0,None,0.0,0.0,1.0,1.0,0.0,0.0,0.0,0.0,0.0,0.0,0.0,0,0,0,0.0,0,0.0,0.0,0.0,0.0,0.0,1.0,1.0,0,0,0.0,0.0,0,0,0,0,44381.071,867760.889,1.266,0.5038667917251587,0,0,0,0,0,0,0,0,0,0,0,0,0.0,0.0,1,0,1,0,0,0,0,1,0,0,0,0.0,0,0.0,0.0,0,0.0,0,0,0.0,0,0,0,0,0.8,0,0.0,0.0,0.0,30.0,0.05,30.0,132175,0,25258,0
ISNE_landbasedwind_class3_moderate_1_anyQual_1,ISNE,LandbasedWind_Class3_Moderate_,1_anyQual_1,673,5,1,0,1,0,0,0,0,0,0.0,0.0,0,0,0.0,273.5,0.0,0.0,0.0,-1,1.0,0,273.5,-1.0,0,0,0,0.0,0.0,1065951.189,135058,173470,0.0,0,0,0.0,0.0,0,0,0.0,0.0,0.0,0.0,0.0,None,0.0,0.0,1.0,1.0,0.0,0.0,0.0,0.0,0.0,0.0,0.0,0,0,0,0.0,0,0.0,0.0,0.0,0.0,0.0,1.0,1.0,0,0,0.0,0.0,0,0,0,0,37165.108,726674.482,1.266,0.5430849194526672,0,0,0,0,0,0,0,0,0,0,0,0,0.0,0.0,1,0,1,0,0,0,0,1,0,0,0,0.0,0,0.0,0.0,0,0.0,0,0,0.0,0,0,0,0,0.8,0,0.0,0.0,0.0,30.0,0.05,30.0,124959,0,25258,0
ISNE_landbasedwind_class3_moderate_2_anyQual_0,ISNE,LandbasedWind_Class3_Moderate_,2_anyQual_0,674,5,1,0,1,0,0,0,0,0,0.0,0.0,0,0,0.0,9832.0,0.0,0.0,0.0,-1,1.0,0,9833.2,-1.0,0,0,0,0.0,0.0,1065951.189,159763,198175,0.0,0,0,0.0,0.0,0,0,0.0,0.0,0.0,0.0,0.0,None,0.0,0.0,1.0,1.0,0.0,0.0,0.0,0.0,0.0,0.0,0.0,0,0,0,0.0,0,0.0,0.0,0.0,0.0,0.0,1.0,1.0,0,0,0.0,0.0,0,0,0,0,56588.695,1106448.503,1.266,0.4643644988536834,0,0,0,0,0,0,0,0,0,0,0,0,0.0,0.0,1,0,1,0,0,0,0,1,0,0,0,0.0,0,0.0,0.0,0,0.0,0,0,0.0,0,0,0,0,0.8,0,0.0,0.0,0.0,30.0,0.05,30.0,144382,0,25258,0
ISNE_landbasedwind_class3_moderate_3_anyQual_1,ISNE,LandbasedWind_Class3_Moderate_,3_anyQual_1,675,5,1,0,1,0,0,0,0,0,0.0,0.0,0,0,0.0,188.8,0.0,0.0,0.0,-1,1.0,0,188.8,-1.0,0,0,0,0.0,0.0,1065951.189,145093,183506,0.0,0,0,0.0,0.0,0,0,0.0,0.0,0.0,0.0,0.0,None,0.0,0.0,1.0,1.0,0.0,0.0,0.0,0.0,0.0,0.0,0.0,0,0,0,0.0,0,0.0,0.0,0.0,0.0,0.0,1.0,1.0,0,0,0.0,0.0,0,0,0,0,45055.366,880941.948,1.266,0.4377311468124389,0,0,0,0,0,0,0,0,0,0,0,0,0.0,0.0,1,0,1,0,0,0,0,1,0,0,0,0.0,0,0.0,0.0,0,0.0,0,0,0.0,0,0,0,0,0.8,0,0.0,0.0,0.0,30.0,0.05,30.0,132849,0,25258,0
ISNE_landbasedwind_class3_moderate_4_anyQual_0,ISNE,LandbasedWind_Class3_Moderate_,4_anyQual_0,676,5,1,0,1,0,0,0,0,0,0.0,0.0,0,0,0.0,6413.0,0.0,0.0,0.0,-1,1.0,0,9688.8,-1.0,0,0,0,0.0,0.0,1065951.189,162407,200821,0.0,0,0,0.0,0.0,0,0,0.0,0.0,0.0,0.0,0.0,None,0.0,0.0,1.0,1.0,0.0,0.0,0.0,0.0,0.0,0.0,0.0,0,0,0,0.0,0,0.0,0.0,0.0,0.0,0.0,1.0,1.0,0,0,0.0,0.0,0,0,0,0,58668.108,1147105.835,1.266,0.4431824386119842,0,0,0,0,0,0,0,0,0,0,0,0,0.0,0.0,1,0,1,0,0,0,0,1,0,0,0,0.0,0,0.0,0.0,0,0.0,0,0,0.0,0,0,0,0,0.8,0,0.0,0.0,0.0,30.0,0.05,30.0,146462,0,25258,0
ISNE_landbasedwind_class3_moderate_5_anyQual_1,ISNE,LandbasedWind_Class3_Moderate_,5_anyQual_1,677,5,1,0,1,0,0,0,0,0,0.0,0.0,0,0,0.0,272.8,0.0,0.0,0.0,-1,1.0,0,272.8,-1.0,0,0,0,0.0,0.0,1065951.189,148811,187224,0.0,0,0,0.0,0.0,0,0,0.0,0.0,0.0,0.0,0.0,None,0.0,0.0,1.0,1.0,0.0,0.0,0.0,0.0,0.0,0.0,0.0,0,0,0,0.0,0,0.0,0.0,0.0,0.0,0.0,1.0,1.0,0,0,0.0,0.0,0,0,0,0,47978.102,938091.981,1.266,0.4247216284275055,0,0,0,0,0,0,0,0,0,0,0,0,0.0,0.0,1,0,1,0,0,0,0,1,0,0,0,0.0,0,0.0,0.0,0,0.0,0,0,0.0,0,0,0,0,0.8,0,0.0,0.0,0.0,30.0,0.05,30.0,135772,0,25258,0
ISNE_landbasedwind_class3_moderate_6_anyQual_0,ISNE,LandbasedWind_Class3_Moderate_,6_anyQual_0,678,5,1,0,1,0,0,0,0,0,0.0,0.0,0,0,0.0,0.0,0.0,0.0,0.0,-1,1.0,0,9806.3,-1.0,0,0,0,0.0,0.0,1065951.189,166726,0,0.0,0,0,0.0,0.0,0,0,0.0,0.0,0.0,0.0,0.0,None,0.0,0.0,1.0,1.0,0.0,0.0,0.0,0.0,0.0,0.0,0.0,0,0,0,0.0,0,0.0,0.0,0.0,0.0,0.0,1.0,1.0,0,0,0.0,0.0,0,0,0,0,62063.456,1213492.933,1.266,0.4269107282161712,0,0,0,0,0,0,0,0,0,0,0,0,0.0,0.0,1,0,1,0,0,0,0,1,0,0,0,0.0,0,0.0,0.0,0,0.0,0,0,0.0,0,0,0,0,0.8,0,0.0,0.0,0.0,30.0,0.05,30.0,149857,0,25258,0
ISNE_landbasedwind_class3_moderate_7_anyQual_1,ISNE,LandbasedWind_Class3_Moderate_,7_anyQual_1,679,5,1,0,1,0,0,0,0,0,0.0,0.0,0,0,0.0,0.0,0.0,0.0,0.0,-1,1.0,0,205.8,-1.0,0,0,0,0.0,0.0,1065951.189,161150,0,0.0,0,0,0.0,0.0,0,0,0.0,0.0,0.0,0.0,0.0,None,0.0,0.0,1.0,1.0,0.0,0.0,0.0,0.0,0.0,0.0,0.0,0,0,0,0.0,0,0.0,0.0,0.0,0.0,0.0,1.0,1.0,0,0,0.0,0.0,0,0,0,0,57679.588,1127778.608,1.266,0.4184886515140533,0,0,0,0,0,0,0,0,0,0,0,0,0.0,0.0,1,0,1,0,0,0,0,1,0,0,0,0.0,0,0.0,0.0,0,0.0,0,0,0.0,0,0,0,0,0.8,0,0.0,0.0,0.0,30.0,0.05,30.0,145473,0,25258,0
ISNE_landbasedwind_class3_moderate_8_anyQual_0,ISNE,LandbasedWind_Class3_Moderate_,8_anyQual_0,680,5,1,0,1,0,0,0,0,0,0.0,0.0,0,0,0.0,0.0,0.0,0.0,0.0,-1,1.0,0,9674.9,-1.0,0,0,0,0.0,0.0,1065951.189,164572,0,0.0,0,0,0.0,0.0,0,0,0.0,0.0,0.0,0.0,0.0,None,0.0,0.0,1.0,1.0,0.0,0.0,0.0,0.0,0.0,0.0,0.0,0,0,0,0.0,0,0.0,0.0,0.0,0.0,0.0,1.0,1.0,0,0,0.0,0.0,0,0,0,0,60370.034,1180383.242,1.266,0.3951708674430847,0,0,0,0,0,0,0,0,0,0,0,0,0.0,0.0,1,0,1,0,0,0,0,1,0,0,0,0.0,0,0.0,0.0,0,0.0,0,0,0.0,0,0,0,0,0.8,0,0.0,0.0,0.0,30.0,0.05,30.0,148164,0,25258,0
ISNE_landbasedwind_class3_moderate_9_anyQual_1,ISNE,LandbasedWind_Class3_Moderate_,9_anyQual_1,681,5,1,0,1,0,0,0,0,0,0.0,0.0,0,0,0.0,0.0,0.0,0.0,0.0,-1,1.0,0,357.1,-1.0,0,0,0,0.0,0.0,1065951.189,162775,0,0.0,0,0,0.0,0.0,0,0,0.0,0.0,0.0,0.0,0.0,None,0.0,0.0,1.0,1.0,0.0,0.0,0.0,0.0,0.0,0.0,0.0,0,0,0,0.0,0,0.0,0.0,0.0,0.0,0.0,1.0,1.0,0,0,0.0,0.0,0,0,0,0,58956.799,1152749.694,1.266,0.3984974324703216,0,0,0,0,0,0,0,0,0,0,0,0,0.0,0.0,1,0,1,0,0,0,0,1,0,0,0,0.0,0,0.0,0.0,0,0.0,0,0,0.0,0,0,0,0,0.8,0,0.0,0.0,0.0,30.0,0.05,30.0,146750,0,25258,0
ISNE_landbasedwind_class3_moderate_10_anyQual_0,ISNE,LandbasedWind_Class3_Moderate_,10_anyQual_0,682,5,1,0,1,0,0,0,0,0,0.0,0.0,0,0,0.0,0.0,0.0,0.0,0.0,-1,1.0,0,9597.4,-1.0,0,0,0,0.0,0.0,1065951.189,163328,0,0.0,0,0,0.0,0.0,0,0,0.0,0.0,0.0,0.0,0.0,None,0.0,0.0,1.0,1.0,0.0,0.0,0.0,0.0,0.0,0.0,0.0,0,0,0,0.0,0,0.0,0.0,0.0,0.0,0.0,1.0,1.0,0,0,0.0,0.0,0,0,0,0,59391.798,1161257.66,1.266,0.3436828553676605,0,0,0,0,0,0,0,0,0,0,0,0,0.0,0.0,1,0,1,0,0,0,0,1,0,0,0,0.0,0,0.0,0.0,0,0.0,0,0,0.0,0,0,0,0,0.8,0,0.0,0.0,0.0,30.0,0.05,30.0,147185,0,25258,0
ISNE_landbasedwind_class3_moderate_11_anyQual_1,ISNE,LandbasedWind_Class3_Moderate_,11_anyQual_1,683,5,1,0,1,0,0,0,0,0,0.0,0.0,0,0,0.0,0.0,0.0,0.0,0.0,-1,1.0,0,336.5,-1.0,0,0,0,0.0,0.0,1065951.189,152001,0,0.0,0,0,0.0,0.0,0,0,0.0,0.0,0.0,0.0,0.0,None,0.0,0.0,1.0,1.0,0.0,0.0,0.0,0.0,0.0,0.0,0.0,0,0,0,0.0,0,0.0,0.0,0.0,0.0,0.0,1.0,1.0,0,0,0.0,0.0,0,0,0,0,50485.76,987130.037,1.266,0.3161856830120086,0,0,0,0,0,0,0,0,0,0,0,0,0.0,0.0,1,0,1,0,0,0,0,1,0,0,0,0.0,0,0.0,0.0,0,0.0,0,0,0.0,0,0,0,0,0.8,0,0.0,0.0,0.0,30.0,0.05,30.0,138279,0,25258,0
ISNE_offshorewind_class3_moderate_fixed_1_1,ISNE,OffShoreWind_Class3_Moderate_fixed_1,1,684,5,1,0,1,0,0,0,0,0,0.0,0.0,0,0,0.0,0.0,0.0,0.0,0.0,-1,1.0,0,240.0,-1.0,0,0,0,0.0,0.0,2642898.3,254294,0,0.0,0,0,0.0,0.0,0,0,0.0,0.0,0.0,0.0,0.0,None,0.0,0.0,1.0,1.0,0.0,0.0,0.0,0.0,0.0,0.0,0.0,0,0,0,0.0,0,0.0,0.0,0.0,0.0,0.0,1.0,1.0,0,0,0.0,0.0,0,0,0,0,64760.234,1266219.633,1.0,0.4743281602859497,0,0,0,0,0,0,0,0,0,0,0,0,0.0,0.0,1,0,1,0,0,0,0,1,0,0,0,0.0,0,0.0,0.0,0,0.0,0,0,0.0,1,0,0,0,0.8,0,0.0,0.0,0.0,30.0,0.05,30.0,236684,0,82811,0
ISNE_offshorewind_class3_moderate_fixed_1_2,ISNE,OffShoreWind_Class3_Moderate_fixed_1,2,685,5,1,0,1,0,0,0,0,0,0.0,0.0,0,0,0.0,0.0,0.0,0.0,0.0,-1,1.0,0,240.0,-1.0,0,0,0,0.0,0.0,2642898.3,255003,0,0.0,0,0,0.0,0.0,0,0,0.0,0.0,0.0,0.0,0.0,None,0.0,0.0,1.0,1.0,0.0,0.0,0.0,0.0,0.0,0.0,0.0,0,0,0,0.0,0,0.0,0.0,0.0,0.0,0.0,1.0,1.0,0,0,0.0,0.0,0,0,0,0,65317.579,1277117.067,1.0,0.4722104370594024,0,0,0,0,0,0,0,0,0,0,0,0,0.0,0.0,1,0,1,0,0,0,0,1,0,0,0,0.0,0,0.0,0.0,0,0.0,0,0,0.0,1,0,0,0,0.8,0,0.0,0.0,0.0,30.0,0.05,30.0,237241,0,82811,0
ISNE_offshorewind_class3_moderate_fixed_1_3,ISNE,OffShoreWind_Class3_Moderate_fixed_1,3,686,5,1,0,1,0,0,0,0,0,0.0,0.0,0,0,0.0,0.0,0.0,0.0,0.0,-1,1.0,0,160.0,-1.0,0,0,0,0.0,0.0,2642898.3,255707,0,0.0,0,0,0.0,0.0,0,0,0.0,0.0,0.0,0.0,0.0,None,0.0,0.0,1.0,1.0,0.0,0.0,0.0,0.0,0.0,0.0,0.0,0,0,0,0.0,0,0.0,0.0,0.0,0.0,0.0,1.0,1.0,0,0,0.0,0.0,0,0,0,0,65871.313,1287943.85,1.0,0.4723320603370666,0,0,0,0,0,0,0,0,0,0,0,0,0.0,0.0,1,0,1,0,0,0,0,1,0,0,0,0.0,0,0.0,0.0,0,0.0,0,0,0.0,1,0,0,0,0.8,0,0.0,0.0,0.0,30.0,0.05,30.0,237795,0,82811,0
ISNE_offshorewind_class12_moderate_floating_1_1,ISNE,OffShoreWind_Class12_Moderate_floating_1,1,687,5,1,0,1,0,0,0,0,0,0.0,0.0,0,0,0.0,0.0,0.0,0.0,0.0,-1,1.0,0,512.0,-1.0,0,0,0,0.0,0.0,4211164.784,368018,0,0.0,0,0,0.0,0.0,0,0,0.0,0.0,0.0,0.0,0.0,None,0.0,0.0,1.0,1.0,0.0,0.0,0.0,0.0,0.0,0.0,0.0,0,0,0,0.0,0,0.0,0.0,0.0,0.0,0.0,1.0,1.0,0,0,0.0,0.0,0,0,0,0,73964.11,1446177.6,1.0,0.4751302301883697,0,0,0,0,0,0,0,0,0,0,0,0,0.0,0.0,1,0,1,0,0,0,0,1,0,0,0,0.0,0,0.0,0.0,0,0.0,0,0,0.0,1,0,0,0,0.8,0,0.0,0.0,0.0,30.0,0.05,30.0,347906,0,72317,0
ISNE_offshorewind_class12_moderate_floating_1_2,ISNE,OffShoreWind_Class12_Moderate_floating_1,2,688,5,1,0,1,0,0,0,0,0,0.0,0.0,0,0,0.0,0.0,0.0,0.0,0.0,-1,1.0,0,512.0,-1.0,0,0,0,0.0,0.0,4211164.784,368623,0,0.0,0,0,0.0,0.0,0,0,0.0,0.0,0.0,0.0,0.0,None,0.0,0.0,1.0,1.0,0.0,0.0,0.0,0.0,0.0,0.0,0.0,0,0,0,0.0,0,0.0,0.0,0.0,0.0,0.0,1.0,1.0,0,0,0.0,0.0,0,0,0,0,74439.829,1455479.2,1.0,0.4752725958824157,0,0,0,0,0,0,0,0,0,0,0,0,0.0,0.0,1,0,1,0,0,0,0,1,0,0,0,0.0,0,0.0,0.0,0,0.0,0,0,0.0,1,0,0,0,0.8,0,0.0,0.0,0.0,30.0,0.05,30.0,348381,0,72317,0
ISNE_offshorewind_class12_moderate_floating_1_3,ISNE,OffShoreWind_Class12_Moderate_floating_1,3,689,5,1,0,1,0,0,0,0,0,0.0,0.0,0,0,0.0,0.0,0.0,0.0,0.0,-1,1.0,0,510.5,-1.0,0,0,0,0.0,0.0,4211164.784,369052,0,0.0,0,0,0.0,0.0,0,0,0.0,0.0,0.0,0.0,0.0,None,0.0,0.0,1.0,1.0,0.0,0.0,0.0,0.0,0.0,0.0,0.0,0,0,0,0.0,0,0.0,0.0,0.0,0.0,0.0,1.0,1.0,0,0,0.0,0.0,0,0,0,0,74776.551,1462062.852,1.0,0.4750347435474396,0,0,0,0,0,0,0,0,0,0,0,0,0.0,0.0,1,0,1,0,0,0,0,1,0,0,0,0.0,0,0.0,0.0,0,0.0,0,0,0.0,1,0,0,0,0.8,0,0.0,0.0,0.0,30.0,0.05,30.0,348718,0,72317,0
ISNE_offshorewind_class3_moderate_fixed_0_1,ISNE,OffShoreWind_Class3_Moderate_fixed_0,1,690,5,1,0,1,0,0,0,0,0,0.0,0.0,0,0,0.0,0.0,0.0,0.0,0.0,-1,1.0,0,14963.0,-1.0,0,0,0,0.0,0.0,2642898.3,249821,0,0.0,0,0,0.0,0.0,0,0,0.0,0.0,0.0,0.0,0.0,None,0.0,0.0,1.0,1.0,0.0,0.0,0.0,0.0,0.0,0.0,0.0,0,0,0,0.0,0,0.0,0.0,0.0,0.0,0.0,1.0,1.0,0,0,0.0,0.0,0,0,0,0,61243.515,1197459.226,1.0,0.488244891166687,0,0,0,0,0,0,0,0,0,0,0,0,0.0,0.0,1,0,1,0,0,0,0,1,0,0,0,0.0,0,0.0,0.0,0,0.0,0,0,0.0,1,0,0,0,0.8,0,0.0,0.0,0.0,30.0,0.05,30.0,233167,0,82811,0
ISNE_offshorewind_class3_moderate_fixed_0_2,ISNE,OffShoreWind_Class3_Moderate_fixed_0,2,691,5,1,0,1,0,0,0,0,0,0.0,0.0,0,0,0.0,0.0,0.0,0.0,0.0,-1,1.0,0,14956.7,-1.0,0,0,0,0.0,0.0,2642898.3,260919,0,0.0,0,0,0.0,0.0,0,0,0.0,0.0,0.0,0.0,0.0,None,0.0,0.0,1.0,1.0,0.0,0.0,0.0,0.0,0.0,0.0,0.0,0,0,0,0.0,0,0.0,0.0,0.0,0.0,0.0,1.0,1.0,0,0,0.0,0.0,0,0,0,0,69969.355,1368070.535,1.0,0.495056539773941,0,0,0,0,0,0,0,0,0,0,0,0,0.0,0.0,1,0,1,0,0,0,0,1,0,0,0,0.0,0,0.0,0.0,0,0.0,0,0,0.0,1,0,0,0,0.8,0,0.0,0.0,0.0,30.0,0.05,30.0,241893,0,82811,0
ISNE_offshorewind_class3_moderate_fixed_0_3,ISNE,OffShoreWind_Class3_Moderate_fixed_0,3,692,5,1,0,1,0,0,0,0,0,0.0,0.0,0,0,0.0,0.0,0.0,0.0,0.0,-1,1.0,0,14957.4,-1.0,0,0,0,0.0,0.0,2642898.3,281585,0,0.0,0,0,0.0,0.0,0,0,0.0,0.0,0.0,0.0,0.0,None,0.0,0.0,1.0,1.0,0.0,0.0,0.0,0.0,0.0,0.0,0.0,0,0,0,0.0,0,0.0,0.0,0.0,0.0,0.0,1.0,1.0,0,0,0.0,0.0,0,0,0,0,86217.394,1685759.128,1.0,0.5082287192344666,0,0,0,0,0,0,0,0,0,0,0,0,0.0,0.0,1,0,1,0,0,0,0,1,0,0,0,0.0,0,0.0,0.0,0,0.0,0,0,0.0,1,0,0,0,0.8,0,0.0,0.0,0.0,30.0,0.05,30.0,258141,0,82811,0
ISNE_offshorewind_class12_moderate_floating_0_1,ISNE,OffShoreWind_Class12_Moderate_floating_0,1,693,5,1,0,1,0,0,0,0,0,0.0,0.0,0,0,0.0,0.0,0.0,0.0,0.0,-1,1.0,0,88315.9,-1.0,0,0,0,0.0,0.0,4211164.784,364819,0,0.0,0,0,0.0,0.0,0,0,0.0,0.0,0.0,0.0,0.0,None,0.0,0.0,1.0,1.0,0.0,0.0,0.0,0.0,0.0,0.0,0.0,0,0,0,0.0,0,0.0,0.0,0.0,0.0,0.0,1.0,1.0,0,0,0.0,0.0,0,0,0,0,71448.893,1396999.109,1.0,0.4772306084632873,0,0,0,0,0,0,0,0,0,0,0,0,0.0,0.0,1,0,1,0,0,0,0,1,0,0,0,0.0,0,0.0,0.0,0,0.0,0,0,0.0,1,0,0,0,0.8,0,0.0,0.0,0.0,30.0,0.05,30.0,345390,0,72317,0
ISNE_offshorewind_class12_moderate_floating_0_2,ISNE,OffShoreWind_Class12_Moderate_floating_0,2,694,5,1,0,1,0,0,0,0,0,0.0,0.0,0,0,0.0,0.0,0.0,0.0,0.0,-1,1.0,0,88334.8,-1.0,0,0,0,0.0,0.0,4211164.784,370779,0,0.0,0,0,0.0,0.0,0,0,0.0,0.0,0.0,0.0,0.0,None,0.0,0.0,1.0,1.0,0.0,0.0,0.0,0.0,0.0,0.0,0.0,0,0,0,0.0,0,0.0,0.0,0.0,0.0,0.0,1.0,1.0,0,0,0.0,0.0,0,0,0,0,76134.646,1488616.936,1.0,0.4842481613159179,0,0,0,0,0,0,0,0,0,0,0,0,0.0,0.0,1,0,1,0,0,0,0,1,0,0,0,0.0,0,0.0,0.0,0,0.0,0,0,0.0,1,0,0,0,0.8,0,0.0,0.0,0.0,30.0,0.05,30.0,350076,0,72317,0
ISNE_offshorewind_class12_moderate_floating_0_3,ISNE,OffShoreWind_Class12_Moderate_floating_0,3,695,5,1,0,1,0,0,0,0,0,0.0,0.0,0,0,0.0,0.0,0.0,0.0,0.0,-1,1.0,0,88179.9,-1.0,0,0,0,0.0,0.0,4211164.784,382796,0,0.0,0,0,0.0,0.0,0,0,0.0,0.0,0.0,0.0,0.0,None,0.0,0.0,1.0,1.0,0.0,0.0,0.0,0.0,0.0,0.0,0.0,0,0,0,0.0,0,0.0,0.0,0.0,0.0,0.0,1.0,1.0,0,0,0.0,0.0,0,0,0,0,85582.882,1673352.862,1.0,0.5004687309265137,0,0,0,0,0,0,0,0,0,0,0,0,0.0,0.0,1,0,1,0,0,0,0,1,0,0,0,0.0,0,0.0,0.0,0,0.0,0,0,0.0,1,0,0,0,0.8,0,0.0,0.0,0.0,30.0,0.05,30.0,359524,0,72317,0
MISC_naturalgas_hframe_cc_95_ccs_moderate_0,MISC,NaturalGas_H-Frame CC 95% CCS_Moderate,0,696,6,0,1,0,0,0,0,0,0,0.0,0.0,0,0,0.0,11381.0,0.0,0.0,0.0,-1,500.0,0,-1.0,-1.0,0,0,0,0.0,0.0,1943268.308,130985,206022,0.0,0,0,8.47,0.0,0,0,106.0,2.0,6.78,0.0,0.0,east_north_central_naturalgas_ccs95,0.6,0.0,1.0,1.0,0.0,0.0,0.0,0.106666667,0.213333333,0.0,0.0,0,0,0,0.95,27,1469.015,17226.965,14.368,0.342,4.911,0.64,0.64,6,6,10.0,43330.0,0,0,0,0,0.0,0.0,1.014,0.0,0,0,0,0,0,0,0,0,0,0,0,0,0.0,0.0,0,0,0,0,0,0,0,0,0,0,0,0.93,0,0.0,0.0,0,0.0,0,0,0.0,0,0,0,0,0.0,1,0.0,0.0,0.0,30.0,0.05,30.0,131665,0,46282,0
MISC_naturalgas_hframe_cc_moderate_0,MISC,NaturalGas_H-Frame CC_Moderate,0,697,6,0,1,0,0,0,0,0,0,0.0,0.0,0,0,0.0,7994.0,0.0,0.0,0.0,-1,500.0,0,-1.0,-1.0,0,0,0,0.0,0.0,1096691.96,77870,112295,0.0,0,0,1.72,0.0,0,0,106.0,2.0,6.09,0.0,0.0,east_north_central_naturalgas,0.3,0.0,1.0,1.0,0.0,0.0,0.0,0.0,0.0,0.0,0.0,0,0,0,0.0,0,0.0,0.0,0.0,0.0,0.0,0.64,0.64,6,6,10.0,43330.0,0,0,0,0,0.0,0.0,1.052,0.0,0,0,0,0,0,0,0,0,0,0,0,0,0.0,0.0,0,0,0,0,0,0,0,0,0,0,0,0.93,0,0.0,0.0,0,0.0,0,0,0.0,0,0,0,0,0.0,0,0.0,0.0,0.0,30.0,0.05,30.0,77142,0,26266,0
MISC_naturalgas_fframe_ct_moderate_0,MISC,NaturalGas_F-Frame CT_Moderate,0,698,6,0,1,0,0,0,0,0,0,0.0,0.0,0,0,0.0,0.0,0.0,0.0,0.0,-1,100.0,0,-1.0,-1.0,0,0,0,0.0,0.0,977045.463,69618,0,0.0,0,0,6.15,0.0,0,0,137.0,3.5,9.72,0.0,0.0,east_north_central_naturalgas,0.3,0.0,1.0,1.0,0.0,0.0,0.0,0.0,0.0,0.0,0.0,0,0,0,0.0,0,0.0,0.0,0.0,0.0,0.0,3.78,3.78,1,1,10.0,43330.0,0,0,0,0,0.0,0.0,1.051,0.0,0,0,0,0,0,0,0,0,0,0,0,0,0.0,0.0,0,0,0,0,0,0,0,0,0,0,0,0.93,0,0.0,0.0,0,0.0,0,0,0.0,0,0,0,0,0.0,0,0.0,0.0,0.0,30.0,0.05,30.0,68842,0,21509,0
MISC_battery_moderate_0,MISC,Battery_*_Moderate,0,699,6,0,0,0,0,1,0,0,0,0.0,0.0,0,0,0.0,0.0,0.0,0.0,0.0,-1,1.0,0,-1.0,-1.0,0,0,0,0.0,0.0,274910.679,27413,0,205428.952,20484,0,0.15,0.15,0,0,0.0,0.0,0.0,0.0,0.0,None,0.0,0.0,0.92,0.92,0.0,1.0,10.0,0.0,0.0,0.0,0.0,0,0,0,0.0,0,0.0,0.0,0.0,0.0,0.0,1.0,1.0,0,0,0.0,0.0,0,0,0,0,0.0,0.0,1.035,0.0,0,0,0,0,0,0,0,0,0,0,0,0,0.0,0.0,0,0,0,0,0,0,0,0,0,0,0,0.95,0,0.0,0.0,0,0.0,0,0,0.0,0,0,0,0,0.0,0,0.0,0.0,0.0,15.0,0.05,15.0,27404,20478,6872,5135
MISC_nuclear_nuclear_moderate_0,MISC,Nuclear_Nuclear_Moderate,0,700,6,0,1,0,0,0,0,0,0,0.0,0.0,0,0,0.0,0.0,0.0,0.0,0.0,-1,2000.0,0,-1.0,-1.0,0,0,0,0.0,0.0,7229469.526,479870,0,0.0,0,0,2.36,0.0,0,0,285.0,0.0,10.45,0.0,0.0,east_north_central_uranium,0.5,0.0,1.0,1.0,0.0,0.0,0.0,0.041666667,0.083333333,0.0,0.0,0,0,0,0.0,0,0.0,0.0,0.0,0.0,0.0,0.25,0.25,24,24,50.0,216650.0,0,0,0,0,0.0,0.0,1.109,0.0,0,0,0,0,0,0,0,0,0,0,0,0,0.0,0.0,0,0,0,0,0,0,0,0,0,0,0,0.93,0,0.0,0.0,0,0.0,0,0,0.0,0,0,0,0,0.0,1,0.0,0.0,0.0,40.0,0.05,40.0,477718,0,145294,0
MISC_hydrogen_fframe_ct_moderate_0,MISC,Hydrogen_F-Frame CT_Moderate,0,701,6,0,1,0,0,0,0,0,0,0.0,0.0,0,0,0.0,0.0,0.0,0.0,0.0,-1,100.0,0,-1.0,-1.0,0,0,0,0.0,0.0,1074750.009,73480,0,0.0,0,0,6.15,0.0,0,0,137.0,3.5,9.72,0.0,0.0,hydrogen,0.3,0.0,1.0,1.0,0.0,0.0,0.0,0.0,0.0,0.0,0.0,0,0,0,0.0,0,0.0,0.0,0.0,0.0,0.0,3.78,3.78,1,1,0.0,0.0,0,0,0,0,0.0,0.0,1.051,0.0,0,0,0,0,0,0,0,0,0,0,0,0,0.0,0.0,0,0,0,0,0,0,0,0,0,0,0,0.93,0,0.0,0.0,0,0.0,0,0,0.0,0,0,0,0,0.0,1,0.0,0.0,0.0,30.0,0.05,30.0,73458,0,21509,0
MISC_hydrogen_hframe_cc_moderate_0,MISC,Hydrogen_H-Frame CC_Moderate,0,702,6,0,1,0,0,0,0,0,0,0.0,0.0,0,0,0.0,0.0,0.0,0.0,0.0,-1,500.0,0,-1.0,-1.0,0,0,0,0.0,0.0,1206361.156,82556,0,0.0,0,0,1.72,0.0,0,0,106.0,2.0,6.09,0.0,0.0,hydrogen,0.3,0.0,1.0,1.0,0.0,0.0,0.0,0.0,0.0,0.0,0.0,0,0,0,0.0,0,0.0,0.0,0.0,0.0,0.0,0.64,0.64,6,6,0.0,0.0,0,0,0,0,0.0,0.0,1.052,0.0,0,0,0,0,0,0,0,0,0,0,0,0,0.0,0.0,0,0,0,0,0,0,0,0,0,0,0,0.93,0,0.0,0.0,0,0.0,0,0,0.0,0,0,0,0,0.0,1,0.0,0.0,0.0,30.0,0.05,30.0,82588,0,26266,0
MISC_utilitypv_class1_moderate_0_anyQual_0,MISC,UtilityPV_Class1_Moderate_,0_anyQual_0,703,6,1,0,1,0,0,0,0,0,0.0,0.0,0,0,0.0,2510.0,0.0,0.0,0.0,-1,1.0,0,19945.6,-1.0,0,0,0,0.0,0.0,871935.36,60721,99895,0.0,0,0,0.0,0.0,0,0,0.0,0.0,0.0,0.0,0.0,None,0.0,0.0,1.0,1.0,0.0,0.0,0.0,0.0,0.0,0.0,0.0,0,0,0,0.0,0,0.0,0.0,0.0,0.0,0.0,1.0,1.0,0,0,0.0,0.0,0,0,0,0,2342.29,45797.457,1.018,0.2548902034759521,0,0,0,0,0,0,0,0,0,0,0,0,0.0,0.0,0,0,0,0,0,0,0,1,0,0,0,0.8,0,0.0,0.0,0,0.0,0,1,0.0,0,0,0,0,0.0,1,0.0,0.0,0.0,30.0,0.05,30.0,60085,0,15760,0
MISC_utilitypv_class1_moderate_1_anyQual_0,MISC,UtilityPV_Class1_Moderate_,1_anyQual_0,704,6,1,0,1,0,0,0,0,0,0.0,0.0,0,0,0.0,2142.0,0.0,0.0,0.0,-1,1.0,0,2142.6,-1.0,0,0,0,0.0,0.0,871935.36,60933,100108,0.0,0,0,0.0,0.0,0,0,0.0,0.0,0.0,0.0,0.0,None,0.0,0.0,1.0,1.0,0.0,0.0,0.0,0.0,0.0,0.0,0.0,0,0,0,0.0,0,0.0,0.0,0.0,0.0,0.0,1.0,1.0,0,0,0.0,0.0,0,0,0,0,2509.382,49064.508,1.018,0.2583003938198089,0,0,0,0,0,0,0,0,0,0,0,0,0.0,0.0,0,0,0,0,0,0,0,1,0,0,0,0.8,0,0.0,0.0,0,0.0,0,1,0.0,0,0,0,0,0.0,1,0.0,0.0,0.0,30.0,0.05,30.0,60252,0,15760,0
MISC_utilitypv_class1_moderate_2_anyQual_1,MISC,UtilityPV_Class1_Moderate_,2_anyQual_1,705,6,1,0,1,0,0,0,0,0,0.0,0.0,0,0,0.0,7949.0,0.0,0.0,0.0,-1,1.0,0,7949.7,-1.0,0,0,0,0.0,0.0,871935.36,60164,99339,0.0,0,0,0.0,0.0,0,0,0.0,0.0,0.0,0.0,0.0,None,0.0,0.0,1.0,1.0,0.0,0.0,0.0,0.0,0.0,0.0,0.0,0,0,0,0.0,0,0.0,0.0,0.0,0.0,0.0,1.0,1.0,0,0,0.0,0.0,0,0,0,0,1904.397,37235.582,1.018,0.2544639110565185,0,0,0,0,0,0,0,0,0,0,0,0,0.0,0.0,0,0,0,0,0,0,0,1,0,0,0,0.8,0,0.0,0.0,0,0.0,0,1,0.0,0,0,0,0,0.0,1,0.0,0.0,0.0,30.0,0.05,30.0,59647,0,15760,0
MISC_utilitypv_class1_moderate_3_anyQual_0,MISC,UtilityPV_Class1_Moderate_,3_anyQual_0,706,6,1,0,1,0,0,0,0,0,0.0,0.0,0,0,0.0,0.0,0.0,0.0,0.0,-1,1.0,0,13164.4,-1.0,0,0,0,0.0,0.0,871935.36,63366,0,0.0,0,0,0.0,0.0,0,0,0.0,0.0,0.0,0.0,0.0,None,0.0,0.0,1.0,1.0,0.0,0.0,0.0,0.0,0.0,0.0,0.0,0,0,0,0.0,0,0.0,0.0,0.0,0.0,0.0,1.0,1.0,0,0,0.0,0.0,0,0,0,0,4422.123,86463.229,1.018,0.2539583146572113,0,0,0,0,0,0,0,0,0,0,0,0,0.0,0.0,0,0,0,0,0,0,0,1,0,0,0,0.8,0,0.0,0.0,0,0.0,0,1,0.0,0,0,0,0,0.0,1,0.0,0.0,0.0,30.0,0.05,30.0,62165,0,15760,0
MISC_utilitypv_class1_moderate_4_anyQual_0,MISC,UtilityPV_Class1_Moderate_,4_anyQual_0,707,6,1,0,1,0,0,0,0,0,0.0,0.0,0,0,0.0,0.0,0.0,0.0,0.0,-1,1.0,0,14857.8,-1.0,0,0,0,0.0,0.0,871935.36,63045,0,0.0,0,0,0.0,0.0,0,0,0.0,0.0,0.0,0.0,0.0,None,0.0,0.0,1.0,1.0,0.0,0.0,0.0,0.0,0.0,0.0,0.0,0,0,0,0.0,0,0.0,0.0,0.0,0.0,0.0,1.0,1.0,0,0,0.0,0.0,0,0,0,0,4169.846,81530.592,1.018,0.2551107108592987,0,0,0,0,0,0,0,0,0,0,0,0,0.0,0.0,0,0,0,0,0,0,0,1,0,0,0,0.8,0,0.0,0.0,0,0.0,0,1,0.0,0,0,0,0,0.0,1,0.0,0.0,0.0,30.0,0.05,30.0,61912,0,15760,0
MISC_utilitypv_class1_moderate_5_anyQual_1,MISC,UtilityPV_Class1_Moderate_,5_anyQual_1,708,6,1,0,1,0,0,0,0,0,0.0,0.0,0,0,0.0,0.0,0.0,0.0,0.0,-1,1.0,0,2053.5,-1.0,0,0,0,0.0,0.0,871935.36,62087,0,0.0,0,0,0.0,0.0,0,0,0.0,0.0,0.0,0.0,0.0,None,0.0,0.0,1.0,1.0,0.0,0.0,0.0,0.0,0.0,0.0,0.0,0,0,0,0.0,0,0.0,0.0,0.0,0.0,0.0,1.0,1.0,0,0,0.0,0.0,0,0,0,0,3416.027,66791.617,1.018,0.2544490694999695,0,0,0,0,0,0,0,0,0,0,0,0,0.0,0.0,0,0,0,0,0,0,0,1,0,0,0,0.8,0,0.0,0.0,0,0.0,0,1,0.0,0,0,0,0,0.0,1,0.0,0.0,0.0,30.0,0.05,30.0,61159,0,15760,0
MISC_utilitypv_class1_moderate_6_anyQual_0,MISC,UtilityPV_Class1_Moderate_,6_anyQual_0,709,6,1,0,1,0,0,0,0,0,0.0,0.0,0,0,0.0,0.0,0.0,0.0,0.0,-1,1.0,0,14135.8,-1.0,0,0,0,0.0,0.0,871935.36,64749,0,0.0,0,0,0.0,0.0,0,0,0.0,0.0,0.0,0.0,0.0,None,0.0,0.0,1.0,1.0,0.0,0.0,0.0,0.0,0.0,0.0,0.0,0,0,0,0.0,0,0.0,0.0,0.0,0.0,0.0,1.0,1.0,0,0,0.0,0.0,0,0,0,0,5509.455,107723.205,1.018,0.2538125813007355,0,0,0,0,0,0,0,0,0,0,0,0,0.0,0.0,0,0,0,0,0,0,0,1,0,0,0,0.8,0,0.0,0.0,0,0.0,0,1,0.0,0,0,0,0,0.0,1,0.0,0.0,0.0,30.0,0.05,30.0,63252,0,15760,0
MISC_utilitypv_class1_moderate_7_anyQual_0,MISC,UtilityPV_Class1_Moderate_,7_anyQual_0,710,6,1,0,1,0,0,0,0,0,0.0,0.0,0,0,0.0,0.0,0.0,0.0,0.0,-1,1.0,0,13756.8,-1.0,0,0,0,0.0,0.0,871935.36,64567,0,0.0,0,0,0.0,0.0,0,0,0.0,0.0,0.0,0.0,0.0,None,0.0,0.0,1.0,1.0,0.0,0.0,0.0,0.0,0.0,0.0,0.0,0,0,0,0.0,0,0.0,0.0,0.0,0.0,0.0,1.0,1.0,0,0,0.0,0.0,0,0,0,0,5366.508,104928.245,1.018,0.2551029622554779,0,0,0,0,0,0,0,0,0,0,0,0,0.0,0.0,0,0,0,0,0,0,0,1,0,0,0,0.8,0,0.0,0.0,0,0.0,0,1,0.0,0,0,0,0,0.0,1,0.0,0.0,0.0,30.0,0.05,30.0,63109,0,15760,0
MISC_utilitypv_class1_moderate_8_anyQual_1,MISC,UtilityPV_Class1_Moderate_,8_anyQual_1,711,6,1,0,1,0,0,0,0,0,0.0,0.0,0,0,0.0,0.0,0.0,0.0,0.0,-1,1.0,0,2078.1,-1.0,0,0,0,0.0,0.0,871935.36,64318,0,0.0,0,0,0.0,0.0,0,0,0.0,0.0,0.0,0.0,0.0,None,0.0,0.0,1.0,1.0,0.0,0.0,0.0,0.0,0.0,0.0,0.0,0,0,0,0.0,0,0.0,0.0,0.0,0.0,0.0,1.0,1.0,0,0,0.0,0.0,0,0,0,0,5170.578,101097.338,1.018,0.2548189163208008,0,0,0,0,0,0,0,0,0,0,0,0,0.0,0.0,0,0,0,0,0,0,0,1,0,0,0,0.8,0,0.0,0.0,0,0.0,0,1,0.0,0,0,0,0,0.0,1,0.0,0.0,0.0,30.0,0.05,30.0,62913,0,15760,0
MISC_utilitypv_class1_moderate_9_anyQual_0,MISC,UtilityPV_Class1_Moderate_,9_anyQual_0,712,6,1,0,1,0,0,0,0,0,0.0,0.0,0,0,0.0,0.0,0.0,0.0,0.0,-1,1.0,0,15030.2,-1.0,0,0,0,0.0,0.0,871935.36,65872,0,0.0,0,0,0.0,0.0,0,0,0.0,0.0,0.0,0.0,0.0,None,0.0,0.0,1.0,1.0,0.0,0.0,0.0,0.0,0.0,0.0,0.0,0,0,0,0.0,0,0.0,0.0,0.0,0.0,0.0,1.0,1.0,0,0,0.0,0.0,0,0,0,0,6392.167,124982.366,1.018,0.2548699080944061,0,0,0,0,0,0,0,0,0,0,0,0,0.0,0.0,0,0,0,0,0,0,0,1,0,0,0,0.8,0,0.0,0.0,0,0.0,0,1,0.0,0,0,0,0,0.0,1,0.0,0.0,0.0,30.0,0.05,30.0,64135,0,15760,0
MISC_utilitypv_class1_moderate_10_anyQual_0,MISC,UtilityPV_Class1_Moderate_,10_anyQual_0,713,6,1,0,1,0,0,0,0,0,0.0,0.0,0,0,0.0,0.0,0.0,0.0,0.0,-1,1.0,0,9557.6,-1.0,0,0,0,0.0,0.0,871935.36,65921,0,0.0,0,0,0.0,0.0,0,0,0.0,0.0,0.0,0.0,0.0,None,0.0,0.0,1.0,1.0,0.0,0.0,0.0,0.0,0.0,0.0,0.0,0,0,0,0.0,0,0.0,0.0,0.0,0.0,0.0,1.0,1.0,0,0,0.0,0.0,0,0,0,0,6430.625,125734.312,1.018,0.2533459961414337,0,0,0,0,0,0,0,0,0,0,0,0,0.0,0.0,0,0,0,0,0,0,0,1,0,0,0,0.8,0,0.0,0.0,0,0.0,0,1,0.0,0,0,0,0,0.0,1,0.0,0.0,0.0,30.0,0.05,30.0,64173,0,15760,0
MISC_utilitypv_class1_moderate_11_anyQual_1,MISC,UtilityPV_Class1_Moderate_,11_anyQual_1,714,6,1,0,1,0,0,0,0,0,0.0,0.0,0,0,0.0,0.0,0.0,0.0,0.0,-1,1.0,0,5447.0,-1.0,0,0,0,0.0,0.0,871935.36,65424,0,0.0,0,0,0.0,0.0,0,0,0.0,0.0,0.0,0.0,0.0,None,0.0,0.0,1.0,1.0,0.0,0.0,0.0,0.0,0.0,0.0,0.0,0,0,0,0.0,0,0.0,0.0,0.0,0.0,0.0,1.0,1.0,0,0,0.0,0.0,0,0,0,0,6040.4,118104.465,1.018,0.2546878159046173,0,0,0,0,0,0,0,0,0,0,0,0,0.0,0.0,0,0,0,0,0,0,0,1,0,0,0,0.8,0,0.0,0.0,0,0.0,0,1,0.0,0,0,0,0,0.0,1,0.0,0.0,0.0,30.0,0.05,30.0,63783,0,15760,0
MISC_utilitypv_class1_moderate_12_anyQual_0,MISC,UtilityPV_Class1_Moderate_,12_anyQual_0,715,6,1,0,1,0,0,0,0,0,0.0,0.0,0,0,0.0,0.0,0.0,0.0,0.0,-1,1.0,0,14536.2,-1.0,0,0,0,0.0,0.0,871935.36,66788,0,0.0,0,0,0.0,0.0,0,0,0.0,0.0,0.0,0.0,0.0,None,0.0,0.0,1.0,1.0,0.0,0.0,0.0,0.0,0.0,0.0,0.0,0,0,0,0.0,0,0.0,0.0,0.0,0.0,0.0,1.0,1.0,0,0,0.0,0.0,0,0,0,0,7112.703,139070.588,1.018,0.2549088597297668,0,0,0,0,0,0,0,0,0,0,0,0,0.0,0.0,0,0,0,0,0,0,0,1,0,0,0,0.8,0,0.0,0.0,0,0.0,0,1,0.0,0,0,0,0,0.0,1,0.0,0.0,0.0,30.0,0.05,30.0,64855,0,15760,0
MISC_utilitypv_class1_moderate_13_anyQual_0,MISC,UtilityPV_Class1_Moderate_,13_anyQual_0,716,6,1,0,1,0,0,0,0,0,0.0,0.0,0,0,0.0,0.0,0.0,0.0,0.0,-1,1.0,0,7318.7,-1.0,0,0,0,0.0,0.0,871935.36,67140,0,0.0,0,0,0.0,0.0,0,0,0.0,0.0,0.0,0.0,0.0,None,0.0,0.0,1.0,1.0,0.0,0.0,0.0,0.0,0.0,0.0,0.0,0,0,0,0.0,0,0.0,0.0,0.0,0.0,0.0,1.0,1.0,0,0,0.0,0.0,0,0,0,0,7389.465,144481.956,1.018,0.2533463537693023,0,0,0,0,0,0,0,0,0,0,0,0,0.0,0.0,0,0,0,0,0,0,0,1,0,0,0,0.8,0,0.0,0.0,0,0.0,0,1,0.0,0,0,0,0,0.0,1,0.0,0.0,0.0,30.0,0.05,30.0,65132,0,15760,0
MISC_utilitypv_class1_moderate_14_anyQual_1,MISC,UtilityPV_Class1_Moderate_,14_anyQual_1,717,6,1,0,1,0,0,0,0,0,0.0,0.0,0,0,0.0,0.0,0.0,0.0,0.0,-1,1.0,0,8149.5,-1.0,0,0,0,0.0,0.0,871935.36,66341,0,0.0,0,0,0.0,0.0,0,0,0.0,0.0,0.0,0.0,0.0,None,0.0,0.0,1.0,1.0,0.0,0.0,0.0,0.0,0.0,0.0,0.0,0,0,0,0.0,0,0.0,0.0,0.0,0.0,0.0,1.0,1.0,0,0,0.0,0.0,0,0,0,0,6760.984,132193.638,1.018,0.2547198235988617,0,0,0,0,0,0,0,0,0,0,0,0,0.0,0.0,0,0,0,0,0,0,0,1,0,0,0,0.8,0,0.0,0.0,0,0.0,0,1,0.0,0,0,0,0,0.0,1,0.0,0.0,0.0,30.0,0.05,30.0,64503,0,15760,0
MISC_landbasedwind_class3_moderate_0_anyQual_0,MISC,LandbasedWind_Class3_Moderate_,0_anyQual_0,718,6,1,0,1,0,0,0,0,0,0.0,0.0,0,0,0.0,6115.0,0.0,0.0,0.0,-1,1.0,0,6115.5,-1.0,0,0,0,0.0,0.0,1065951.189,76781,112480,0.0,0,0,0.0,0.0,0,0,0.0,0.0,0.0,0.0,0.0,None,0.0,0.0,1.0,1.0,0.0,0.0,0.0,0.0,0.0,0.0,0.0,0,0,0,0.0,0,0.0,0.0,0.0,0.0,0.0,1.0,1.0,0,0,0.0,0.0,0,0,0,0,8302.442,162332.966,0.955,0.4446350038051605,0,0,0,0,0,0,0,0,0,0,0,0,0.0,0.0,0,0,0,0,0,0,0,1,0,0,0,0.8,0,0.0,0.0,0,0.0,0,1,0.0,0,0,0,0,0.0,1,0.0,0.0,0.0,30.0,0.05,30.0,74489,0,25258,0
MISC_landbasedwind_class3_moderate_1_anyQual_1,MISC,LandbasedWind_Class3_Moderate_,1_anyQual_1,719,6,1,0,1,0,0,0,0,0,0.0,0.0,0,0,0.0,2914.0,0.0,0.0,0.0,-1,1.0,0,2914.7,-1.0,0,0,0,0.0,0.0,1065951.189,77344,113043,0.0,0,0,0.0,0.0,0,0,0.0,0.0,0.0,0.0,0.0,None,0.0,0.0,1.0,1.0,0.0,0.0,0.0,0.0,0.0,0.0,0.0,0,0,0,0.0,0,0.0,0.0,0.0,0.0,0.0,1.0,1.0,0,0,0.0,0.0,0,0,0,0,8744.884,170983.678,0.955,0.4401040077209472,0,0,0,0,0,0,0,0,0,0,0,0,0.0,0.0,0,0,0,0,0,0,0,1,0,0,0,0.8,0,0.0,0.0,0,0.0,0,1,0.0,0,0,0,0,0.0,1,0.0,0.0,0.0,30.0,0.05,30.0,74931,0,25258,0
MISC_landbasedwind_class3_moderate_2_anyQual_0,MISC,LandbasedWind_Class3_Moderate_,2_anyQual_0,720,6,1,0,1,0,0,0,0,0,0.0,0.0,0,0,0.0,4027.0,0.0,0.0,0.0,-1,1.0,0,4027.4,-1.0,0,0,0,0.0,0.0,1065951.189,86588,122287,0.0,0,0,0.0,0.0,0,0,0.0,0.0,0.0,0.0,0.0,None,0.0,0.0,1.0,1.0,0.0,0.0,0.0,0.0,0.0,0.0,0.0,0,0,0,0.0,0,0.0,0.0,0.0,0.0,0.0,1.0,1.0,0,0,0.0,0.0,0,0,0,0,16012.765,313090.674,0.955,0.436139315366745,0,0,0,0,0,0,0,0,0,0,0,0,0.0,0.0,0,0,0,0,0,0,0,1,0,0,0,0.8,0,0.0,0.0,0,0.0,0,1,0.0,0,0,0,0,0.0,1,0.0,0.0,0.0,30.0,0.05,30.0,82199,0,25258,0
MISC_landbasedwind_class3_moderate_3_anyQual_1,MISC,LandbasedWind_Class3_Moderate_,3_anyQual_1,721,6,1,0,1,0,0,0,0,0,0.0,0.0,0,0,0.0,4962.0,0.0,0.0,0.0,-1,1.0,0,4962.6,-1.0,0,0,0,0.0,0.0,1065951.189,82544,118243,0.0,0,0,0.0,0.0,0,0,0.0,0.0,0.0,0.0,0.0,None,0.0,0.0,1.0,1.0,0.0,0.0,0.0,0.0,0.0,0.0,0.0,0,0,0,0.0,0,0.0,0.0,0.0,0.0,0.0,1.0,1.0,0,0,0.0,0.0,0,0,0,0,12833.062,250917.847,0.955,0.4259878396987915,0,0,0,0,0,0,0,0,0,0,0,0,0.0,0.0,0,0,0,0,0,0,0,1,0,0,0,0.8,0,0.0,0.0,0,0.0,0,1,0.0,0,0,0,0,0.0,1,0.0,0.0,0.0,30.0,0.05,30.0,79020,0,25258,0
MISC_landbasedwind_class3_moderate_4_anyQual_0,MISC,LandbasedWind_Class3_Moderate_,4_anyQual_0,722,6,1,0,1,0,0,0,0,0,0.0,0.0,0,0,0.0,4154.0,0.0,0.0,0.0,-1,1.0,0,4154.9,-1.0,0,0,0,0.0,0.0,1065951.189,91649,127348,0.0,0,0,0.0,0.0,0,0,0.0,0.0,0.0,0.0,0.0,None,0.0,0.0,1.0,1.0,0.0,0.0,0.0,0.0,0.0,0.0,0.0,0,0,0,0.0,0,0.0,0.0,0.0,0.0,0.0,1.0,1.0,0,0,0.0,0.0,0,0,0,0,19991.377,390884.601,0.955,0.4371107220649719,0,0,0,0,0,0,0,0,0,0,0,0,0.0,0.0,0,0,0,0,0,0,0,1,0,0,0,0.8,0,0.0,0.0,0,0.0,0,1,0.0,0,0,0,0,0.0,1,0.0,0.0,0.0,30.0,0.05,30.0,86178,0,25258,0
MISC_landbasedwind_class3_moderate_5_anyQual_1,MISC,LandbasedWind_Class3_Moderate_,5_anyQual_1,723,6,1,0,1,0,0,0,0,0,0.0,0.0,0,0,0.0,4866.0,0.0,0.0,0.0,-1,1.0,0,4866.6,-1.0,0,0,0,0.0,0.0,1065951.189,86068,121766,0.0,0,0,0.0,0.0,0,0,0.0,0.0,0.0,0.0,0.0,None,0.0,0.0,1.0,1.0,0.0,0.0,0.0,0.0,0.0,0.0,0.0,0,0,0,0.0,0,0.0,0.0,0.0,0.0,0.0,1.0,1.0,0,0,0.0,0.0,0,0,0,0,15603.465,305086.811,0.955,0.4234631955623626,0,0,0,0,0,0,0,0,0,0,0,0,0.0,0.0,0,0,0,0,0,0,0,1,0,0,0,0.8,0,0.0,0.0,0,0.0,0,1,0.0,0,0,0,0,0.0,1,0.0,0.0,0.0,30.0,0.05,30.0,81790,0,25258,0
MISC_landbasedwind_class3_moderate_6_anyQual_0,MISC,LandbasedWind_Class3_Moderate_,6_anyQual_0,724,6,1,0,1,0,0,0,0,0,0.0,0.0,0,0,0.0,0.0,0.0,0.0,0.0,-1,1.0,0,4240.1,-1.0,0,0,0,0.0,0.0,1065951.189,95412,0,0.0,0,0,0.0,0.0,0,0,0.0,0.0,0.0,0.0,0.0,None,0.0,0.0,1.0,1.0,0.0,0.0,0.0,0.0,0.0,0.0,0.0,0,0,0,0.0,0,0.0,0.0,0.0,0.0,0.0,1.0,1.0,0,0,0.0,0.0,0,0,0,0,22950.158,448739.19,0.955,0.4351623356342315,0,0,0,0,0,0,0,0,0,0,0,0,0.0,0.0,0,0,0,0,0,0,0,1,0,0,0,0.8,0,0.0,0.0,0,0.0,0,1,0.0,0,0,0,0,0.0,1,0.0,0.0,0.0,30.0,0.05,30.0,89137,0,25258,0
MISC_landbasedwind_class3_moderate_7_anyQual_1,MISC,LandbasedWind_Class3_Moderate_,7_anyQual_1,725,6,1,0,1,0,0,0,0,0,0.0,0.0,0,0,0.0,0.0,0.0,0.0,0.0,-1,1.0,0,4790.3,-1.0,0,0,0,0.0,0.0,1065951.189,88600,0,0.0,0,0,0.0,0.0,0,0,0.0,0.0,0.0,0.0,0.0,None,0.0,0.0,1.0,1.0,0.0,0.0,0.0,0.0,0.0,0.0,0.0,0,0,0,0.0,0,0.0,0.0,0.0,0.0,0.0,1.0,1.0,0,0,0.0,0.0,0,0,0,0,17594.719,344022.118,0.955,0.4190266728401184,0,0,0,0,0,0,0,0,0,0,0,0,0.0,0.0,0,0,0,0,0,0,0,1,0,0,0,0.8,0,0.0,0.0,0,0.0,0,1,0.0,0,0,0,0,0.0,1,0.0,0.0,0.0,30.0,0.05,30.0,83781,0,25258,0
MISC_landbasedwind_class3_moderate_8_anyQual_0,MISC,LandbasedWind_Class3_Moderate_,8_anyQual_0,726,6,1,0,1,0,0,0,0,0,0.0,0.0,0,0,0.0,0.0,0.0,0.0,0.0,-1,1.0,0,2885.5,-1.0,0,0,0,0.0,0.0,1065951.189,95141,0,0.0,0,0,0.0,0.0,0,0,0.0,0.0,0.0,0.0,0.0,None,0.0,0.0,1.0,1.0,0.0,0.0,0.0,0.0,0.0,0.0,0.0,0,0,0,0.0,0,0.0,0.0,0.0,0.0,0.0,1.0,1.0,0,0,0.0,0.0,0,0,0,0,22736.809,444566.181,0.955,0.4176638424396515,0,0,0,0,0,0,0,0,0,0,0,0,0.0,0.0,0,0,0,0,0,0,0,1,0,0,0,0.8,0,0.0,0.0,0,0.0,0,1,0.0,0,0,0,0,0.0,1,0.0,0.0,0.0,30.0,0.05,30.0,88923,0,25258,0
MISC_landbasedwind_class3_moderate_9_anyQual_1,MISC,LandbasedWind_Class3_Moderate_,9_anyQual_1,727,6,1,0,1,0,0,0,0,0,0.0,0.0,0,0,0.0,0.0,0.0,0.0,0.0,-1,1.0,0,6090.3,-1.0,0,0,0,0.0,0.0,1065951.189,90081,0,0.0,0,0,0.0,0.0,0,0,0.0,0.0,0.0,0.0,0.0,None,0.0,0.0,1.0,1.0,0.0,0.0,0.0,0.0,0.0,0.0,0.0,0,0,0,0.0,0,0.0,0.0,0.0,0.0,0.0,1.0,1.0,0,0,0.0,0.0,0,0,0,0,18758.656,366780.182,0.955,0.4064719676971435,0,0,0,0,0,0,0,0,0,0,0,0,0.0,0.0,0,0,0,0,0,0,0,1,0,0,0,0.8,0,0.0,0.0,0,0.0,0,1,0.0,0,0,0,0,0.0,1,0.0,0.0,0.0,30.0,0.05,30.0,84945,0,25258,0
MISC_landbasedwind_class3_moderate_10_anyQual_0,MISC,LandbasedWind_Class3_Moderate_,10_anyQual_0,728,6,1,0,1,0,0,0,0,0,0.0,0.0,0,0,0.0,0.0,0.0,0.0,0.0,-1,1.0,0,6155.7,-1.0,0,0,0,0.0,0.0,1065951.189,96198,0,0.0,0,0,0.0,0.0,0,0,0.0,0.0,0.0,0.0,0.0,None,0.0,0.0,1.0,1.0,0.0,0.0,0.0,0.0,0.0,0.0,0.0,0,0,0,0.0,0,0.0,0.0,0.0,0.0,0.0,1.0,1.0,0,0,0.0,0.0,0,0,0,0,23568.303,460820.364,0.955,0.378541886806488,0,0,0,0,0,0,0,0,0,0,0,0,0.0,0.0,0,0,0,0,0,0,0,1,0,0,0,0.8,0,0.0,0.0,0,0.0,0,1,0.0,0,0,0,0,0.0,1,0.0,0.0,0.0,30.0,0.05,30.0,89755,0,25258,0
MISC_landbasedwind_class3_moderate_11_anyQual_1,MISC,LandbasedWind_Class3_Moderate_,11_anyQual_1,729,6,1,0,1,0,0,0,0,0,0.0,0.0,0,0,0.0,0.0,0.0,0.0,0.0,-1,1.0,0,2846.6,-1.0,0,0,0,0.0,0.0,1065951.189,90701,0,0.0,0,0,0.0,0.0,0,0,0.0,0.0,0.0,0.0,0.0,None,0.0,0.0,1.0,1.0,0.0,0.0,0.0,0.0,0.0,0.0,0.0,0,0,0,0.0,0,0.0,0.0,0.0,0.0,0.0,1.0,1.0,0,0,0.0,0.0,0,0,0,0,19246.328,376314.327,0.955,0.3719781935214996,0,0,0,0,0,0,0,0,0,0,0,0,0.0,0.0,0,0,0,0,0,0,0,1,0,0,0,0.8,0,0.0,0.0,0,0.0,0,1,0.0,0,0,0,0,0.0,1,0.0,0.0,0.0,30.0,0.05,30.0,85433,0,25258,0
MISE_naturalgas_hframe_cc_95_ccs_moderate_0,MISE,NaturalGas_H-Frame CC 95% CCS_Moderate,0,730,7,0,1,0,0,0,0,0,0,0.0,0.0,0,0,0.0,4482.0,0.0,0.0,0.0,-1,500.0,0,-1.0,-1.0,0,0,0,0.0,0.0,1943268.308,132787,210898,0.0,0,0,8.47,0.0,0,0,106.0,2.0,6.78,0.0,0.0,east_north_central_naturalgas_ccs95,0.6,0.0,1.0,1.0,0.0,0.0,0.0,0.106666667,0.213333333,0.0,0.0,0,0,0,0.95,27,11515.399,135039.757,14.368,0.342,4.911,0.64,0.64,6,6,10.0,45550.0,0,0,0,0,0.0,0.0,1.029,0.0,0,0,0,0,0,0,0,0,0,0,0,0,0.0,0.0,0,0,0,0,0,0,0,0,0,0,0,0.93,0,0.0,0.0,0,0.0,0,0,0.0,0,0,0,0,0.0,1,0.0,0.0,0.0,30.0,0.05,30.0,143785,0,49041,0
MISE_naturalgas_hframe_cc_moderate_0,MISE,NaturalGas_H-Frame CC_Moderate,0,731,7,0,1,0,0,0,0,0,0,0.0,0.0,0,0,0.0,5437.0,0.0,0.0,0.0,-1,500.0,0,-1.0,-1.0,0,0,0,0.0,0.0,1096691.96,80012,114597,0.0,0,0,1.72,0.0,0,0,106.0,2.0,6.09,0.0,0.0,east_north_central_naturalgas,0.3,0.0,1.0,1.0,0.0,0.0,0.0,0.0,0.0,0.0,0.0,0,0,0,0.0,0,0.0,0.0,0.0,0.0,0.0,0.64,0.64,6,6,10.0,45550.0,0,0,0,0,0.0,0.0,1.08,0.0,0,0,0,0,0,0,0,0,0,0,0,0,0.0,0.0,0,0,0,0,0,0,0,0,0,0,0,0.93,0,0.0,0.0,0,0.0,0,0,0.0,0,0,0,0,0.0,0,0.0,0.0,0.0,30.0,0.05,30.0,79191,0,26266,0
MISE_naturalgas_fframe_ct_moderate_0,MISE,NaturalGas_F-Frame CT_Moderate,0,732,7,0,1,0,0,0,0,0,0,0.0,0.0,0,0,0.0,0.0,0.0,0.0,0.0,-1,100.0,0,-1.0,-1.0,0,0,0,0.0,0.0,977045.463,71797,0,0.0,0,0,6.15,0.0,0,0,137.0,3.5,9.72,0.0,0.0,east_north_central_naturalgas,0.3,0.0,1.0,1.0,0.0,0.0,0.0,0.0,0.0,0.0,0.0,0,0,0,0.0,0,0.0,0.0,0.0,0.0,0.0,3.78,3.78,1,1,10.0,45550.0,0,0,0,0,0.0,0.0,1.083,0.0,0,0,0,0,0,0,0,0,0,0,0,0,0.0,0.0,0,0,0,0,0,0,0,0,0,0,0,0.93,0,0.0,0.0,0,0.0,0,0,0.0,0,0,0,0,0.0,0,0.0,0.0,0.0,30.0,0.05,30.0,71006,0,21509,0
MISE_battery_moderate_0,MISE,Battery_*_Moderate,0,733,7,0,0,0,0,1,0,0,0,0.0,0.0,0,0,0.0,0.0,0.0,0.0,0.0,-1,1.0,0,-1.0,-1.0,0,0,0,0.0,0.0,274910.679,26538,0,205428.952,19831,0,0.15,0.15,0,0,0.0,0.0,0.0,0.0,0.0,None,0.0,0.0,0.92,0.92,0.0,1.0,10.0,0.0,0.0,0.0,0.0,0,0,0,0.0,0,0.0,0.0,0.0,0.0,0.0,1.0,1.0,0,0,0.0,0.0,0,0,0,0,0.0,0.0,1.002,0.0,0,0,0,0,0,0,0,0,0,0,0,0,0.0,0.0,0,0,0,0,0,0,0,0,0,0,0,0.95,0,0.0,0.0,0,0.0,0,0,0.0,0,0,0,0,0.0,0,0.0,0.0,0.0,15.0,0.05,15.0,26542,19834,6872,5135
MISE_nuclear_nuclear_moderate_0,MISE,Nuclear_Nuclear_Moderate,0,734,7,0,1,0,0,0,0,0,0,0.0,0.0,0,0,0.0,0.0,0.0,0.0,0.0,-1,2000.0,0,-1.0,-1.0,0,0,0,0.0,0.0,7229469.526,464507,0,0.0,0,0,2.36,0.0,0,0,285.0,0.0,10.45,0.0,0.0,east_north_central_uranium,0.5,0.0,1.0,1.0,0.0,0.0,0.0,0.041666667,0.083333333,0.0,0.0,0,0,0,0.0,0,0.0,0.0,0.0,0.0,0.0,0.25,0.25,24,24,50.0,227750.0,0,0,0,0,0.0,0.0,1.071,0.0,0,0,0,0,0,0,0,0,0,0,0,0,0.0,0.0,0,0,0,0,0,0,0,0,0,0,0,0.93,0,0.0,0.0,0,0.0,0,0,0.0,0,0,0,0,0.0,1,0.0,0.0,0.0,40.0,0.05,40.0,462105,0,145294,0
MISE_hydrogen_fframe_ct_moderate_0,MISE,Hydrogen_F-Frame CT_Moderate,0,735,7,0,1,0,0,0,0,0,0,0.0,0.0,0,0,0.0,0.0,0.0,0.0,0.0,-1,100.0,0,-1.0,-1.0,0,0,0,0.0,0.0,1074750.009,75717,0,0.0,0,0,6.15,0.0,0,0,137.0,3.5,9.72,0.0,0.0,hydrogen,0.3,0.0,1.0,1.0,0.0,0.0,0.0,0.0,0.0,0.0,0.0,0,0,0,0.0,0,0.0,0.0,0.0,0.0,0.0,3.78,3.78,1,1,0.0,0.0,0,0,0,0,0.0,0.0,1.083,0.0,0,0,0,0,0,0,0,0,0,0,0,0,0.0,0.0,0,0,0,0,0,0,0,0,0,0,0,0.93,0,0.0,0.0,0,0.0,0,0,0.0,0,0,0,0,0.0,1,0.0,0.0,0.0,30.0,0.05,30.0,75723,0,21509,0
MISE_hydrogen_hframe_cc_moderate_0,MISE,Hydrogen_H-Frame CC_Moderate,0,736,7,0,1,0,0,0,0,0,0,0.0,0.0,0,0,0.0,0.0,0.0,0.0,0.0,-1,500.0,0,-1.0,-1.0,0,0,0,0.0,0.0,1206361.156,84754,0,0.0,0,0,1.72,0.0,0,0,106.0,2.0,6.09,0.0,0.0,hydrogen,0.3,0.0,1.0,1.0,0.0,0.0,0.0,0.0,0.0,0.0,0.0,0,0,0,0.0,0,0.0,0.0,0.0,0.0,0.0,0.64,0.64,6,6,0.0,0.0,0,0,0,0,0.0,0.0,1.08,0.0,0,0,0,0,0,0,0,0,0,0,0,0,0.0,0.0,0,0,0,0,0,0,0,0,0,0,0,0.93,0,0.0,0.0,0,0.0,0,0,0.0,0,0,0,0,0.0,1,0.0,0.0,0.0,30.0,0.05,30.0,84727,0,26266,0
MISE_landbasedwind_class3_moderate_0_anyQual_0,MISE,LandbasedWind_Class3_Moderate_,0_anyQual_0,737,7,1,0,1,0,0,0,0,0,0.0,0.0,0,0,0.0,91.6,0.0,0.0,0.0,-1,1.0,0,91.6,-1.0,0,0,0,0.0,0.0,1065951.189,92454,129803,0.0,0,0,0.0,0.0,0,0,0.0,0.0,0.0,0.0,0.0,None,0.0,0.0,1.0,1.0,0.0,0.0,0.0,0.0,0.0,0.0,0.0,0,0,0,0.0,0,0.0,0.0,0.0,0.0,0.0,1.0,1.0,0,0,0.0,0.0,0,0,0,0,10321.173,201803.96,1.144,0.4302157759666443,0,0,0,0,0,0,0,0,0,0,0,0,0.0,0.0,0,0,0,0,0,0,0,1,0,0,0,0.8,0,0.0,0.0,0,0.0,0,1,0.0,0,0,0,0,0.0,1,0.0,0.0,0.0,30.0,0.05,30.0,89651,0,25258,0
MISE_landbasedwind_class3_moderate_1_anyQual_0,MISE,LandbasedWind_Class3_Moderate_,1_anyQual_0,738,7,1,0,1,0,0,0,0,0,0.0,0.0,0,0,0.0,59.7,0.0,0.0,0.0,-1,1.0,0,59.7,-1.0,0,0,0,0.0,0.0,1065951.189,92022,129371,0.0,0,0,0.0,0.0,0,0,0.0,0.0,0.0,0.0,0.0,None,0.0,0.0,1.0,1.0,0.0,0.0,0.0,0.0,0.0,0.0,0.0,0,0,0,0.0,0,0.0,0.0,0.0,0.0,0.0,1.0,1.0,0,0,0.0,0.0,0,0,0,0,9981.262,195157.873,1.144,0.4497211873531341,0,0,0,0,0,0,0,0,0,0,0,0,0.0,0.0,0,0,0,0,0,0,0,1,0,0,0,0.8,0,0.0,0.0,0,0.0,0,1,0.0,0,0,0,0,0.0,1,0.0,0.0,0.0,30.0,0.05,30.0,89311,0,25258,0
MISE_landbasedwind_class3_moderate_2_anyQual_0,MISE,LandbasedWind_Class3_Moderate_,2_anyQual_0,739,7,1,0,1,0,0,0,0,0,0.0,0.0,0,0,0.0,86.9,0.0,0.0,0.0,-1,1.0,0,86.9,-1.0,0,0,0,0.0,0.0,1065951.189,93069,130418,0.0,0,0,0.0,0.0,0,0,0.0,0.0,0.0,0.0,0.0,None,0.0,0.0,1.0,1.0,0.0,0.0,0.0,0.0,0.0,0.0,0.0,0,0,0,0.0,0,0.0,0.0,0.0,0.0,0.0,1.0,1.0,0,0,0.0,0.0,0,0,0,0,10804.292,211250.109,1.144,0.4405622780323028,0,0,0,0,0,0,0,0,0,0,0,0,0.0,0.0,0,0,0,0,0,0,0,1,0,0,0,0.8,0,0.0,0.0,0,0.0,0,1,0.0,0,0,0,0,0.0,1,0.0,0.0,0.0,30.0,0.05,30.0,90134,0,25258,0
MISE_landbasedwind_class3_moderate_3_anyQual_1,MISE,LandbasedWind_Class3_Moderate_,3_anyQual_1,740,7,1,0,1,0,0,0,0,0,0.0,0.0,0,0,0.0,674.0,0.0,0.0,0.0,-1,1.0,0,674.0,-1.0,0,0,0,0.0,0.0,1065951.189,93567,130915,0.0,0,0,0.0,0.0,0,0,0.0,0.0,0.0,0.0,0.0,None,0.0,0.0,1.0,1.0,0.0,0.0,0.0,0.0,0.0,0.0,0.0,0,0,0,0.0,0,0.0,0.0,0.0,0.0,0.0,1.0,1.0,0,0,0.0,0.0,0,0,0,0,11195.783,218904.713,1.144,0.4526646137237549,0,0,0,0,0,0,0,0,0,0,0,0,0.0,0.0,0,0,0,0,0,0,0,1,0,0,0,0.8,0,0.0,0.0,0,0.0,0,1,0.0,0,0,0,0,0.0,1,0.0,0.0,0.0,30.0,0.05,30.0,90525,0,25258,0
MISE_landbasedwind_class3_moderate_4_anyQual_1,MISE,LandbasedWind_Class3_Moderate_,4_anyQual_1,741,7,1,0,1,0,0,0,0,0,0.0,0.0,0,0,0.0,469.0,0.0,0.0,0.0,-1,1.0,0,469.4,-1.0,0,0,0,0.0,0.0,1065951.189,97677,135025,0.0,0,0,0.0,0.0,0,0,0.0,0.0,0.0,0.0,0.0,None,0.0,0.0,1.0,1.0,0.0,0.0,0.0,0.0,0.0,0.0,0.0,0,0,0,0.0,0,0.0,0.0,0.0,0.0,0.0,1.0,1.0,0,0,0.0,0.0,0,0,0,0,14426.995,282082.726,1.144,0.4787011742591858,0,0,0,0,0,0,0,0,0,0,0,0,0.0,0.0,0,0,0,0,0,0,0,1,0,0,0,0.8,0,0.0,0.0,0,0.0,0,1,0.0,0,0,0,0,0.0,1,0.0,0.0,0.0,30.0,0.05,30.0,93756,0,25258,0
MISE_landbasedwind_class3_moderate_5_anyQual_1,MISE,LandbasedWind_Class3_Moderate_,5_anyQual_1,742,7,1,0,1,0,0,0,0,0,0.0,0.0,0,0,0.0,148.8,0.0,0.0,0.0,-1,1.0,0,148.8,-1.0,0,0,0,0.0,0.0,1065951.189,89266,126615,0.0,0,0,0.0,0.0,0,0,0.0,0.0,0.0,0.0,0.0,None,0.0,0.0,1.0,1.0,0.0,0.0,0.0,0.0,0.0,0.0,0.0,0,0,0,0.0,0,0.0,0.0,0.0,0.0,0.0,1.0,1.0,0,0,0.0,0.0,0,0,0,0,7814.315,152788.811,1.144,0.4267344176769256,0,0,0,0,0,0,0,0,0,0,0,0,0.0,0.0,0,0,0,0,0,0,0,1,0,0,0,0.8,0,0.0,0.0,0,0.0,0,1,0.0,0,0,0,0,0.0,1,0.0,0.0,0.0,30.0,0.05,30.0,87144,0,25258,0
MISE_landbasedwind_class3_moderate_6_anyQual_0,MISE,LandbasedWind_Class3_Moderate_,6_anyQual_0,743,7,1,0,1,0,0,0,0,0,0.0,0.0,0,0,0.0,105.0,0.0,0.0,0.0,-1,1.0,0,105.2,-1.0,0,0,0,0.0,0.0,1065951.189,95978,133327,0.0,0,0,0.0,0.0,0,0,0.0,0.0,0.0,0.0,0.0,None,0.0,0.0,1.0,1.0,0.0,0.0,0.0,0.0,0.0,0.0,0.0,0,0,0,0.0,0,0.0,0.0,0.0,0.0,0.0,1.0,1.0,0,0,0.0,0.0,0,0,0,0,13091.681,255974.106,1.144,0.4317896962165832,0,0,0,0,0,0,0,0,0,0,0,0,0.0,0.0,0,0,0,0,0,0,0,1,0,0,0,0.8,0,0.0,0.0,0,0.0,0,1,0.0,0,0,0,0,0.0,1,0.0,0.0,0.0,30.0,0.05,30.0,92421,0,25258,0
MISE_landbasedwind_class3_moderate_7_anyQual_0,MISE,LandbasedWind_Class3_Moderate_,7_anyQual_0,744,7,1,0,1,0,0,0,0,0,0.0,0.0,0,0,0.0,16.0,0.0,0.0,0.0,-1,1.0,0,16.5,-1.0,0,0,0,0.0,0.0,1065951.189,85611,122960,0.0,0,0,0.0,0.0,0,0,0.0,0.0,0.0,0.0,0.0,None,0.0,0.0,1.0,1.0,0.0,0.0,0.0,0.0,0.0,0.0,0.0,0,0,0,0.0,0,0.0,0.0,0.0,0.0,0.0,1.0,1.0,0,0,0.0,0.0,0,0,0,0,4940.708,96602.817,1.144,0.4030195772647857,0,0,0,0,0,0,0,0,0,0,0,0,0.0,0.0,0,0,0,0,0,0,0,1,0,0,0,0.8,0,0.0,0.0,0,0.0,0,1,0.0,0,0,0,0,0.0,1,0.0,0.0,0.0,30.0,0.05,30.0,84270,0,25258,0
MISE_landbasedwind_class3_moderate_8_anyQual_0,MISE,LandbasedWind_Class3_Moderate_,8_anyQual_0,745,7,1,0,1,0,0,0,0,0,0.0,0.0,0,0,0.0,50.0,0.0,0.0,0.0,-1,1.0,0,50.1,-1.0,0,0,0,0.0,0.0,1065951.189,93763,131111,0.0,0,0,0.0,0.0,0,0,0.0,0.0,0.0,0.0,0.0,None,0.0,0.0,1.0,1.0,0.0,0.0,0.0,0.0,0.0,0.0,0.0,0,0,0,0.0,0,0.0,0.0,0.0,0.0,0.0,1.0,1.0,0,0,0.0,0.0,0,0,0,0,11349.642,221913.024,1.144,0.4225457608699798,0,0,0,0,0,0,0,0,0,0,0,0,0.0,0.0,0,0,0,0,0,0,0,1,0,0,0,0.8,0,0.0,0.0,0,0.0,0,1,0.0,0,0,0,0,0.0,1,0.0,0.0,0.0,30.0,0.05,30.0,90679,0,25258,0
MISE_landbasedwind_class3_moderate_9_anyQual_1,MISE,LandbasedWind_Class3_Moderate_,9_anyQual_1,746,7,1,0,1,0,0,0,0,0,0.0,0.0,0,0,0.0,1018.0,0.0,0.0,0.0,-1,1.0,0,1018.4,-1.0,0,0,0,0.0,0.0,1065951.189,99224,136572,0.0,0,0,0.0,0.0,0,0,0.0,0.0,0.0,0.0,0.0,None,0.0,0.0,1.0,1.0,0.0,0.0,0.0,0.0,0.0,0.0,0.0,0,0,0,0.0,0,0.0,0.0,0.0,0.0,0.0,1.0,1.0,0,0,0.0,0.0,0,0,0,0,15643.102,305860.878,1.144,0.4369896650314331,0,0,0,0,0,0,0,0,0,0,0,0,0.0,0.0,0,0,0,0,0,0,0,1,0,0,0,0.8,0,0.0,0.0,0,0.0,0,1,0.0,0,0,0,0,0.0,1,0.0,0.0,0.0,30.0,0.05,30.0,94973,0,25258,0
MISE_landbasedwind_class3_moderate_10_anyQual_1,MISE,LandbasedWind_Class3_Moderate_,10_anyQual_1,747,7,1,0,1,0,0,0,0,0,0.0,0.0,0,0,0.0,223.9,0.0,0.0,0.0,-1,1.0,0,223.9,-1.0,0,0,0,0.0,0.0,1065951.189,115822,153171,0.0,0,0,0.0,0.0,0,0,0.0,0.0,0.0,0.0,0.0,None,0.0,0.0,1.0,1.0,0.0,0.0,0.0,0.0,0.0,0.0,0.0,0,0,0,0.0,0,0.0,0.0,0.0,0.0,0.0,1.0,1.0,0,0,0.0,0.0,0,0,0,0,28692.213,561023.628,1.144,0.4681088626384735,0,0,0,0,0,0,0,0,0,0,0,0,0.0,0.0,0,0,0,0,0,0,0,1,0,0,0,0.8,0,0.0,0.0,0,0.0,0,1,0.0,0,0,0,0,0.0,1,0.0,0.0,0.0,30.0,0.05,30.0,108022,0,25258,0
MISE_landbasedwind_class3_moderate_11_anyQual_1,MISE,LandbasedWind_Class3_Moderate_,11_anyQual_1,748,7,1,0,1,0,0,0,0,0,0.0,0.0,0,0,0.0,116.0,0.0,0.0,0.0,-1,1.0,0,116.5,-1.0,0,0,0,0.0,0.0,1065951.189,90911,128259,0.0,0,0,0.0,0.0,0,0,0.0,0.0,0.0,0.0,0.0,None,0.0,0.0,1.0,1.0,0.0,0.0,0.0,0.0,0.0,0.0,0.0,0,0,0,0.0,0,0.0,0.0,0.0,0.0,0.0,1.0,1.0,0,0,0.0,0.0,0,0,0,0,9107.276,178069.335,1.144,0.413660854101181,0,0,0,0,0,0,0,0,0,0,0,0,0.0,0.0,0,0,0,0,0,0,0,1,0,0,0,0.8,0,0.0,0.0,0,0.0,0,1,0.0,0,0,0,0,0.0,1,0.0,0.0,0.0,30.0,0.05,30.0,88437,0,25258,0
MISE_landbasedwind_class3_moderate_12_anyQual_0,MISE,LandbasedWind_Class3_Moderate_,12_anyQual_0,749,7,1,0,1,0,0,0,0,0,0.0,0.0,0,0,0.0,13.0,0.0,0.0,0.0,-1,1.0,0,13.5,-1.0,0,0,0,0.0,0.0,1065951.189,92072,129420,0.0,0,0,0.0,0.0,0,0,0.0,0.0,0.0,0.0,0.0,None,0.0,0.0,1.0,1.0,0.0,0.0,0.0,0.0,0.0,0.0,0.0,0,0,0,0.0,0,0.0,0.0,0.0,0.0,0.0,1.0,1.0,0,0,0.0,0.0,0,0,0,0,10020.082,195916.905,1.144,0.3998089134693146,0,0,0,0,0,0,0,0,0,0,0,0,0.0,0.0,0,0,0,0,0,0,0,1,0,0,0,0.8,0,0.0,0.0,0,0.0,0,1,0.0,0,0,0,0,0.0,1,0.0,0.0,0.0,30.0,0.05,30.0,89350,0,25258,0
MISE_landbasedwind_class3_moderate_13_anyQual_0,MISE,LandbasedWind_Class3_Moderate_,13_anyQual_0,750,7,1,0,1,0,0,0,0,0,0.0,0.0,0,0,0.0,15.0,0.0,0.0,0.0,-1,1.0,0,15.0,-1.0,0,0,0,0.0,0.0,1065951.189,98702,136051,0.0,0,0,0.0,0.0,0,0,0.0,0.0,0.0,0.0,0.0,None,0.0,0.0,1.0,1.0,0.0,0.0,0.0,0.0,0.0,0.0,0.0,0,0,0,0.0,0,0.0,0.0,0.0,0.0,0.0,1.0,1.0,0,0,0.0,0.0,0,0,0,0,15233.273,297847.426,1.144,0.4147156476974487,0,0,0,0,0,0,0,0,0,0,0,0,0.0,0.0,0,0,0,0,0,0,0,1,0,0,0,0.8,0,0.0,0.0,0,0.0,0,1,0.0,0,0,0,0,0.0,1,0.0,0.0,0.0,30.0,0.05,30.0,94563,0,25258,0
MISE_landbasedwind_class3_moderate_14_anyQual_0,MISE,LandbasedWind_Class3_Moderate_,14_anyQual_0,751,7,1,0,1,0,0,0,0,0,0.0,0.0,0,0,0.0,4.8,0.0,0.0,0.0,-1,1.0,0,4.8,-1.0,0,0,0,0.0,0.0,1065951.189,89356,126705,0.0,0,0,0.0,0.0,0,0,0.0,0.0,0.0,0.0,0.0,None,0.0,0.0,1.0,1.0,0.0,0.0,0.0,0.0,0.0,0.0,0.0,0,0,0,0.0,0,0.0,0.0,0.0,0.0,0.0,1.0,1.0,0,0,0.0,0.0,0,0,0,0,7885.098,154172.777,1.144,0.3909374177455902,0,0,0,0,0,0,0,0,0,0,0,0,0.0,0.0,0,0,0,0,0,0,0,1,0,0,0,0.8,0,0.0,0.0,0,0.0,0,1,0.0,0,0,0,0,0.0,1,0.0,0.0,0.0,30.0,0.05,30.0,87215,0,25258,0
MISE_landbasedwind_class3_moderate_15_anyQual_1,MISE,LandbasedWind_Class3_Moderate_,15_anyQual_1,752,7,1,0,1,0,0,0,0,0,0.0,0.0,0,0,0.0,557.9,0.0,0.0,0.0,-1,1.0,0,557.9,-1.0,0,0,0,0.0,0.0,1065951.189,124444,161792,0.0,0,0,0.0,0.0,0,0,0.0,0.0,0.0,0.0,0.0,None,0.0,0.0,1.0,1.0,0.0,0.0,0.0,0.0,0.0,0.0,0.0,0,0,0,0.0,0,0.0,0.0,0.0,0.0,0.0,1.0,1.0,0,0,0.0,0.0,0,0,0,0,35469.838,693556.238,1.144,0.457370400428772,0,0,0,0,0,0,0,0,0,0,0,0,0.0,0.0,0,0,0,0,0,0,0,1,0,0,0,0.8,0,0.0,0.0,0,0.0,0,1,0.0,0,0,0,0,0.0,1,0.0,0.0,0.0,30.0,0.05,30.0,114799,0,25258,0
MISE_landbasedwind_class3_moderate_16_anyQual_1,MISE,LandbasedWind_Class3_Moderate_,16_anyQual_1,753,7,1,0,1,0,0,0,0,0,0.0,0.0,0,0,0.0,374.0,0.0,0.0,0.0,-1,1.0,0,374.5,-1.0,0,0,0,0.0,0.0,1065951.189,101139,138488,0.0,0,0,0.0,0.0,0,0,0.0,0.0,0.0,0.0,0.0,None,0.0,0.0,1.0,1.0,0.0,0.0,0.0,0.0,0.0,0.0,0.0,0,0,0,0.0,0,0.0,0.0,0.0,0.0,0.0,1.0,1.0,0,0,0.0,0.0,0,0,0,0,17149.196,335308.361,1.144,0.4017943143844604,0,0,0,0,0,0,0,0,0,0,0,0,0.0,0.0,0,0,0,0,0,0,0,1,0,0,0,0.8,0,0.0,0.0,0,0.0,0,1,0.0,0,0,0,0,0.0,1,0.0,0.0,0.0,30.0,0.05,30.0,96479,0,25258,0
MISE_landbasedwind_class3_moderate_17_anyQual_1,MISE,LandbasedWind_Class3_Moderate_,17_anyQual_1,754,7,1,0,1,0,0,0,0,0,0.0,0.0,0,0,0.0,555.7,0.0,0.0,0.0,-1,1.0,0,555.7,-1.0,0,0,0,0.0,0.0,1065951.189,106956,144304,0.0,0,0,0.0,0.0,0,0,0.0,0.0,0.0,0.0,0.0,None,0.0,0.0,1.0,1.0,0.0,0.0,0.0,0.0,0.0,0.0,0.0,0,0,0,0.0,0,0.0,0.0,0.0,0.0,0.0,1.0,1.0,0,0,0.0,0.0,0,0,0,0,21722.294,424726.372,1.144,0.4225431382656097,0,0,0,0,0,0,0,0,0,0,0,0,0.0,0.0,0,0,0,0,0,0,0,1,0,0,0,0.8,0,0.0,0.0,0,0.0,0,1,0.0,0,0,0,0,0.0,1,0.0,0.0,0.0,30.0,0.05,30.0,101052,0,25258,0
MISE_landbasedwind_class3_moderate_18_anyQual_0,MISE,LandbasedWind_Class3_Moderate_,18_anyQual_0,755,7,1,0,1,0,0,0,0,0,0.0,0.0,0,0,0.0,5.0,0.0,0.0,0.0,-1,1.0,0,5.1,-1.0,0,0,0,0.0,0.0,1065951.189,105384,142732,0.0,0,0,0.0,0.0,0,0,0.0,0.0,0.0,0.0,0.0,None,0.0,0.0,1.0,1.0,0.0,0.0,0.0,0.0,0.0,0.0,0.0,0,0,0,0.0,0,0.0,0.0,0.0,0.0,0.0,1.0,1.0,0,0,0.0,0.0,0,0,0,0,20486.314,400557.1,1.144,0.3873358368873596,0,0,0,0,0,0,0,0,0,0,0,0,0.0,0.0,0,0,0,0,0,0,0,1,0,0,0,0.8,0,0.0,0.0,0,0.0,0,1,0.0,0,0,0,0,0.0,1,0.0,0.0,0.0,30.0,0.05,30.0,99816,0,25258,0
MISE_landbasedwind_class3_moderate_19_anyQual_0,MISE,LandbasedWind_Class3_Moderate_,19_anyQual_0,756,7,1,0,1,0,0,0,0,0,0.0,0.0,0,0,0.0,4.0,0.0,0.0,0.0,-1,1.0,0,4.0,-1.0,0,0,0,0.0,0.0,1065951.189,100542,137890,0.0,0,0,0.0,0.0,0,0,0.0,0.0,0.0,0.0,0.0,None,0.0,0.0,1.0,1.0,0.0,0.0,0.0,0.0,0.0,0.0,0.0,0,0,0,0.0,0,0.0,0.0,0.0,0.0,0.0,1.0,1.0,0,0,0.0,0.0,0,0,0,0,16679.464,326123.97,1.144,0.3895966410636902,0,0,0,0,0,0,0,0,0,0,0,0,0.0,0.0,0,0,0,0,0,0,0,1,0,0,0,0.8,0,0.0,0.0,0,0.0,0,1,0.0,0,0,0,0,0.0,1,0.0,0.0,0.0,30.0,0.05,30.0,96009,0,25258,0
MISE_landbasedwind_class3_moderate_20_anyQual_1,MISE,LandbasedWind_Class3_Moderate_,20_anyQual_1,757,7,1,0,1,0,0,0,0,0,0.0,0.0,0,0,0.0,379.0,0.0,0.0,0.0,-1,1.0,0,379.1,-1.0,0,0,0,0.0,0.0,1065951.189,117391,154739,0.0,0,0,0.0,0.0,0,0,0.0,0.0,0.0,0.0,0.0,None,0.0,0.0,1.0,1.0,0.0,0.0,0.0,0.0,0.0,0.0,0.0,0,0,0,0.0,0,0.0,0.0,0.0,0.0,0.0,1.0,1.0,0,0,0.0,0.0,0,0,0,0,29924.63,585132.832,1.144,0.3902557790279388,0,0,0,0,0,0,0,0,0,0,0,0,0.0,0.0,0,0,0,0,0,0,0,1,0,0,0,0.8,0,0.0,0.0,0,0.0,0,1,0.0,0,0,0,0,0.0,1,0.0,0.0,0.0,30.0,0.05,30.0,109254,0,25258,0
MISE_landbasedwind_class3_moderate_21_anyQual_1,MISE,LandbasedWind_Class3_Moderate_,21_anyQual_1,758,7,1,0,1,0,0,0,0,0,0.0,0.0,0,0,0.0,766.8,0.0,0.0,0.0,-1,1.0,0,766.8,-1.0,0,0,0,0.0,0.0,1065951.189,127895,165244,0.0,0,0,0.0,0.0,0,0,0.0,0.0,0.0,0.0,0.0,None,0.0,0.0,1.0,1.0,0.0,0.0,0.0,0.0,0.0,0.0,0.0,0,0,0,0.0,0,0.0,0.0,0.0,0.0,0.0,1.0,1.0,0,0,0.0,0.0,0,0,0,0,38181.808,746611.155,1.144,0.4185830354690552,0,0,0,0,0,0,0,0,0,0,0,0,0.0,0.0,0,0,0,0,0,0,0,1,0,0,0,0.8,0,0.0,0.0,0,0.0,0,1,0.0,0,0,0,0,0.0,1,0.0,0.0,0.0,30.0,0.05,30.0,117511,0,25258,0
MISE_landbasedwind_class3_moderate_22_anyQual_1,MISE,LandbasedWind_Class3_Moderate_,22_anyQual_1,759,7,1,0,1,0,0,0,0,0,0.0,0.0,0,0,0.0,368.9,0.0,0.0,0.0,-1,1.0,0,368.9,-1.0,0,0,0,0.0,0.0,1065951.189,131440,168789,0.0,0,0,0.0,0.0,0,0,0.0,0.0,0.0,0.0,0.0,None,0.0,0.0,1.0,1.0,0.0,0.0,0.0,0.0,0.0,0.0,0.0,0,0,0,0.0,0,0.0,0.0,0.0,0.0,0.0,1.0,1.0,0,0,0.0,0.0,0,0,0,0,40969.699,801112.707,1.144,0.4433940052986145,0,0,0,0,0,0,0,0,0,0,0,0,0.0,0.0,0,0,0,0,0,0,0,1,0,0,0,0.8,0,0.0,0.0,0,0.0,0,1,0.0,0,0,0,0,0.0,1,0.0,0.0,0.0,30.0,0.05,30.0,120299,0,25258,0
MISE_utilitypv_class1_moderate_0_anyQual_0,MISE,UtilityPV_Class1_Moderate_,0_anyQual_0,760,7,1,0,1,0,0,0,0,0,0.0,0.0,0,0,0.0,6832.0,0.0,0.0,0.0,-1,1.0,0,13576.6,-1.0,0,0,0,0.0,0.0,871935.36,63606,102584,0.0,0,0,0.0,0.0,0,0,0.0,0.0,0.0,0.0,0.0,None,0.0,0.0,1.0,1.0,0.0,0.0,0.0,0.0,0.0,0.0,0.0,0,0,0,0.0,0,0.0,0.0,0.0,0.0,0.0,1.0,1.0,0,0,0.0,0.0,0,0,0,0,5056.384,98864.573,1.008,0.2489182651042938,0,0,0,0,0,0,0,0,0,0,0,0,0.0,0.0,0,0,0,0,0,0,0,1,0,0,0,0.8,0,0.0,0.0,0,0.0,0,1,0.0,0,0,0,0,0.0,1,0.0,0.0,0.0,30.0,0.05,30.0,62202,0,15760,0
MISE_utilitypv_class1_moderate_2_anyQual_1,MISE,UtilityPV_Class1_Moderate_,2_anyQual_1,761,7,1,0,1,0,0,0,0,0,0.0,0.0,0,0,0.0,6481.0,0.0,0.0,0.0,-1,1.0,0,6481.7,-1.0,0,0,0,0.0,0.0,871935.36,62881,101861,0.0,0,0,0.0,0.0,0,0,0.0,0.0,0.0,0.0,0.0,None,0.0,0.0,1.0,1.0,0.0,0.0,0.0,0.0,0.0,0.0,0.0,0,0,0,0.0,0,0.0,0.0,0.0,0.0,0.0,1.0,1.0,0,0,0.0,0.0,0,0,0,0,4486.924,87730.236,1.008,0.2492494285106659,0,0,0,0,0,0,0,0,0,0,0,0,0.0,0.0,0,0,0,0,0,0,0,1,0,0,0,0.8,0,0.0,0.0,0,0.0,0,1,0.0,0,0,0,0,0.0,1,0.0,0.0,0.0,30.0,0.05,30.0,61632,0,15760,0
MISE_utilitypv_class1_moderate_5_anyQual_0,MISE,UtilityPV_Class1_Moderate_,5_anyQual_0,762,7,1,0,1,0,0,0,0,0,0.0,0.0,0,0,0.0,0.0,0.0,0.0,0.0,-1,1.0,0,11028.5,-1.0,0,0,0,0.0,0.0,871935.36,68159,0,0.0,0,0,0.0,0.0,0,0,0.0,0.0,0.0,0.0,0.0,None,0.0,0.0,1.0,1.0,0.0,0.0,0.0,0.0,0.0,0.0,0.0,0,0,0,0.0,0,0.0,0.0,0.0,0.0,0.0,1.0,1.0,0,0,0.0,0.0,0,0,0,0,8636.328,168861.149,1.008,0.2485245913267135,0,0,0,0,0,0,0,0,0,0,0,0,0.0,0.0,0,0,0,0,0,0,0,1,0,0,0,0.8,0,0.0,0.0,0,0.0,0,1,0.0,0,0,0,0,0.0,1,0.0,0.0,0.0,30.0,0.05,30.0,65782,0,15760,0
MISE_utilitypv_class1_moderate_9_anyQual_1,MISE,UtilityPV_Class1_Moderate_,9_anyQual_1,763,7,1,0,1,0,0,0,0,0,0.0,0.0,0,0,0.0,0.0,0.0,0.0,0.0,-1,1.0,0,8995.3,-1.0,0,0,0,0.0,0.0,871935.36,68023,0,0.0,0,0,0.0,0.0,0,0,0.0,0.0,0.0,0.0,0.0,None,0.0,0.0,1.0,1.0,0.0,0.0,0.0,0.0,0.0,0.0,0.0,0,0,0,0.0,0,0.0,0.0,0.0,0.0,0.0,1.0,1.0,0,0,0.0,0.0,0,0,0,0,8529.185,166766.239,1.008,0.2476491183042526,0,0,0,0,0,0,0,0,0,0,0,0,0.0,0.0,0,0,0,0,0,0,0,1,0,0,0,0.8,0,0.0,0.0,0,0.0,0,1,0.0,0,0,0,0,0.0,1,0.0,0.0,0.0,30.0,0.05,30.0,65675,0,15760,0
MISE_utilitypv_class1_moderate_14_anyQual_0,MISE,UtilityPV_Class1_Moderate_,14_anyQual_0,764,7,1,0,1,0,0,0,0,0,0.0,0.0,0,0,0.0,0.0,0.0,0.0,0.0,-1,1.0,0,11180.1,-1.0,0,0,0,0.0,0.0,871935.36,71499,0,0.0,0,0,0.0,0.0,0,0,0.0,0.0,0.0,0.0,0.0,None,0.0,0.0,1.0,1.0,0.0,0.0,0.0,0.0,0.0,0.0,0.0,0,0,0,0.0,0,0.0,0.0,0.0,0.0,0.0,1.0,1.0,0,0,0.0,0.0,0,0,0,0,11262.335,220205.963,1.008,0.2495004832744598,0,0,0,0,0,0,0,0,0,0,0,0,0.0,0.0,0,0,0,0,0,0,0,1,0,0,0,0.8,0,0.0,0.0,0,0.0,0,1,0.0,0,0,0,0,0.0,1,0.0,0.0,0.0,30.0,0.05,30.0,68408,0,15760,0
MISE_utilitypv_class1_moderate_20_anyQual_1,MISE,UtilityPV_Class1_Moderate_,20_anyQual_1,765,7,1,0,1,0,0,0,0,0,0.0,0.0,0,0,0.0,0.0,0.0,0.0,0.0,-1,1.0,0,8757.0,-1.0,0,0,0,0.0,0.0,871935.36,71036,0,0.0,0,0,0.0,0.0,0,0,0.0,0.0,0.0,0.0,0.0,None,0.0,0.0,1.0,1.0,0.0,0.0,0.0,0.0,0.0,0.0,0.0,0,0,0,0.0,0,0.0,0.0,0.0,0.0,0.0,1.0,1.0,0,0,0.0,0.0,0,0,0,0,10898.038,213083.066,1.008,0.2484656423330307,0,0,0,0,0,0,0,0,0,0,0,0,0.0,0.0,0,0,0,0,0,0,0,1,0,0,0,0.8,0,0.0,0.0,0,0.0,0,1,0.0,0,0,0,0,0.0,1,0.0,0.0,0.0,30.0,0.05,30.0,68044,0,15760,0
MISE_utilitypv_class1_moderate_27_anyQual_0,MISE,UtilityPV_Class1_Moderate_,27_anyQual_0,766,7,1,0,1,0,0,0,0,0,0.0,0.0,0,0,0.0,0.0,0.0,0.0,0.0,-1,1.0,0,7673.7,-1.0,0,0,0,0.0,0.0,871935.36,73567,0,0.0,0,0,0.0,0.0,0,0,0.0,0.0,0.0,0.0,0.0,None,0.0,0.0,1.0,1.0,0.0,0.0,0.0,0.0,0.0,0.0,0.0,0,0,0,0.0,0,0.0,0.0,0.0,0.0,0.0,1.0,1.0,0,0,0.0,0.0,0,0,0,0,12888.385,251999.185,1.008,0.2500515282154083,0,0,0,0,0,0,0,0,0,0,0,0,0.0,0.0,0,0,0,0,0,0,0,1,0,0,0,0.8,0,0.0,0.0,0,0.0,0,1,0.0,0,0,0,0,0.0,1,0.0,0.0,0.0,30.0,0.05,30.0,70034,0,15760,0
MISE_utilitypv_class1_moderate_35_anyQual_1,MISE,UtilityPV_Class1_Moderate_,35_anyQual_1,767,7,1,0,1,0,0,0,0,0,0.0,0.0,0,0,0.0,0.0,0.0,0.0,0.0,-1,1.0,0,12377.7,-1.0,0,0,0,0.0,0.0,871935.36,73320,0,0.0,0,0,0.0,0.0,0,0,0.0,0.0,0.0,0.0,0.0,None,0.0,0.0,1.0,1.0,0.0,0.0,0.0,0.0,0.0,0.0,0.0,0,0,0,0.0,0,0.0,0.0,0.0,0.0,0.0,1.0,1.0,0,0,0.0,0.0,0,0,0,0,12694.124,248200.905,1.008,0.2491716593503952,0,0,0,0,0,0,0,0,0,0,0,0,0.0,0.0,0,0,0,0,0,0,0,1,0,0,0,0.8,0,0.0,0.0,0,0.0,0,1,0.0,0,0,0,0,0.0,1,0.0,0.0,0.0,30.0,0.05,30.0,69840,0,15760,0
MISE_utilitypv_class1_moderate_44_anyQual_0,MISE,UtilityPV_Class1_Moderate_,44_anyQual_0,768,7,1,0,1,0,0,0,0,0,0.0,0.0,0,0,0.0,0.0,0.0,0.0,0.0,-1,1.0,0,4170.9,-1.0,0,0,0,0.0,0.0,871935.36,75983,0,0.0,0,0,0.0,0.0,0,0,0.0,0.0,0.0,0.0,0.0,None,0.0,0.0,1.0,1.0,0.0,0.0,0.0,0.0,0.0,0.0,0.0,0,0,0,0.0,0,0.0,0.0,0.0,0.0,0.0,1.0,1.0,0,0,0.0,0.0,0,0,0,0,14787.791,289137.166,1.008,0.2509829699993133,0,0,0,0,0,0,0,0,0,0,0,0,0.0,0.0,0,0,0,0,0,0,0,1,0,0,0,0.8,0,0.0,0.0,0,0.0,0,1,0.0,0,0,0,0,0.0,1,0.0,0.0,0.0,30.0,0.05,30.0,71933,0,15760,0
MISE_utilitypv_class1_moderate_54_anyQual_1,MISE,UtilityPV_Class1_Moderate_,54_anyQual_1,769,7,1,0,1,0,0,0,0,0,0.0,0.0,0,0,0.0,0.0,0.0,0.0,0.0,-1,1.0,0,15777.1,-1.0,0,0,0,0.0,0.0,871935.36,74854,0,0.0,0,0,0.0,0.0,0,0,0.0,0.0,0.0,0.0,0.0,None,0.0,0.0,1.0,1.0,0.0,0.0,0.0,0.0,0.0,0.0,0.0,0,0,0,0.0,0,0.0,0.0,0.0,0.0,0.0,1.0,1.0,0,0,0.0,0.0,0,0,0,0,13899.806,271774.946,1.008,0.2492627948522567,0,0,0,0,0,0,0,0,0,0,0,0,0.0,0.0,0,0,0,0,0,0,0,1,0,0,0,0.8,0,0.0,0.0,0,0.0,0,1,0.0,0,0,0,0,0.0,1,0.0,0.0,0.0,30.0,0.05,30.0,71045,0,15760,0
MISE_offshorewind_class3_moderate_fixed_0_1,MISE,OffShoreWind_Class3_Moderate_fixed_0,1,770,7,1,0,1,0,0,0,0,0,0.0,0.0,0,0,0.0,0.0,0.0,0.0,0.0,-1,1.0,0,3930.2,-1.0,0,0,0,0.0,0.0,2642898.3,275690,0,0.0,0,0,0.0,0.0,0,0,0.0,0.0,0.0,0.0,0.0,None,0.0,0.0,1.0,1.0,0.0,0.0,0.0,0.0,0.0,0.0,0.0,0,0,0,0.0,0,0.0,0.0,0.0,0.0,0.0,1.0,1.0,0,0,0.0,0.0,0,0,0,0,54953.984,1074483.643,1.197,0.4630510509014129,0,0,0,0,0,0,0,0,0,0,0,0,0.0,0.0,0,0,0,0,0,0,0,1,0,0,0,0.8,0,0.0,0.0,0,0.0,0,1,0.0,0,0,0,0,0.0,1,0.0,0.0,0.0,30.0,0.05,30.0,260813,0,82811,0
MISE_offshorewind_class3_moderate_fixed_0_2,MISE,OffShoreWind_Class3_Moderate_fixed_0,2,771,7,1,0,1,0,0,0,0,0,0.0,0.0,0,0,0.0,0.0,0.0,0.0,0.0,-1,1.0,0,3896.8,-1.0,0,0,0,0.0,0.0,2642898.3,298064,0,0.0,0,0,0.0,0.0,0,0,0.0,0.0,0.0,0.0,0.0,None,0.0,0.0,1.0,1.0,0.0,0.0,0.0,0.0,0.0,0.0,0.0,0,0,0,0.0,0,0.0,0.0,0.0,0.0,0.0,1.0,1.0,0,0,0.0,0.0,0,0,0,0,72544.527,1418422.14,1.197,0.4876708388328552,0,0,0,0,0,0,0,0,0,0,0,0,0.0,0.0,0,0,0,0,0,0,0,1,0,0,0,0.8,0,0.0,0.0,0,0.0,0,1,0.0,0,0,0,0,0.0,1,0.0,0.0,0.0,30.0,0.05,30.0,278404,0,82811,0
MISE_offshorewind_class3_moderate_fixed_0_3,MISE,OffShoreWind_Class3_Moderate_fixed_0,3,772,7,1,0,1,0,0,0,0,0,0.0,0.0,0,0,0.0,0.0,0.0,0.0,0.0,-1,1.0,0,3868.5,-1.0,0,0,0,0.0,0.0,2642898.3,304264,0,0.0,0,0,0.0,0.0,0,0,0.0,0.0,0.0,0.0,0.0,None,0.0,0.0,1.0,1.0,0.0,0.0,0.0,0.0,0.0,0.0,0.0,0,0,0,0.0,0,0.0,0.0,0.0,0.0,0.0,1.0,1.0,0,0,0.0,0.0,0,0,0,0,77419.32,1513736.58,1.197,0.4974968433380127,0,0,0,0,0,0,0,0,0,0,0,0,0.0,0.0,0,0,0,0,0,0,0,1,0,0,0,0.8,0,0.0,0.0,0,0.0,0,1,0.0,0,0,0,0,0.0,1,0.0,0.0,0.0,30.0,0.05,30.0,283279,0,82811,0
MISE_offshorewind_class12_moderate_floating_0_1,MISE,OffShoreWind_Class12_Moderate_floating_0,1,773,7,1,0,1,0,0,0,0,0,0.0,0.0,0,0,0.0,0.0,0.0,0.0,0.0,-1,1.0,0,31104.0,-1.0,0,0,0,0.0,0.0,4211164.784,406763,0,0.0,0,0,0.0,0.0,0,0,0.0,0.0,0.0,0.0,0.0,None,0.0,0.0,1.0,1.0,0.0,0.0,0.0,0.0,0.0,0.0,0.0,0,0,0,0.0,0,0.0,0.0,0.0,0.0,0.0,1.0,1.0,0,0,0.0,0.0,0,0,0,0,61996.507,1212182.032,1.197,0.473905086517334,0,0,0,0,0,0,0,0,0,0,0,0,0.0,0.0,0,0,0,0,0,0,0,1,0,0,0,0.8,0,0.0,0.0,0,0.0,0,1,0.0,0,0,0,0,0.0,1,0.0,0.0,0.0,30.0,0.05,30.0,390012,0,72317,0
MISE_offshorewind_class12_moderate_floating_0_2,MISE,OffShoreWind_Class12_Moderate_floating_0,2,774,7,1,0,1,0,0,0,0,0,0.0,0.0,0,0,0.0,0.0,0.0,0.0,0.0,-1,1.0,0,31016.3,-1.0,0,0,0,0.0,0.0,4211164.784,415565,0,0.0,0,0,0.0,0.0,0,0,0.0,0.0,0.0,0.0,0.0,None,0.0,0.0,1.0,1.0,0.0,0.0,0.0,0.0,0.0,0.0,0.0,0,0,0,0.0,0,0.0,0.0,0.0,0.0,0.0,1.0,1.0,0,0,0.0,0.0,0,0,0,0,68916.259,1347481.034,1.197,0.481089323759079,0,0,0,0,0,0,0,0,0,0,0,0,0.0,0.0,0,0,0,0,0,0,0,1,0,0,0,0.8,0,0.0,0.0,0,0.0,0,1,0.0,0,0,0,0,0.0,1,0.0,0.0,0.0,30.0,0.05,30.0,396932,0,72317,0
MISE_offshorewind_class12_moderate_floating_0_3,MISE,OffShoreWind_Class12_Moderate_floating_0,3,775,7,1,0,1,0,0,0,0,0,0.0,0.0,0,0,0.0,0.0,0.0,0.0,0.0,-1,1.0,0,31016.5,-1.0,0,0,0,0.0,0.0,4211164.784,436136,0,0.0,0,0,0.0,0.0,0,0,0.0,0.0,0.0,0.0,0.0,None,0.0,0.0,1.0,1.0,0.0,0.0,0.0,0.0,0.0,0.0,0.0,0,0,0,0.0,0,0.0,0.0,0.0,0.0,0.0,1.0,1.0,0,0,0.0,0.0,0,0,0,0,85089.9,1663715.113,1.197,0.4784294664859772,0,0,0,0,0,0,0,0,0,0,0,0,0.0,0.0,0,0,0,0,0,0,0,1,0,0,0,0.8,0,0.0,0.0,0,0.0,0,1,0.0,0,0,0,0,0.0,1,0.0,0.0,0.0,30.0,0.05,30.0,413105,0,72317,0
MISS_naturalgas_hframe_cc_95_ccs_moderate_0,MISS,NaturalGas_H-Frame CC 95% CCS_Moderate,0,776,8,0,1,0,0,0,0,0,0,0.0,0.0,0,0,0.0,9463.0,0.0,0.0,0.0,-1,500.0,0,-1.0,-1.0,0,0,0,0.0,0.0,1943268.308,127116,200912,0.0,0,0,7.67,0.0,0,0,106.0,2.0,6.78,0.0,0.0,west_south_central_naturalgas_ccs95,0.6,0.0,1.0,1.0,0.0,0.0,0.0,0.106666667,0.213333333,0.0,0.0,0,0,0,0.95,27,1469.015,17226.965,12.011,0.342,4.106,0.64,0.64,6,6,10.0,97490.0,0,0,0,0,0.0,0.0,0.955,0.0,0,0,0,0,0,0,0,0,0,0,0,0,0.0,0.0,0,0,0,0,0,0,0,0,0,0,0,0.93,0,0.0,0.0,0,0.0,0,0,0.0,0,0,0,0,0.0,1,0.0,0.0,0.0,30.0,0.05,30.0,126861,0,46282,0
MISS_naturalgas_hframe_cc_moderate_0,MISS,NaturalGas_H-Frame CC_Moderate,0,777,8,0,1,0,0,0,0,0,0,0.0,0.0,0,0,0.0,1889.0,0.0,0.0,0.0,-1,500.0,0,-1.0,-1.0,0,0,0,0.0,0.0,1096691.96,72119,105801,0.0,0,0,1.72,0.0,0,0,106.0,2.0,6.09,0.0,0.0,west_south_central_naturalgas,0.3,0.0,1.0,1.0,0.0,0.0,0.0,0.0,0.0,0.0,0.0,0,0,0,0.0,0,0.0,0.0,0.0,0.0,0.0,0.64,0.64,6,6,10.0,97490.0,0,0,0,0,0.0,0.0,0.922,0.0,0,0,0,0,0,0,0,0,0,0,0,0,0.0,0.0,0,0,0,0,0,0,0,0,0,0,0,0.93,0,0.0,0.0,0,0.0,0,0,0.0,0,0,0,0,0.0,0,0.0,0.0,0.0,30.0,0.05,30.0,70446,0,26266,0
MISS_naturalgas_fframe_ct_moderate_0,MISS,NaturalGas_F-Frame CT_Moderate,0,778,8,0,1,0,0,0,0,0,0,0.0,0.0,0,0,0.0,0.0,0.0,0.0,0.0,-1,100.0,0,-1.0,-1.0,0,0,0,0.0,0.0,977045.463,64815,0,0.0,0,0,6.15,0.0,0,0,137.0,3.5,9.72,0.0,0.0,west_south_central_naturalgas,0.3,0.0,1.0,1.0,0.0,0.0,0.0,0.0,0.0,0.0,0.0,0,0,0,0.0,0,0.0,0.0,0.0,0.0,0.0,3.78,3.78,1,1,10.0,97490.0,0,0,0,0,0.0,0.0,0.92,0.0,0,0,0,0,0,0,0,0,0,0,0,0,0.0,0.0,0,0,0,0,0,0,0,0,0,0,0,0.93,0,0.0,0.0,0,0.0,0,0,0.0,0,0,0,0,0.0,0,0.0,0.0,0.0,30.0,0.05,30.0,63094,0,21509,0
MISS_battery_moderate_0,MISS,Battery_*_Moderate,0,779,8,0,0,0,0,1,0,0,0,0.0,0.0,0,0,0.0,0.0,0.0,0.0,0.0,-1,1.0,0,-1.0,-1.0,0,0,0,0.0,0.0,274910.679,27095,0,205428.952,20247,0,0.15,0.15,0,0,0.0,0.0,0.0,0.0,0.0,None,0.0,0.0,0.92,0.92,0.0,1.0,10.0,0.0,0.0,0.0,0.0,0,0,0,0.0,0,0.0,0.0,0.0,0.0,0.0,1.0,1.0,0,0,0.0,0.0,0,0,0,0,0.0,0.0,1.023,0.0,0,0,0,0,0,0,0,0,0,0,0,0,0.0,0.0,0,0,0,0,0,0,0,0,0,0,0,0.95,0,0.0,0.0,0,0.0,0,0,0.0,0,0,0,0,0.0,0,0.0,0.0,0.0,15.0,0.05,15.0,27098,20249,6872,5135
MISS_nuclear_nuclear_moderate_0,MISS,Nuclear_Nuclear_Moderate,0,780,8,0,1,0,0,0,0,0,0,0.0,0.0,0,0,0.0,0.0,0.0,0.0,0.0,-1,2000.0,0,-1.0,-1.0,0,0,0,0.0,0.0,7229469.526,448043,0,0.0,0,0,2.36,0.0,0,0,285.0,0.0,10.45,0.0,0.0,west_south_central_uranium,0.5,0.0,1.0,1.0,0.0,0.0,0.0,0.041666667,0.083333333,0.0,0.0,0,0,0,0.0,0,0.0,0.0,0.0,0.0,0.0,0.25,0.25,24,24,50.0,487450.0,0,0,0,0,0.0,0.0,0.996,0.0,0,0,0,0,0,0,0,0,0,0,0,0,0.0,0.0,0,0,0,0,0,0,0,0,0,0,0,0.93,0,0.0,0.0,0,0.0,0,0,0.0,0,0,0,0,0.0,1,0.0,0.0,0.0,40.0,0.05,40.0,442718,0,145294,0
MISS_hydrogen_fframe_ct_moderate_0,MISS,Hydrogen_F-Frame CT_Moderate,0,781,8,0,1,0,0,0,0,0,0,0.0,0.0,0,0,0.0,0.0,0.0,0.0,0.0,-1,100.0,0,-1.0,-1.0,0,0,0,0.0,0.0,1074750.009,64321,0,0.0,0,0,6.15,0.0,0,0,137.0,3.5,9.72,0.0,0.0,hydrogen,0.3,0.0,1.0,1.0,0.0,0.0,0.0,0.0,0.0,0.0,0.0,0,0,0,0.0,0,0.0,0.0,0.0,0.0,0.0,3.78,3.78,1,1,0.0,0.0,0,0,0,0,0.0,0.0,0.92,0.0,0,0,0,0,0,0,0,0,0,0,0,0,0.0,0.0,0,0,0,0,0,0,0,0,0,0,0,0.93,0,0.0,0.0,0,0.0,0,0,0.0,0,0,0,0,0.0,1,0.0,0.0,0.0,30.0,0.05,30.0,64301,0,21509,0
MISS_hydrogen_hframe_cc_moderate_0,MISS,Hydrogen_H-Frame CC_Moderate,0,782,8,0,1,0,0,0,0,0,0,0.0,0.0,0,0,0.0,0.0,0.0,0.0,0.0,-1,500.0,0,-1.0,-1.0,0,0,0,0.0,0.0,1206361.156,72354,0,0.0,0,0,1.72,0.0,0,0,106.0,2.0,6.09,0.0,0.0,hydrogen,0.3,0.0,1.0,1.0,0.0,0.0,0.0,0.0,0.0,0.0,0.0,0,0,0,0.0,0,0.0,0.0,0.0,0.0,0.0,0.64,0.64,6,6,0.0,0.0,0,0,0,0,0.0,0.0,0.922,0.0,0,0,0,0,0,0,0,0,0,0,0,0,0.0,0.0,0,0,0,0,0,0,0,0,0,0,0,0.93,0,0.0,0.0,0,0.0,0,0,0.0,0,0,0,0,0.0,1,0.0,0.0,0.0,30.0,0.05,30.0,72388,0,26266,0
MISS_utilitypv_class1_moderate_0_anyQual_0,MISS,UtilityPV_Class1_Moderate_,0_anyQual_0,783,8,1,0,1,0,0,0,0,0,0.0,0.0,0,0,0.0,6106.0,0.0,0.0,0.0,-1,1.0,0,6106.5,-1.0,0,0,0,0.0,0.0,871935.36,57166,95171,0.0,0,0,0.0,0.0,0,0,0.0,0.0,0.0,0.0,0.0,None,0.0,0.0,1.0,1.0,0.0,0.0,0.0,0.0,0.0,0.0,0.0,0,0,0,0.0,0,0.0,0.0,0.0,0.0,0.0,1.0,1.0,0,0,0.0,0.0,0,0,0,0,2223.151,43467.987,0.958,0.2546821534633636,0,0,0,0,0,0,0,0,0,0,0,0,0.0,0.0,0,0,0,0,0,0,0,1,0,0,0,0.8,0,0.0,0.0,0,0.0,0,1,0.0,0,0,0,0,0.0,1,0.0,0.0,0.0,30.0,0.05,30.0,56557,0,15760,0
MISS_utilitypv_class1_moderate_1_anyQual_1,MISS,UtilityPV_Class1_Moderate_,1_anyQual_1,784,8,1,0,1,0,0,0,0,0,0.0,0.0,0,0,0.0,3113.0,0.0,0.0,0.0,-1,1.0,0,3113.3,-1.0,0,0,0,0.0,0.0,871935.36,56679,94684,0.0,0,0,0.0,0.0,0,0,0.0,0.0,0.0,0.0,0.0,None,0.0,0.0,1.0,1.0,0.0,0.0,0.0,0.0,0.0,0.0,0.0,0,0,0,0.0,0,0.0,0.0,0.0,0.0,0.0,1.0,1.0,0,0,0.0,0.0,0,0,0,0,1840.408,35984.448,0.958,0.2535402178764343,0,0,0,0,0,0,0,0,0,0,0,0,0.0,0.0,0,0,0,0,0,0,0,1,0,0,0,0.8,0,0.0,0.0,0,0.0,0,1,0.0,0,0,0,0,0.0,1,0.0,0.0,0.0,30.0,0.05,30.0,56174,0,15760,0
MISS_utilitypv_class1_moderate_2_anyQual_0,MISS,UtilityPV_Class1_Moderate_,2_anyQual_0,785,8,1,0,1,0,0,0,0,0,0.0,0.0,0,0,0.0,1302.0,0.0,0.0,0.0,-1,1.0,0,6307.6,-1.0,0,0,0,0.0,0.0,871935.36,57192,95197,0.0,0,0,0.0,0.0,0,0,0.0,0.0,0.0,0.0,0.0,None,0.0,0.0,1.0,1.0,0.0,0.0,0.0,0.0,0.0,0.0,0.0,0,0,0,0.0,0,0.0,0.0,0.0,0.0,0.0,1.0,1.0,0,0,0.0,0.0,0,0,0,0,2243.759,43870.927,0.958,0.2477050423622131,0,0,0,0,0,0,0,0,0,0,0,0,0.0,0.0,0,0,0,0,0,0,0,1,0,0,0,0.8,0,0.0,0.0,0,0.0,0,1,0.0,0,0,0,0,0.0,1,0.0,0.0,0.0,30.0,0.05,30.0,56577,0,15760,0
MISS_utilitypv_class1_moderate_3_anyQual_1,MISS,UtilityPV_Class1_Moderate_,3_anyQual_1,786,8,1,0,1,0,0,0,0,0,0.0,0.0,0,0,0.0,0.0,0.0,0.0,0.0,-1,1.0,0,2901.4,-1.0,0,0,0,0.0,0.0,871935.36,56520,0,0.0,0,0,0.0,0.0,0,0,0.0,0.0,0.0,0.0,0.0,None,0.0,0.0,1.0,1.0,0.0,0.0,0.0,0.0,0.0,0.0,0.0,0,0,0,0.0,0,0.0,0.0,0.0,0.0,0.0,1.0,1.0,0,0,0.0,0.0,0,0,0,0,1715.239,33537.077,0.958,0.2446416616439819,0,0,0,0,0,0,0,0,0,0,0,0,0.0,0.0,0,0,0,0,0,0,0,1,0,0,0,0.8,0,0.0,0.0,0,0.0,0,1,0.0,0,0,0,0,0.0,1,0.0,0.0,0.0,30.0,0.05,30.0,56049,0,15760,0
MISS_utilitypv_class1_moderate_4_anyQual_0,MISS,UtilityPV_Class1_Moderate_,4_anyQual_0,787,8,1,0,1,0,0,0,0,0,0.0,0.0,0,0,0.0,0.0,0.0,0.0,0.0,-1,1.0,0,3994.6,-1.0,0,0,0,0.0,0.0,871935.36,57583,0,0.0,0,0,0.0,0.0,0,0,0.0,0.0,0.0,0.0,0.0,None,0.0,0.0,1.0,1.0,0.0,0.0,0.0,0.0,0.0,0.0,0.0,0,0,0,0.0,0,0.0,0.0,0.0,0.0,0.0,1.0,1.0,0,0,0.0,0.0,0,0,0,0,2551.06,49879.411,0.958,0.2422085404396057,0,0,0,0,0,0,0,0,0,0,0,0,0.0,0.0,0,0,0,0,0,0,0,1,0,0,0,0.8,0,0.0,0.0,0,0.0,0,1,0.0,0,0,0,0,0.0,1,0.0,0.0,0.0,30.0,0.05,30.0,56885,0,15760,0
MISS_utilitypv_class1_moderate_5_anyQual_1,MISS,UtilityPV_Class1_Moderate_,5_anyQual_1,788,8,1,0,1,0,0,0,0,0,0.0,0.0,0,0,0.0,0.0,0.0,0.0,0.0,-1,1.0,0,5202.3,-1.0,0,0,0,0.0,0.0,871935.36,57501,0,0.0,0,0,0.0,0.0,0,0,0.0,0.0,0.0,0.0,0.0,None,0.0,0.0,1.0,1.0,0.0,0.0,0.0,0.0,0.0,0.0,0.0,0,0,0,0.0,0,0.0,0.0,0.0,0.0,0.0,1.0,1.0,0,0,0.0,0.0,0,0,0,0,2486.899,48624.898,0.958,0.2419031709432602,0,0,0,0,0,0,0,0,0,0,0,0,0.0,0.0,0,0,0,0,0,0,0,1,0,0,0,0.8,0,0.0,0.0,0,0.0,0,1,0.0,0,0,0,0,0.0,1,0.0,0.0,0.0,30.0,0.05,30.0,56820,0,15760,0
MISS_utilitypv_class1_moderate_6_anyQual_0,MISS,UtilityPV_Class1_Moderate_,6_anyQual_0,789,8,1,0,1,0,0,0,0,0,0.0,0.0,0,0,0.0,0.0,0.0,0.0,0.0,-1,1.0,0,5853.4,-1.0,0,0,0,0.0,0.0,871935.36,59365,0,0.0,0,0,0.0,0.0,0,0,0.0,0.0,0.0,0.0,0.0,None,0.0,0.0,1.0,1.0,0.0,0.0,0.0,0.0,0.0,0.0,0.0,0,0,0,0.0,0,0.0,0.0,0.0,0.0,0.0,1.0,1.0,0,0,0.0,0.0,0,0,0,0,3951.667,77264.675,0.958,0.2418725192546844,0,0,0,0,0,0,0,0,0,0,0,0,0.0,0.0,0,0,0,0,0,0,0,1,0,0,0,0.8,0,0.0,0.0,0,0.0,0,1,0.0,0,0,0,0,0.0,1,0.0,0.0,0.0,30.0,0.05,30.0,58285,0,15760,0
MISS_utilitypv_class1_moderate_7_anyQual_1,MISS,UtilityPV_Class1_Moderate_,7_anyQual_1,790,8,1,0,1,0,0,0,0,0,0.0,0.0,0,0,0.0,0.0,0.0,0.0,0.0,-1,1.0,0,3425.1,-1.0,0,0,0,0.0,0.0,871935.36,59187,0,0.0,0,0,0.0,0.0,0,0,0.0,0.0,0.0,0.0,0.0,None,0.0,0.0,1.0,1.0,0.0,0.0,0.0,0.0,0.0,0.0,0.0,0,0,0,0.0,0,0.0,0.0,0.0,0.0,0.0,1.0,1.0,0,0,0.0,0.0,0,0,0,0,3811.73,74528.568,0.958,0.242332637310028,0,0,0,0,0,0,0,0,0,0,0,0,0.0,0.0,0,0,0,0,0,0,0,1,0,0,0,0.8,0,0.0,0.0,0,0.0,0,1,0.0,0,0,0,0,0.0,1,0.0,0.0,0.0,30.0,0.05,30.0,58145,0,15760,0
MISS_utilitypv_class1_moderate_8_anyQual_0,MISS,UtilityPV_Class1_Moderate_,8_anyQual_0,791,8,1,0,1,0,0,0,0,0,0.0,0.0,0,0,0.0,0.0,0.0,0.0,0.0,-1,1.0,0,1287.6,-1.0,0,0,0,0.0,0.0,871935.36,62880,0,0.0,0,0,0.0,0.0,0,0,0.0,0.0,0.0,0.0,0.0,None,0.0,0.0,1.0,1.0,0.0,0.0,0.0,0.0,0.0,0.0,0.0,0,0,0,0.0,0,0.0,0.0,0.0,0.0,0.0,1.0,1.0,0,0,0.0,0.0,0,0,0,0,6715.836,131310.877,0.958,0.2404715716838836,0,0,0,0,0,0,0,0,0,0,0,0,0.0,0.0,0,0,0,0,0,0,0,1,0,0,0,0.8,0,0.0,0.0,0,0.0,0,1,0.0,0,0,0,0,0.0,1,0.0,0.0,0.0,30.0,0.05,30.0,61049,0,15760,0
MISS_utilitypv_class1_moderate_9_anyQual_1,MISS,UtilityPV_Class1_Moderate_,9_anyQual_1,792,8,1,0,1,0,0,0,0,0,0.0,0.0,0,0,0.0,0.0,0.0,0.0,0.0,-1,1.0,0,7850.9,-1.0,0,0,0,0.0,0.0,871935.36,68062,0,0.0,0,0,0.0,0.0,0,0,0.0,0.0,0.0,0.0,0.0,None,0.0,0.0,1.0,1.0,0.0,0.0,0.0,0.0,0.0,0.0,0.0,0,0,0,0.0,0,0.0,0.0,0.0,0.0,0.0,1.0,1.0,0,0,0.0,0.0,0,0,0,0,10790.078,210972.221,0.958,0.2415200322866439,0,0,0,0,0,0,0,0,0,0,0,0,0.0,0.0,0,0,0,0,0,0,0,1,0,0,0,0.8,0,0.0,0.0,0,0.0,0,1,0.0,0,0,0,0,0.0,1,0.0,0.0,0.0,30.0,0.05,30.0,65124,0,15760,0
MISS_landbasedwind_class3_moderate_0_anyQual_0,MISS,LandbasedWind_Class3_Moderate_,0_anyQual_0,793,8,1,0,1,0,0,0,0,0,0.0,0.0,0,0,0.0,1517.7,0.0,0.0,0.0,-1,1.0,0,1517.7,-1.0,0,0,0,0.0,0.0,1065951.189,76553,112252,0.0,0,0,0.0,0.0,0,0,0.0,0.0,0.0,0.0,0.0,None,0.0,0.0,1.0,1.0,0.0,0.0,0.0,0.0,0.0,0.0,0.0,0,0,0,0.0,0,0.0,0.0,0.0,0.0,0.0,1.0,1.0,0,0,0.0,0.0,0,0,0,0,8123.041,158825.155,0.955,0.3879411220550537,0,0,0,0,0,0,0,0,0,0,0,0,0.0,0.0,0,0,0,0,0,0,0,1,0,0,0,0.8,0,0.0,0.0,0,0.0,0,1,0.0,0,0,0,0,0.0,1,0.0,0.0,0.0,30.0,0.05,30.0,74362,0,25258,0
MISS_landbasedwind_class3_moderate_1_anyQual_1,MISS,LandbasedWind_Class3_Moderate_,1_anyQual_1,794,8,1,0,1,0,0,0,0,0,0.0,0.0,0,0,0.0,3113.0,0.0,0.0,0.0,-1,1.0,0,3113.7,-1.0,0,0,0,0.0,0.0,1065951.189,74521,110220,0.0,0,0,0.0,0.0,0,0,0.0,0.0,0.0,0.0,0.0,None,0.0,0.0,1.0,1.0,0.0,0.0,0.0,0.0,0.0,0.0,0.0,0,0,0,0.0,0,0.0,0.0,0.0,0.0,0.0,1.0,1.0,0,0,0.0,0.0,0,0,0,0,6525.641,127592.105,0.955,0.3686201870441437,0,0,0,0,0,0,0,0,0,0,0,0,0.0,0.0,0,0,0,0,0,0,0,1,0,0,0,0.8,0,0.0,0.0,0,0.0,0,1,0.0,0,0,0,0,0.0,1,0.0,0.0,0.0,30.0,0.05,30.0,72764,0,25258,0
MISS_landbasedwind_class3_moderate_2_anyQual_0,MISS,LandbasedWind_Class3_Moderate_,2_anyQual_0,795,8,1,0,1,0,0,0,0,0,0.0,0.0,0,0,0.0,1739.8,0.0,0.0,0.0,-1,1.0,0,1739.8,-1.0,0,0,0,0.0,0.0,1065951.189,76281,111980,0.0,0,0,0.0,0.0,0,0,0.0,0.0,0.0,0.0,0.0,None,0.0,0.0,1.0,1.0,0.0,0.0,0.0,0.0,0.0,0.0,0.0,0,0,0,0.0,0,0.0,0.0,0.0,0.0,0.0,1.0,1.0,0,0,0.0,0.0,0,0,0,0,7909.146,154642.981,0.955,0.3387474119663238,0,0,0,0,0,0,0,0,0,0,0,0,0.0,0.0,0,0,0,0,0,0,0,1,0,0,0,0.8,0,0.0,0.0,0,0.0,0,1,0.0,0,0,0,0,0.0,1,0.0,0.0,0.0,30.0,0.05,30.0,74148,0,25258,0
MISS_landbasedwind_class3_moderate_3_anyQual_1,MISS,LandbasedWind_Class3_Moderate_,3_anyQual_1,796,8,1,0,1,0,0,0,0,0,0.0,0.0,0,0,0.0,2905.9,0.0,0.0,0.0,-1,1.0,0,2905.9,-1.0,0,0,0,0.0,0.0,1065951.189,81256,116955,0.0,0,0,0.0,0.0,0,0,0.0,0.0,0.0,0.0,0.0,None,0.0,0.0,1.0,1.0,0.0,0.0,0.0,0.0,0.0,0.0,0.0,0,0,0,0.0,0,0.0,0.0,0.0,0.0,0.0,1.0,1.0,0,0,0.0,0.0,0,0,0,0,11820.656,231124.037,0.955,0.3476312756538391,0,0,0,0,0,0,0,0,0,0,0,0,0.0,0.0,0,0,0,0,0,0,0,1,0,0,0,0.8,0,0.0,0.0,0,0.0,0,1,0.0,0,0,0,0,0.0,1,0.0,0.0,0.0,30.0,0.05,30.0,78059,0,25258,0
MISS_landbasedwind_class3_moderate_4_anyQual_0,MISS,LandbasedWind_Class3_Moderate_,4_anyQual_0,797,8,1,0,1,0,0,0,0,0,0.0,0.0,0,0,0.0,0.0,0.0,0.0,0.0,-1,1.0,0,528.1,-1.0,0,0,0,0.0,0.0,1065951.189,89357,0,0.0,0,0,0.0,0.0,0,0,0.0,0.0,0.0,0.0,0.0,None,0.0,0.0,1.0,1.0,0.0,0.0,0.0,0.0,0.0,0.0,0.0,0,0,0,0.0,0,0.0,0.0,0.0,0.0,0.0,1.0,1.0,0,0,0.0,0.0,0,0,0,0,18189.842,355660.266,0.955,0.3292150497436523,0,0,0,0,0,0,0,0,0,0,0,0,0.0,0.0,0,0,0,0,0,0,0,1,0,0,0,0.8,0,0.0,0.0,0,0.0,0,1,0.0,0,0,0,0,0.0,1,0.0,0.0,0.0,30.0,0.05,30.0,84428,0,25258,0
MISS_landbasedwind_class3_moderate_5_anyQual_1,MISS,LandbasedWind_Class3_Moderate_,5_anyQual_1,798,8,1,0,1,0,0,0,0,0,0.0,0.0,0,0,0.0,0.0,0.0,0.0,0.0,-1,1.0,0,4092.6,-1.0,0,0,0,0.0,0.0,1065951.189,101117,0,0.0,0,0,0.0,0.0,0,0,0.0,0.0,0.0,0.0,0.0,None,0.0,0.0,1.0,1.0,0.0,0.0,0.0,0.0,0.0,0.0,0.0,0,0,0,0.0,0,0.0,0.0,0.0,0.0,0.0,1.0,1.0,0,0,0.0,0.0,0,0,0,0,27435.395,536438.001,0.955,0.349052220582962,0,0,0,0,0,0,0,0,0,0,0,0,0.0,0.0,0,0,0,0,0,0,0,1,0,0,0,0.8,0,0.0,0.0,0,0.0,0,1,0.0,0,0,0,0,0.0,1,0.0,0.0,0.0,30.0,0.05,30.0,93674,0,25258,0
MISS_landbasedwind_class3_moderate_6_anyQual_0,MISS,LandbasedWind_Class3_Moderate_,6_anyQual_0,799,8,1,0,1,0,0,0,0,0,0.0,0.0,0,0,0.0,0.0,0.0,0.0,0.0,-1,1.0,0,705.5,-1.0,0,0,0,0.0,0.0,1065951.189,100845,0,0.0,0,0,0.0,0.0,0,0,0.0,0.0,0.0,0.0,0.0,None,0.0,0.0,1.0,1.0,0.0,0.0,0.0,0.0,0.0,0.0,0.0,0,0,0,0.0,0,0.0,0.0,0.0,0.0,0.0,1.0,1.0,0,0,0.0,0.0,0,0,0,0,27221.164,532247.51,0.955,0.3344805538654327,0,0,0,0,0,0,0,0,0,0,0,0,0.0,0.0,0,0,0,0,0,0,0,1,0,0,0,0.8,0,0.0,0.0,0,0.0,0,1,0.0,0,0,0,0,0.0,1,0.0,0.0,0.0,30.0,0.05,30.0,93460,0,25258,0
MISS_landbasedwind_class3_moderate_7_anyQual_1,MISS,LandbasedWind_Class3_Moderate_,7_anyQual_1,800,8,1,0,1,0,0,0,0,0,0.0,0.0,0,0,0.0,0.0,0.0,0.0,0.0,-1,1.0,0,3935.2,-1.0,0,0,0,0.0,0.0,1065951.189,103524,0,0.0,0,0,0.0,0.0,0,0,0.0,0.0,0.0,0.0,0.0,None,0.0,0.0,1.0,1.0,0.0,0.0,0.0,0.0,0.0,0.0,0.0,0,0,0,0.0,0,0.0,0.0,0.0,0.0,0.0,1.0,1.0,0,0,0.0,0.0,0,0,0,0,29327.537,573433.699,0.955,0.3397262990474701,0,0,0,0,0,0,0,0,0,0,0,0,0.0,0.0,0,0,0,0,0,0,0,1,0,0,0,0.8,0,0.0,0.0,0,0.0,0,1,0.0,0,0,0,0,0.0,1,0.0,0.0,0.0,30.0,0.05,30.0,95566,0,25258,0
MISS_landbasedwind_class3_moderate_8_anyQual_0,MISS,LandbasedWind_Class3_Moderate_,8_anyQual_0,801,8,1,0,1,0,0,0,0,0,0.0,0.0,0,0,0.0,0.0,0.0,0.0,0.0,-1,1.0,0,726.2,-1.0,0,0,0,0.0,0.0,1065951.189,102819,0,0.0,0,0,0.0,0.0,0,0,0.0,0.0,0.0,0.0,0.0,None,0.0,0.0,1.0,1.0,0.0,0.0,0.0,0.0,0.0,0.0,0.0,0,0,0,0.0,0,0.0,0.0,0.0,0.0,0.0,1.0,1.0,0,0,0.0,0.0,0,0,0,0,28773.248,562590.24,0.955,0.325007677078247,0,0,0,0,0,0,0,0,0,0,0,0,0.0,0.0,0,0,0,0,0,0,0,1,0,0,0,0.8,0,0.0,0.0,0,0.0,0,1,0.0,0,0,0,0,0.0,1,0.0,0.0,0.0,30.0,0.05,30.0,95012,0,25258,0
MISS_landbasedwind_class3_moderate_9_anyQual_1,MISS,LandbasedWind_Class3_Moderate_,9_anyQual_1,802,8,1,0,1,0,0,0,0,0,0.0,0.0,0,0,0.0,0.0,0.0,0.0,0.0,-1,1.0,0,3905.3,-1.0,0,0,0,0.0,0.0,1065951.189,107840,0,0.0,0,0,0.0,0.0,0,0,0.0,0.0,0.0,0.0,0.0,None,0.0,0.0,1.0,1.0,0.0,0.0,0.0,0.0,0.0,0.0,0.0,0,0,0,0.0,0,0.0,0.0,0.0,0.0,0.0,1.0,1.0,0,0,0.0,0.0,0,0,0,0,32721.114,639787.55,0.955,0.3330236971378326,0,0,0,0,0,0,0,0,0,0,0,0,0.0,0.0,0,0,0,0,0,0,0,1,0,0,0,0.8,0,0.0,0.0,0,0.0,0,1,0.0,0,0,0,0,0.0,1,0.0,0.0,0.0,30.0,0.05,30.0,98960,0,25258,0
MISS_landbasedwind_class3_moderate_10_anyQual_0,MISS,LandbasedWind_Class3_Moderate_,10_anyQual_0,803,8,1,0,1,0,0,0,0,0,0.0,0.0,0,0,0.0,0.0,0.0,0.0,0.0,-1,1.0,0,202.2,-1.0,0,0,0,0.0,0.0,1065951.189,104588,0,0.0,0,0,0.0,0.0,0,0,0.0,0.0,0.0,0.0,0.0,None,0.0,0.0,1.0,1.0,0.0,0.0,0.0,0.0,0.0,0.0,0.0,0,0,0,0.0,0,0.0,0.0,0.0,0.0,0.0,1.0,1.0,0,0,0.0,0.0,0,0,0,0,30164.379,589789.252,0.955,0.3058615624904632,0,0,0,0,0,0,0,0,0,0,0,0,0.0,0.0,0,0,0,0,0,0,0,1,0,0,0,0.8,0,0.0,0.0,0,0.0,0,1,0.0,0,0,0,0,0.0,1,0.0,0.0,0.0,30.0,0.05,30.0,96403,0,25258,0
MISS_landbasedwind_class3_moderate_11_anyQual_1,MISS,LandbasedWind_Class3_Moderate_,11_anyQual_1,804,8,1,0,1,0,0,0,0,0,0.0,0.0,0,0,0.0,0.0,0.0,0.0,0.0,-1,1.0,0,4407.0,-1.0,0,0,0,0.0,0.0,1065951.189,106551,0,0.0,0,0,0.0,0.0,0,0,0.0,0.0,0.0,0.0,0.0,None,0.0,0.0,1.0,1.0,0.0,0.0,0.0,0.0,0.0,0.0,0.0,0,0,0,0.0,0,0.0,0.0,0.0,0.0,0.0,1.0,1.0,0,0,0.0,0.0,0,0,0,0,31707.58,619972.227,0.955,0.3081037700176239,0,0,0,0,0,0,0,0,0,0,0,0,0.0,0.0,0,0,0,0,0,0,0,1,0,0,0,0.8,0,0.0,0.0,0,0.0,0,1,0.0,0,0,0,0,0.0,1,0.0,0.0,0.0,30.0,0.05,30.0,97946,0,25258,0
MISS_offshorewind_class3_moderate_fixed_1_1,MISS,OffShoreWind_Class3_Moderate_fixed_1,1,805,8,1,0,1,0,0,0,0,0,0.0,0.0,0,0,0.0,0.0,0.0,0.0,0.0,-1,1.0,0,7298.0,-1.0,0,0,0,0.0,0.0,2642898.3,270670,0,0.0,0,0,0.0,0.0,0,0,0.0,0.0,0.0,0.0,0.0,None,0.0,0.0,1.0,1.0,0.0,0.0,0.0,0.0,0.0,0.0,0.0,0,0,0,0.0,0,0.0,0.0,0.0,0.0,0.0,1.0,1.0,0,0,0.0,0.0,0,0,0,0,83177.73,1626326.333,0.959,0.3196784257888794,0,0,0,0,0,0,0,0,0,0,0,0,0.0,0.0,0,0,0,0,0,0,0,1,0,0,0,0.8,0,0.0,0.0,0,0.0,0,1,0.0,0,0,0,0,0.0,1,0.0,0.0,0.0,30.0,0.05,30.0,248010,0,82811,0
MISS_offshorewind_class3_moderate_fixed_1_2,MISS,OffShoreWind_Class3_Moderate_fixed_1,2,806,8,1,0,1,0,0,0,0,0,0.0,0.0,0,0,0.0,0.0,0.0,0.0,0.0,-1,1.0,0,7228.5,-1.0,0,0,0,0.0,0.0,2642898.3,275133,0,0.0,0,0,0.0,0.0,0,0,0.0,0.0,0.0,0.0,0.0,None,0.0,0.0,1.0,1.0,0.0,0.0,0.0,0.0,0.0,0.0,0.0,0,0,0,0.0,0,0.0,0.0,0.0,0.0,0.0,1.0,1.0,0,0,0.0,0.0,0,0,0,0,86686.121,1694923.874,0.959,0.3228045105934143,0,0,0,0,0,0,0,0,0,0,0,0,0.0,0.0,0,0,0,0,0,0,0,1,0,0,0,0.8,0,0.0,0.0,0,0.0,0,1,0.0,0,0,0,0,0.0,1,0.0,0.0,0.0,30.0,0.05,30.0,251519,0,82811,0
MISS_offshorewind_class3_moderate_fixed_1_3,MISS,OffShoreWind_Class3_Moderate_fixed_1,3,807,8,1,0,1,0,0,0,0,0,0.0,0.0,0,0,0.0,0.0,0.0,0.0,0.0,-1,1.0,0,7202.5,-1.0,0,0,0,0.0,0.0,2642898.3,278228,0,0.0,0,0,0.0,0.0,0,0,0.0,0.0,0.0,0.0,0.0,None,0.0,0.0,1.0,1.0,0.0,0.0,0.0,0.0,0.0,0.0,0.0,0,0,0,0.0,0,0.0,0.0,0.0,0.0,0.0,1.0,1.0,0,0,0.0,0.0,0,0,0,0,89120.032,1742512.709,0.959,0.3229289054870605,0,0,0,0,0,0,0,0,0,0,0,0,0.0,0.0,0,0,0,0,0,0,0,1,0,0,0,0.8,0,0.0,0.0,0,0.0,0,1,0.0,0,0,0,0,0.0,1,0.0,0.0,0.0,30.0,0.05,30.0,253953,0,82811,0
MISS_offshorewind_class12_moderate_floating_1_1,MISS,OffShoreWind_Class12_Moderate_floating_1,1,808,8,1,0,1,0,0,0,0,0,0.0,0.0,0,0,0.0,0.0,0.0,0.0,0.0,-1,1.0,0,4190.2,-1.0,0,0,0,0.0,0.0,4211164.784,380047,0,0.0,0,0,0.0,0.0,0,0,0.0,0.0,0.0,0.0,0.0,None,0.0,0.0,1.0,1.0,0.0,0.0,0.0,0.0,0.0,0.0,0.0,0,0,0,0.0,0,0.0,0.0,0.0,0.0,0.0,1.0,1.0,0,0,0.0,0.0,0,0,0,0,92251.863,1803747.613,0.959,0.317033439874649,0,0,0,0,0,0,0,0,0,0,0,0,0.0,0.0,0,0,0,0,0,0,0,1,0,0,0,0.8,0,0.0,0.0,0,0.0,0,1,0.0,0,0,0,0,0.0,1,0.0,0.0,0.0,30.0,0.05,30.0,354895,0,72317,0
MISS_offshorewind_class12_moderate_floating_1_2,MISS,OffShoreWind_Class12_Moderate_floating_1,2,809,8,1,0,1,0,0,0,0,0,0.0,0.0,0,0,0.0,0.0,0.0,0.0,0.0,-1,1.0,0,4186.2,-1.0,0,0,0,0.0,0.0,4211164.784,382279,0,0.0,0,0,0.0,0.0,0,0,0.0,0.0,0.0,0.0,0.0,None,0.0,0.0,1.0,1.0,0.0,0.0,0.0,0.0,0.0,0.0,0.0,0,0,0,0.0,0,0.0,0.0,0.0,0.0,0.0,1.0,1.0,0,0,0.0,0.0,0,0,0,0,94006.461,1838054.254,0.959,0.3176174461841583,0,0,0,0,0,0,0,0,0,0,0,0,0.0,0.0,0,0,0,0,0,0,0,1,0,0,0,0.8,0,0.0,0.0,0,0.0,0,1,0.0,0,0,0,0,0.0,1,0.0,0.0,0.0,30.0,0.05,30.0,356650,0,72317,0
MISS_offshorewind_class12_moderate_floating_1_3,MISS,OffShoreWind_Class12_Moderate_floating_1,3,810,8,1,0,1,0,0,0,0,0,0.0,0.0,0,0,0.0,0.0,0.0,0.0,0.0,-1,1.0,0,4106.2,-1.0,0,0,0,0.0,0.0,4211164.784,386260,0,0.0,0,0,0.0,0.0,0,0,0.0,0.0,0.0,0.0,0.0,None,0.0,0.0,1.0,1.0,0.0,0.0,0.0,0.0,0.0,0.0,0.0,0,0,0,0.0,0,0.0,0.0,0.0,0.0,0.0,1.0,1.0,0,0,0.0,0.0,0,0,0,0,97136.665,1899257.34,0.959,0.3197139799594879,0,0,0,0,0,0,0,0,0,0,0,0,0.0,0.0,0,0,0,0,0,0,0,1,0,0,0,0.8,0,0.0,0.0,0,0.0,0,1,0.0,0,0,0,0,0.0,1,0.0,0.0,0.0,30.0,0.05,30.0,359780,0,72317,0
MISS_offshorewind_class3_moderate_fixed_0_1,MISS,OffShoreWind_Class3_Moderate_fixed_0,1,811,8,1,0,1,0,0,0,0,0,0.0,0.0,0,0,0.0,0.0,0.0,0.0,0.0,-1,1.0,0,17905.4,-1.0,0,0,0,0.0,0.0,2642898.3,252107,0,0.0,0,0,0.0,0.0,0,0,0.0,0.0,0.0,0.0,0.0,None,0.0,0.0,1.0,1.0,0.0,0.0,0.0,0.0,0.0,0.0,0.0,0,0,0,0.0,0,0.0,0.0,0.0,0.0,0.0,1.0,1.0,0,0,0.0,0.0,0,0,0,0,68582.853,1340961.072,0.959,0.3577643632888794,0,0,0,0,0,0,0,0,0,0,0,0,0.0,0.0,0,0,0,0,0,0,0,1,0,0,0,0.8,0,0.0,0.0,0,0.0,0,1,0.0,0,0,0,0,0.0,1,0.0,0.0,0.0,30.0,0.05,30.0,233415,0,82811,0
MISS_offshorewind_class3_moderate_fixed_0_2,MISS,OffShoreWind_Class3_Moderate_fixed_0,2,812,8,1,0,1,0,0,0,0,0,0.0,0.0,0,0,0.0,0.0,0.0,0.0,0.0,-1,1.0,0,17823.1,-1.0,0,0,0,0.0,0.0,2642898.3,258358,0,0.0,0,0,0.0,0.0,0,0,0.0,0.0,0.0,0.0,0.0,None,0.0,0.0,1.0,1.0,0.0,0.0,0.0,0.0,0.0,0.0,0.0,0,0,0,0.0,0,0.0,0.0,0.0,0.0,0.0,1.0,1.0,0,0,0.0,0.0,0,0,0,0,73497.47,1437053.757,0.959,0.3220090568065643,0,0,0,0,0,0,0,0,0,0,0,0,0.0,0.0,0,0,0,0,0,0,0,1,0,0,0,0.8,0,0.0,0.0,0,0.0,0,1,0.0,0,0,0,0,0.0,1,0.0,0.0,0.0,30.0,0.05,30.0,238330,0,82811,0
MISS_offshorewind_class3_moderate_fixed_0_3,MISS,OffShoreWind_Class3_Moderate_fixed_0,3,813,8,1,0,1,0,0,0,0,0,0.0,0.0,0,0,0.0,0.0,0.0,0.0,0.0,-1,1.0,0,17799.4,-1.0,0,0,0,0.0,0.0,2642898.3,265624,0,0.0,0,0,0.0,0.0,0,0,0.0,0.0,0.0,0.0,0.0,None,0.0,0.0,1.0,1.0,0.0,0.0,0.0,0.0,0.0,0.0,0.0,0,0,0,0.0,0,0.0,0.0,0.0,0.0,0.0,1.0,1.0,0,0,0.0,0.0,0,0,0,0,79209.94,1548746.391,0.959,0.3192139863967895,0,0,0,0,0,0,0,0,0,0,0,0,0.0,0.0,0,0,0,0,0,0,0,1,0,0,0,0.8,0,0.0,0.0,0,0.0,0,1,0.0,0,0,0,0,0.0,1,0.0,0.0,0.0,30.0,0.05,30.0,244042,0,82811,0
MISS_offshorewind_class12_moderate_floating_0_1,MISS,OffShoreWind_Class12_Moderate_floating_0,1,814,8,1,0,1,0,0,0,0,0,0.0,0.0,0,0,0.0,0.0,0.0,0.0,0.0,-1,1.0,0,34914.0,-1.0,0,0,0,0.0,0.0,4211164.784,370450,0,0.0,0,0,0.0,0.0,0,0,0.0,0.0,0.0,0.0,0.0,None,0.0,0.0,1.0,1.0,0.0,0.0,0.0,0.0,0.0,0.0,0.0,0,0,0,0.0,0,0.0,0.0,0.0,0.0,0.0,1.0,1.0,0,0,0.0,0.0,0,0,0,0,84706.456,1656216.611,0.959,0.3190512657165527,0,0,0,0,0,0,0,0,0,0,0,0,0.0,0.0,0,0,0,0,0,0,0,1,0,0,0,0.8,0,0.0,0.0,0,0.0,0,1,0.0,0,0,0,0,0.0,1,0.0,0.0,0.0,30.0,0.05,30.0,347350,0,72317,0
MISS_offshorewind_class12_moderate_floating_0_2,MISS,OffShoreWind_Class12_Moderate_floating_0,2,815,8,1,0,1,0,0,0,0,0,0.0,0.0,0,0,0.0,0.0,0.0,0.0,0.0,-1,1.0,0,34740.9,-1.0,0,0,0,0.0,0.0,4211164.784,376264,0,0.0,0,0,0.0,0.0,0,0,0.0,0.0,0.0,0.0,0.0,None,0.0,0.0,1.0,1.0,0.0,0.0,0.0,0.0,0.0,0.0,0.0,0,0,0,0.0,0,0.0,0.0,0.0,0.0,0.0,1.0,1.0,0,0,0.0,0.0,0,0,0,0,89277.213,1745585.983,0.959,0.3179543614387512,0,0,0,0,0,0,0,0,0,0,0,0,0.0,0.0,0,0,0,0,0,0,0,1,0,0,0,0.8,0,0.0,0.0,0,0.0,0,1,0.0,0,0,0,0,0.0,1,0.0,0.0,0.0,30.0,0.05,30.0,351921,0,72317,0
MISS_offshorewind_class12_moderate_floating_0_3,MISS,OffShoreWind_Class12_Moderate_floating_0,3,816,8,1,0,1,0,0,0,0,0,0.0,0.0,0,0,0.0,0.0,0.0,0.0,0.0,-1,1.0,0,34720.5,-1.0,0,0,0,0.0,0.0,4211164.784,382207,0,0.0,0,0,0.0,0.0,0,0,0.0,0.0,0.0,0.0,0.0,None,0.0,0.0,1.0,1.0,0.0,0.0,0.0,0.0,0.0,0.0,0.0,0,0,0,0.0,0,0.0,0.0,0.0,0.0,0.0,1.0,1.0,0,0,0.0,0.0,0,0,0,0,93950.104,1836952.334,0.959,0.3170427978038788,0,0,0,0,0,0,0,0,0,0,0,0,0.0,0.0,0,0,0,0,0,0,0,1,0,0,0,0.8,0,0.0,0.0,0,0.0,0,1,0.0,0,0,0,0,0.0,1,0.0,0.0,0.0,30.0,0.05,30.0,356594,0,72317,0
MISW_naturalgas_hframe_cc_95_ccs_moderate_0,MISW,NaturalGas_H-Frame CC 95% CCS_Moderate,0,817,9,0,1,0,0,0,0,0,0,0.0,0.0,0,0,0.0,8641.0,0.0,0.0,0.0,-1,500.0,0,-1.0,-1.0,0,0,0,0.0,0.0,1943268.308,131631,206753,0.0,0,0,8.47,0.0,0,0,106.0,2.0,6.78,0.0,0.0,east_north_central_naturalgas_ccs95,0.6,0.0,1.0,1.0,0.0,0.0,0.0,0.106666667,0.213333333,0.0,0.0,0,0,0,0.95,27,1469.015,17226.965,14.368,0.342,4.911,0.64,0.64,6,6,10.0,45550.0,0,0,0,0,0.0,0.0,1.018,0.0,0,0,0,0,0,0,0,0,0,0,0,0,0.0,0.0,0,0,0,0,0,0,0,0,0,0,0,0.93,0,0.0,0.0,0,0.0,0,0,0.0,0,0,0,0,0.0,1,0.0,0.0,0.0,30.0,0.05,30.0,132262,0,46282,0
MISW_naturalgas_hframe_cc_moderate_0,MISW,NaturalGas_H-Frame CC_Moderate,0,818,9,0,1,0,0,0,0,0,0,0.0,0.0,0,0,0.0,6337.0,0.0,0.0,0.0,-1,500.0,0,-1.0,-1.0,0,0,0,0.0,0.0,1096691.96,77943,112362,0.0,0,0,1.72,0.0,0,0,106.0,2.0,6.09,0.0,0.0,east_north_central_naturalgas,0.3,0.0,1.0,1.0,0.0,0.0,0.0,0.0,0.0,0.0,0.0,0,0,0,0.0,0,0.0,0.0,0.0,0.0,0.0,0.64,0.64,6,6,10.0,45550.0,0,0,0,0,0.0,0.0,1.051,0.0,0,0,0,0,0,0,0,0,0,0,0,0,0.0,0.0,0,0,0,0,0,0,0,0,0,0,0,0.93,0,0.0,0.0,0,0.0,0,0,0.0,0,0,0,0,0.0,0,0.0,0.0,0.0,30.0,0.05,30.0,77172,0,26266,0
MISW_naturalgas_fframe_ct_moderate_0,MISW,NaturalGas_F-Frame CT_Moderate,0,819,9,0,1,0,0,0,0,0,0,0.0,0.0,0,0,0.0,0.0,0.0,0.0,0.0,-1,100.0,0,-1.0,-1.0,0,0,0,0.0,0.0,977045.463,70462,0,0.0,0,0,6.15,0.0,0,0,137.0,3.5,9.72,0.0,0.0,east_north_central_naturalgas,0.3,0.0,1.0,1.0,0.0,0.0,0.0,0.0,0.0,0.0,0.0,0,0,0,0.0,0,0.0,0.0,0.0,0.0,0.0,3.78,3.78,1,1,10.0,45550.0,0,0,0,0,0.0,0.0,1.062,0.0,0,0,0,0,0,0,0,0,0,0,0,0,0.0,0.0,0,0,0,0,0,0,0,0,0,0,0,0.93,0,0.0,0.0,0,0.0,0,0,0.0,0,0,0,0,0.0,0,0.0,0.0,0.0,30.0,0.05,30.0,69664,0,21509,0
MISW_battery_moderate_0,MISW,Battery_*_Moderate,0,820,9,0,0,0,0,1,0,0,0,0.0,0.0,0,0,0.0,0.0,0.0,0.0,0.0,-1,1.0,0,-1.0,-1.0,0,0,0,0.0,0.0,274910.679,26115,0,205428.952,19514,0,0.15,0.15,0,0,0.0,0.0,0.0,0.0,0.0,None,0.0,0.0,0.92,0.92,0.0,1.0,10.0,0.0,0.0,0.0,0.0,0,0,0,0.0,0,0.0,0.0,0.0,0.0,0.0,1.0,1.0,0,0,0.0,0.0,0,0,0,0,0.0,0.0,0.986,0.0,0,0,0,0,0,0,0,0,0,0,0,0,0.0,0.0,0,0,0,0,0,0,0,0,0,0,0,0.95,0,0.0,0.0,0,0.0,0,0,0.0,0,0,0,0,0.0,0,0.0,0.0,0.0,15.0,0.05,15.0,26102,19505,6872,5135
MISW_nuclear_nuclear_moderate_0,MISW,Nuclear_Nuclear_Moderate,0,821,9,0,1,0,0,0,0,0,0,0.0,0.0,0,0,0.0,0.0,0.0,0.0,0.0,-1,2000.0,0,-1.0,-1.0,0,0,0,0.0,0.0,7229469.526,446390,0,0.0,0,0,2.36,0.0,0,0,285.0,0.0,10.45,0.0,0.0,east_north_central_uranium,0.5,0.0,1.0,1.0,0.0,0.0,0.0,0.041666667,0.083333333,0.0,0.0,0,0,0,0.0,0,0.0,0.0,0.0,0.0,0.0,0.25,0.25,24,24,50.0,227750.0,0,0,0,0,0.0,0.0,1.028,0.0,0,0,0,0,0,0,0,0,0,0,0,0,0.0,0.0,0,0,0,0,0,0,0,0,0,0,0,0.93,0,0.0,0.0,0,0.0,0,0,0.0,0,0,0,0,0.0,1,0.0,0.0,0.0,40.0,0.05,40.0,443964,0,145294,0
MISW_hydrogen_fframe_ct_moderate_0,MISW,Hydrogen_F-Frame CT_Moderate,0,822,9,0,1,0,0,0,0,0,0,0.0,0.0,0,0,0.0,0.0,0.0,0.0,0.0,-1,100.0,0,-1.0,-1.0,0,0,0,0.0,0.0,1074750.009,74249,0,0.0,0,0,6.15,0.0,0,0,137.0,3.5,9.72,0.0,0.0,hydrogen,0.3,0.0,1.0,1.0,0.0,0.0,0.0,0.0,0.0,0.0,0.0,0,0,0,0.0,0,0.0,0.0,0.0,0.0,0.0,3.78,3.78,1,1,0.0,0.0,0,0,0,0,0.0,0.0,1.062,0.0,0,0,0,0,0,0,0,0,0,0,0,0,0.0,0.0,0,0,0,0,0,0,0,0,0,0,0,0.93,0,0.0,0.0,0,0.0,0,0,0.0,0,0,0,0,0.0,1,0.0,0.0,0.0,30.0,0.05,30.0,74246,0,21509,0
MISW_hydrogen_hframe_cc_moderate_0,MISW,Hydrogen_H-Frame CC_Moderate,0,823,9,0,1,0,0,0,0,0,0,0.0,0.0,0,0,0.0,0.0,0.0,0.0,0.0,-1,500.0,0,-1.0,-1.0,0,0,0,0.0,0.0,1206361.156,82478,0,0.0,0,0,1.72,0.0,0,0,106.0,2.0,6.09,0.0,0.0,hydrogen,0.3,0.0,1.0,1.0,0.0,0.0,0.0,0.0,0.0,0.0,0.0,0,0,0,0.0,0,0.0,0.0,0.0,0.0,0.0,0.64,0.64,6,6,0.0,0.0,0,0,0,0,0.0,0.0,1.051,0.0,0,0,0,0,0,0,0,0,0,0,0,0,0.0,0.0,0,0,0,0,0,0,0,0,0,0,0,0.93,0,0.0,0.0,0,0.0,0,0,0.0,0,0,0,0,0.0,1,0.0,0.0,0.0,30.0,0.05,30.0,82506,0,26266,0
MISW_landbasedwind_class3_moderate_0_anyQual_0,MISW,LandbasedWind_Class3_Moderate_,0_anyQual_0,824,9,1,0,1,0,0,0,0,0,0.0,0.0,0,0,0.0,6828.0,0.0,0.0,0.0,-1,1.0,0,6829.1,-1.0,0,0,0,0.0,0.0,1065951.189,90909,126608,0.0,0,0,0.0,0.0,0,0,0.0,0.0,0.0,0.0,0.0,None,0.0,0.0,1.0,1.0,0.0,0.0,0.0,0.0,0.0,0.0,0.0,0,0,0,0.0,0,0.0,0.0,0.0,0.0,0.0,1.0,1.0,0,0,0.0,0.0,0,0,0,0,19409.766,379512.127,0.955,0.5189292430877686,0,0,0,0,0,0,0,0,0,0,0,0,0.0,0.0,0,0,0,0,0,0,0,1,0,0,0,0.8,0,0.0,0.0,0,0.0,0,1,0.0,0,0,0,0,0.0,1,0.0,0.0,0.0,30.0,0.05,30.0,85648,0,25258,0
MISW_landbasedwind_class3_moderate_1_anyQual_0,MISW,LandbasedWind_Class3_Moderate_,1_anyQual_0,825,9,1,0,1,0,0,0,0,0,0.0,0.0,0,0,0.0,1163.7,0.0,0.0,0.0,-1,1.0,0,1163.7,-1.0,0,0,0,0.0,0.0,1065951.189,75082,110781,0.0,0,0,0.0,0.0,0,0,0.0,0.0,0.0,0.0,0.0,None,0.0,0.0,1.0,1.0,0.0,0.0,0.0,0.0,0.0,0.0,0.0,0,0,0,0.0,0,0.0,0.0,0.0,0.0,0.0,1.0,1.0,0,0,0.0,0.0,0,0,0,0,6966.312,136208.283,0.955,0.4447455704212188,0,0,0,0,0,0,0,0,0,0,0,0,0.0,0.0,0,0,0,0,0,0,0,1,0,0,0,0.8,0,0.0,0.0,0,0.0,0,1,0.0,0,0,0,0,0.0,1,0.0,0.0,0.0,30.0,0.05,30.0,73205,0,25258,0
MISW_landbasedwind_class3_moderate_2_anyQual_0,MISW,LandbasedWind_Class3_Moderate_,2_anyQual_0,826,9,1,0,1,0,0,0,0,0,0.0,0.0,0,0,0.0,0.0,0.0,0.0,0.0,-1,1.0,0,8374.0,-1.0,0,0,0,0.0,0.0,1065951.189,87314,0,0.0,0,0,0.0,0.0,0,0,0.0,0.0,0.0,0.0,0.0,None,0.0,0.0,1.0,1.0,0.0,0.0,0.0,0.0,0.0,0.0,0.0,0,0,0,0.0,0,0.0,0.0,0.0,0.0,0.0,1.0,1.0,0,0,0.0,0.0,0,0,0,0,16583.594,324253.997,0.955,0.4845964610576629,0,0,0,0,0,0,0,0,0,0,0,0,0.0,0.0,0,0,0,0,0,0,0,1,0,0,0,0.8,0,0.0,0.0,0,0.0,0,1,0.0,0,0,0,0,0.0,1,0.0,0.0,0.0,30.0,0.05,30.0,82822,0,25258,0
MISW_landbasedwind_class3_moderate_3_anyQual_0,MISW,LandbasedWind_Class3_Moderate_,3_anyQual_0,827,9,1,0,1,0,0,0,0,0,0.0,0.0,0,0,0.0,5416.0,0.0,0.0,0.0,-1,1.0,0,5416.5,-1.0,0,0,0,0.0,0.0,1065951.189,81596,117295,0.0,0,0,0.0,0.0,0,0,0.0,0.0,0.0,0.0,0.0,None,0.0,0.0,1.0,1.0,0.0,0.0,0.0,0.0,0.0,0.0,0.0,0,0,0,0.0,0,0.0,0.0,0.0,0.0,0.0,1.0,1.0,0,0,0.0,0.0,0,0,0,0,12087.44,236339.502,0.955,0.4704911112785339,0,0,0,0,0,0,0,0,0,0,0,0,0.0,0.0,0,0,0,0,0,0,0,1,0,0,0,0.8,0,0.0,0.0,0,0.0,0,1,0.0,0,0,0,0,0.0,1,0.0,0.0,0.0,30.0,0.05,30.0,78326,0,25258,0
MISW_landbasedwind_class3_moderate_4_anyQual_0,MISW,LandbasedWind_Class3_Moderate_,4_anyQual_0,828,9,1,0,1,0,0,0,0,0,0.0,0.0,0,0,0.0,3790.0,0.0,0.0,0.0,-1,1.0,0,8357.5,-1.0,0,0,0,0.0,0.0,1065951.189,92101,127799,0.0,0,0,0.0,0.0,0,0,0.0,0.0,0.0,0.0,0.0,None,0.0,0.0,1.0,1.0,0.0,0.0,0.0,0.0,0.0,0.0,0.0,0,0,0,0.0,0,0.0,0.0,0.0,0.0,0.0,1.0,1.0,0,0,0.0,0.0,0,0,0,0,20346.703,397833.076,0.955,0.5002905130386353,0,0,0,0,0,0,0,0,0,0,0,0,0.0,0.0,0,0,0,0,0,0,0,1,0,0,0,0.8,0,0.0,0.0,0,0.0,0,1,0.0,0,0,0,0,0.0,1,0.0,0.0,0.0,30.0,0.05,30.0,86585,0,25258,0
MISW_landbasedwind_class3_moderate_5_anyQual_0,MISW,LandbasedWind_Class3_Moderate_,5_anyQual_0,829,9,1,0,1,0,0,0,0,0,0.0,0.0,0,0,0.0,2034.0,0.0,0.0,0.0,-1,1.0,0,2034.4,-1.0,0,0,0,0.0,0.0,1065951.189,77631,113329,0.0,0,0,0.0,0.0,0,0,0.0,0.0,0.0,0.0,0.0,None,0.0,0.0,1.0,1.0,0.0,0.0,0.0,0.0,0.0,0.0,0.0,0,0,0,0.0,0,0.0,0.0,0.0,0.0,0.0,1.0,1.0,0,0,0.0,0.0,0,0,0,0,8970.795,175400.799,0.955,0.4584957361221313,0,0,0,0,0,0,0,0,0,0,0,0,0.0,0.0,0,0,0,0,0,0,0,1,0,0,0,0.8,0,0.0,0.0,0,0.0,0,1,0.0,0,0,0,0,0.0,1,0.0,0.0,0.0,30.0,0.05,30.0,75209,0,25258,0
MISW_landbasedwind_class3_moderate_6_anyQual_1,MISW,LandbasedWind_Class3_Moderate_,6_anyQual_1,830,9,1,0,1,0,0,0,0,0,0.0,0.0,0,0,0.0,1167.0,0.0,0.0,0.0,-1,1.0,0,1167.4,-1.0,0,0,0,0.0,0.0,1065951.189,80425,116124,0.0,0,0,0.0,0.0,0,0,0.0,0.0,0.0,0.0,0.0,None,0.0,0.0,1.0,1.0,0.0,0.0,0.0,0.0,0.0,0.0,0.0,0,0,0,0.0,0,0.0,0.0,0.0,0.0,0.0,1.0,1.0,0,0,0.0,0.0,0,0,0,0,11166.798,218339.185,0.955,0.4906899034976959,0,0,0,0,0,0,0,0,0,0,0,0,0.0,0.0,0,0,0,0,0,0,0,1,0,0,0,0.8,0,0.0,0.0,0,0.0,0,1,0.0,0,0,0,0,0.0,1,0.0,0.0,0.0,30.0,0.05,30.0,77405,0,25258,0
MISW_landbasedwind_class3_moderate_7_anyQual_0,MISW,LandbasedWind_Class3_Moderate_,7_anyQual_0,831,9,1,0,1,0,0,0,0,0,0.0,0.0,0,0,0.0,7790.0,0.0,0.0,0.0,-1,1.0,0,7898.7,-1.0,0,0,0,0.0,0.0,1065951.189,107782,143480,0.0,0,0,0.0,0.0,0,0,0.0,0.0,0.0,0.0,0.0,None,0.0,0.0,1.0,1.0,0.0,0.0,0.0,0.0,0.0,0.0,0.0,0,0,0,0.0,0,0.0,0.0,0.0,0.0,0.0,1.0,1.0,0,0,0.0,0.0,0,0,0,0,32674.822,638888.091,0.955,0.5063982009887695,0,0,0,0,0,0,0,0,0,0,0,0,0.0,0.0,0,0,0,0,0,0,0,1,0,0,0,0.8,0,0.0,0.0,0,0.0,0,1,0.0,0,0,0,0,0.0,1,0.0,0.0,0.0,30.0,0.05,30.0,98913,0,25258,0
MISW_landbasedwind_class3_moderate_8_anyQual_0,MISW,LandbasedWind_Class3_Moderate_,8_anyQual_0,832,9,1,0,1,0,0,0,0,0,0.0,0.0,0,0,0.0,0.0,0.0,0.0,0.0,-1,1.0,0,7548.8,-1.0,0,0,0,0.0,0.0,1065951.189,99421,0,0.0,0,0,0.0,0.0,0,0,0.0,0.0,0.0,0.0,0.0,None,0.0,0.0,1.0,1.0,0.0,0.0,0.0,0.0,0.0,0.0,0.0,0,0,0,0.0,0,0.0,0.0,0.0,0.0,0.0,1.0,1.0,0,0,0.0,0.0,0,0,0,0,26101.51,510358.46,0.955,0.4853836894035339,0,0,0,0,0,0,0,0,0,0,0,0,0.0,0.0,0,0,0,0,0,0,0,1,0,0,0,0.8,0,0.0,0.0,0,0.0,0,1,0.0,0,0,0,0,0.0,1,0.0,0.0,0.0,30.0,0.05,30.0,92340,0,25258,0
MISW_landbasedwind_class3_moderate_9_anyQual_0,MISW,LandbasedWind_Class3_Moderate_,9_anyQual_0,833,9,1,0,1,0,0,0,0,0,0.0,0.0,0,0,0.0,0.0,0.0,0.0,0.0,-1,1.0,0,11487.4,-1.0,0,0,0,0.0,0.0,1065951.189,94599,0,0.0,0,0,0.0,0.0,0,0,0.0,0.0,0.0,0.0,0.0,None,0.0,0.0,1.0,1.0,0.0,0.0,0.0,0.0,0.0,0.0,0.0,0,0,0,0.0,0,0.0,0.0,0.0,0.0,0.0,1.0,1.0,0,0,0.0,0.0,0,0,0,0,22310.871,436237.739,0.955,0.4721972048282623,0,0,0,0,0,0,0,0,0,0,0,0,0.0,0.0,0,0,0,0,0,0,0,1,0,0,0,0.8,0,0.0,0.0,0,0.0,0,1,0.0,0,0,0,0,0.0,1,0.0,0.0,0.0,30.0,0.05,30.0,88549,0,25258,0
MISW_landbasedwind_class3_moderate_10_anyQual_0,MISW,LandbasedWind_Class3_Moderate_,10_anyQual_0,834,9,1,0,1,0,0,0,0,0,0.0,0.0,0,0,0.0,0.0,0.0,0.0,0.0,-1,1.0,0,2705.1,-1.0,0,0,0,0.0,0.0,1065951.189,83928,0,0.0,0,0,0.0,0.0,0,0,0.0,0.0,0.0,0.0,0.0,None,0.0,0.0,1.0,1.0,0.0,0.0,0.0,0.0,0.0,0.0,0.0,0,0,0,0.0,0,0.0,0.0,0.0,0.0,0.0,1.0,1.0,0,0,0.0,0.0,0,0,0,0,13921.523,272199.553,0.955,0.4445661306381225,0,0,0,0,0,0,0,0,0,0,0,0,0.0,0.0,0,0,0,0,0,0,0,1,0,0,0,0.8,0,0.0,0.0,0,0.0,0,1,0.0,0,0,0,0,0.0,1,0.0,0.0,0.0,30.0,0.05,30.0,80160,0,25258,0
MISW_landbasedwind_class3_moderate_11_anyQual_0,MISW,LandbasedWind_Class3_Moderate_,11_anyQual_0,835,9,1,0,1,0,0,0,0,0,0.0,0.0,0,0,0.0,0.0,0.0,0.0,0.0,-1,1.0,0,1507.0,-1.0,0,0,0,0.0,0.0,1065951.189,89295,0,0.0,0,0,0.0,0.0,0,0,0.0,0.0,0.0,0.0,0.0,None,0.0,0.0,1.0,1.0,0.0,0.0,0.0,0.0,0.0,0.0,0.0,0,0,0,0.0,0,0.0,0.0,0.0,0.0,0.0,1.0,1.0,0,0,0.0,0.0,0,0,0,0,18141.24,354706.824,0.955,0.4581819176673889,0,0,0,0,0,0,0,0,0,0,0,0,0.0,0.0,0,0,0,0,0,0,0,1,0,0,0,0.8,0,0.0,0.0,0,0.0,0,1,0.0,0,0,0,0,0.0,1,0.0,0.0,0.0,30.0,0.05,30.0,84380,0,25258,0
MISW_landbasedwind_class3_moderate_12_anyQual_0,MISW,LandbasedWind_Class3_Moderate_,12_anyQual_0,836,9,1,0,1,0,0,0,0,0,0.0,0.0,0,0,0.0,0.0,0.0,0.0,0.0,-1,1.0,0,283.4,-1.0,0,0,0,0.0,0.0,1065951.189,77102,0,0.0,0,0,0.0,0.0,0,0,0.0,0.0,0.0,0.0,0.0,None,0.0,0.0,1.0,1.0,0.0,0.0,0.0,0.0,0.0,0.0,0.0,0,0,0,0.0,0,0.0,0.0,0.0,0.0,0.0,1.0,1.0,0,0,0.0,0.0,0,0,0,0,8554.546,167262.119,0.955,0.4257709383964538,0,0,0,0,0,0,0,0,0,0,0,0,0.0,0.0,0,0,0,0,0,0,0,1,0,0,0,0.8,0,0.0,0.0,0,0.0,0,1,0.0,0,0,0,0,0.0,1,0.0,0.0,0.0,30.0,0.05,30.0,74793,0,25258,0
MISW_landbasedwind_class3_moderate_13_anyQual_1,MISW,LandbasedWind_Class3_Moderate_,13_anyQual_1,837,9,1,0,1,0,0,0,0,0,0.0,0.0,0,0,0.0,1941.0,0.0,0.0,0.0,-1,1.0,0,1941.3,-1.0,0,0,0,0.0,0.0,1065951.189,106720,142419,0.0,0,0,0.0,0.0,0,0,0.0,0.0,0.0,0.0,0.0,None,0.0,0.0,1.0,1.0,0.0,0.0,0.0,0.0,0.0,0.0,0.0,0,0,0,0.0,0,0.0,0.0,0.0,0.0,0.0,1.0,1.0,0,0,0.0,0.0,0,0,0,0,31840.466,622567.1,0.955,0.502651572227478,0,0,0,0,0,0,0,0,0,0,0,0,0.0,0.0,0,0,0,0,0,0,0,1,0,0,0,0.8,0,0.0,0.0,0,0.0,0,1,0.0,0,0,0,0,0.0,1,0.0,0.0,0.0,30.0,0.05,30.0,98079,0,25258,0
MISW_landbasedwind_class3_moderate_14_anyQual_0,MISW,LandbasedWind_Class3_Moderate_,14_anyQual_0,838,9,1,0,1,0,0,0,0,0,0.0,0.0,0,0,0.0,0.0,0.0,0.0,0.0,-1,1.0,0,8103.6,-1.0,0,0,0,0.0,0.0,1065951.189,96465,0,0.0,0,0,0.0,0.0,0,0,0.0,0.0,0.0,0.0,0.0,None,0.0,0.0,1.0,1.0,0.0,0.0,0.0,0.0,0.0,0.0,0.0,0,0,0,0.0,0,0.0,0.0,0.0,0.0,0.0,1.0,1.0,0,0,0.0,0.0,0,0,0,0,23778.185,464925.103,0.955,0.4612322151660919,0,0,0,0,0,0,0,0,0,0,0,0,0.0,0.0,0,0,0,0,0,0,0,1,0,0,0,0.8,0,0.0,0.0,0,0.0,0,1,0.0,0,0,0,0,0.0,1,0.0,0.0,0.0,30.0,0.05,30.0,90017,0,25258,0
MISW_landbasedwind_class3_moderate_15_anyQual_0,MISW,LandbasedWind_Class3_Moderate_,15_anyQual_0,839,9,1,0,1,0,0,0,0,0,0.0,0.0,0,0,0.0,0.0,0.0,0.0,0.0,-1,1.0,0,7773.3,-1.0,0,0,0,0.0,0.0,1065951.189,101730,0,0.0,0,0,0.0,0.0,0,0,0.0,0.0,0.0,0.0,0.0,None,0.0,0.0,1.0,1.0,0.0,0.0,0.0,0.0,0.0,0.0,0.0,0,0,0,0.0,0,0.0,0.0,0.0,0.0,0.0,1.0,1.0,0,0,0.0,0.0,0,0,0,0,27917.173,545857.207,0.955,0.4749623537063598,0,0,0,0,0,0,0,0,0,0,0,0,0.0,0.0,0,0,0,0,0,0,0,1,0,0,0,0.8,0,0.0,0.0,0,0.0,0,1,0.0,0,0,0,0,0.0,1,0.0,0.0,0.0,30.0,0.05,30.0,94156,0,25258,0
MISW_landbasedwind_class3_moderate_16_anyQual_0,MISW,LandbasedWind_Class3_Moderate_,16_anyQual_0,840,9,1,0,1,0,0,0,0,0,0.0,0.0,0,0,0.0,0.0,0.0,0.0,0.0,-1,1.0,0,8954.3,-1.0,0,0,0,0.0,0.0,1065951.189,113034,0,0.0,0,0,0.0,0.0,0,0,0.0,0.0,0.0,0.0,0.0,None,0.0,0.0,1.0,1.0,0.0,0.0,0.0,0.0,0.0,0.0,0.0,0,0,0,0.0,0,0.0,0.0,0.0,0.0,0.0,1.0,1.0,0,0,0.0,0.0,0,0,0,0,36804.564,719633.643,0.955,0.5013163089752197,0,0,0,0,0,0,0,0,0,0,0,0,0.0,0.0,0,0,0,0,0,0,0,1,0,0,0,0.8,0,0.0,0.0,0,0.0,0,1,0.0,0,0,0,0,0.0,1,0.0,0.0,0.0,30.0,0.05,30.0,103043,0,25258,0
MISW_landbasedwind_class3_moderate_17_anyQual_0,MISW,LandbasedWind_Class3_Moderate_,17_anyQual_0,841,9,1,0,1,0,0,0,0,0,0.0,0.0,0,0,0.0,0.0,0.0,0.0,0.0,-1,1.0,0,477.8,-1.0,0,0,0,0.0,0.0,1065951.189,81346,0,0.0,0,0,0.0,0.0,0,0,0.0,0.0,0.0,0.0,0.0,None,0.0,0.0,1.0,1.0,0.0,0.0,0.0,0.0,0.0,0.0,0.0,0,0,0,0.0,0,0.0,0.0,0.0,0.0,0.0,1.0,1.0,0,0,0.0,0.0,0,0,0,0,11891.056,232498.975,0.955,0.4240737557411194,0,0,0,0,0,0,0,0,0,0,0,0,0.0,0.0,0,0,0,0,0,0,0,1,0,0,0,0.8,0,0.0,0.0,0,0.0,0,1,0.0,0,0,0,0,0.0,1,0.0,0.0,0.0,30.0,0.05,30.0,78130,0,25258,0
MISW_landbasedwind_class3_moderate_18_anyQual_0,MISW,LandbasedWind_Class3_Moderate_,18_anyQual_0,842,9,1,0,1,0,0,0,0,0,0.0,0.0,0,0,0.0,0.0,0.0,0.0,0.0,-1,1.0,0,6164.8,-1.0,0,0,0,0.0,0.0,1065951.189,107131,0,0.0,0,0,0.0,0.0,0,0,0.0,0.0,0.0,0.0,0.0,None,0.0,0.0,1.0,1.0,0.0,0.0,0.0,0.0,0.0,0.0,0.0,0,0,0,0.0,0,0.0,0.0,0.0,0.0,0.0,1.0,1.0,0,0,0.0,0.0,0,0,0,0,32163.298,628884.8,0.955,0.4868590533733368,0,0,0,0,0,0,0,0,0,0,0,0,0.0,0.0,0,0,0,0,0,0,0,1,0,0,0,0.8,0,0.0,0.0,0,0.0,0,1,0.0,0,0,0,0,0.0,1,0.0,0.0,0.0,30.0,0.05,30.0,98402,0,25258,0
MISW_landbasedwind_class3_moderate_19_anyQual_0,MISW,LandbasedWind_Class3_Moderate_,19_anyQual_0,843,9,1,0,1,0,0,0,0,0,0.0,0.0,0,0,0.0,0.0,0.0,0.0,0.0,-1,1.0,0,992.0,-1.0,0,0,0,0.0,0.0,1065951.189,89008,0,0.0,0,0,0.0,0.0,0,0,0.0,0.0,0.0,0.0,0.0,None,0.0,0.0,1.0,1.0,0.0,0.0,0.0,0.0,0.0,0.0,0.0,0,0,0,0.0,0,0.0,0.0,0.0,0.0,0.0,1.0,1.0,0,0,0.0,0.0,0,0,0,0,17915.293,350287.502,0.955,0.4417265355587005,0,0,0,0,0,0,0,0,0,0,0,0,0.0,0.0,0,0,0,0,0,0,0,1,0,0,0,0.8,0,0.0,0.0,0,0.0,0,1,0.0,0,0,0,0,0.0,1,0.0,0.0,0.0,30.0,0.05,30.0,84154,0,25258,0
MISW_landbasedwind_class3_moderate_20_anyQual_1,MISW,LandbasedWind_Class3_Moderate_,20_anyQual_1,844,9,1,0,1,0,0,0,0,0,0.0,0.0,0,0,0.0,917.9,0.0,0.0,0.0,-1,1.0,0,917.9,-1.0,0,0,0,0.0,0.0,1065951.189,108677,144376,0.0,0,0,0.0,0.0,0,0,0.0,0.0,0.0,0.0,0.0,None,0.0,0.0,1.0,1.0,0.0,0.0,0.0,0.0,0.0,0.0,0.0,0,0,0,0.0,0,0.0,0.0,0.0,0.0,0.0,1.0,1.0,0,0,0.0,0.0,0,0,0,0,33378.846,652641.053,0.955,0.4916051626205444,0,0,0,0,0,0,0,0,0,0,0,0,0.0,0.0,0,0,0,0,0,0,0,1,0,0,0,0.8,0,0.0,0.0,0,0.0,0,1,0.0,0,0,0,0,0.0,1,0.0,0.0,0.0,30.0,0.05,30.0,99617,0,25258,0
MISW_landbasedwind_class3_moderate_21_anyQual_0,MISW,LandbasedWind_Class3_Moderate_,21_anyQual_0,845,9,1,0,1,0,0,0,0,0,0.0,0.0,0,0,0.0,0.0,0.0,0.0,0.0,-1,1.0,0,10759.2,-1.0,0,0,0,0.0,0.0,1065951.189,108018,0,0.0,0,0,0.0,0.0,0,0,0.0,0.0,0.0,0.0,0.0,None,0.0,0.0,1.0,1.0,0.0,0.0,0.0,0.0,0.0,0.0,0.0,0,0,0,0.0,0,0.0,0.0,0.0,0.0,0.0,1.0,1.0,0,0,0.0,0.0,0,0,0,0,32860.469,642515.718,0.955,0.4762972891330719,0,0,0,0,0,0,0,0,0,0,0,0,0.0,0.0,0,0,0,0,0,0,0,1,0,0,0,0.8,0,0.0,0.0,0,0.0,0,1,0.0,0,0,0,0,0.0,1,0.0,0.0,0.0,30.0,0.05,30.0,99099,0,25258,0
MISW_landbasedwind_class3_moderate_22_anyQual_0,MISW,LandbasedWind_Class3_Moderate_,22_anyQual_0,846,9,1,0,1,0,0,0,0,0,0.0,0.0,0,0,0.0,0.0,0.0,0.0,0.0,-1,1.0,0,3991.0,-1.0,0,0,0,0.0,0.0,1065951.189,96579,0,0.0,0,0,0.0,0.0,0,0,0.0,0.0,0.0,0.0,0.0,None,0.0,0.0,1.0,1.0,0.0,0.0,0.0,0.0,0.0,0.0,0.0,0,0,0,0.0,0,0.0,0.0,0.0,0.0,0.0,1.0,1.0,0,0,0.0,0.0,0,0,0,0,23868.18,466672.347,0.955,0.447734922170639,0,0,0,0,0,0,0,0,0,0,0,0,0.0,0.0,0,0,0,0,0,0,0,1,0,0,0,0.8,0,0.0,0.0,0,0.0,0,1,0.0,0,0,0,0,0.0,1,0.0,0.0,0.0,30.0,0.05,30.0,90107,0,25258,0
MISW_landbasedwind_class3_moderate_23_anyQual_0,MISW,LandbasedWind_Class3_Moderate_,23_anyQual_0,847,9,1,0,1,0,0,0,0,0,0.0,0.0,0,0,0.0,0.0,0.0,0.0,0.0,-1,1.0,0,542.3,-1.0,0,0,0,0.0,0.0,1065951.189,83186,0,0.0,0,0,0.0,0.0,0,0,0.0,0.0,0.0,0.0,0.0,None,0.0,0.0,1.0,1.0,0.0,0.0,0.0,0.0,0.0,0.0,0.0,0,0,0,0.0,0,0.0,0.0,0.0,0.0,0.0,1.0,1.0,0,0,0.0,0.0,0,0,0,0,13338.169,260793.668,0.955,0.4177656173706054,0,0,0,0,0,0,0,0,0,0,0,0,0.0,0.0,0,0,0,0,0,0,0,1,0,0,0,0.8,0,0.0,0.0,0,0.0,0,1,0.0,0,0,0,0,0.0,1,0.0,0.0,0.0,30.0,0.05,30.0,79577,0,25258,0
MISW_landbasedwind_class3_moderate_24_anyQual_0,MISW,LandbasedWind_Class3_Moderate_,24_anyQual_0,848,9,1,0,1,0,0,0,0,0,0.0,0.0,0,0,0.0,0.0,0.0,0.0,0.0,-1,1.0,0,6139.8,-1.0,0,0,0,0.0,0.0,1065951.189,115047,0,0.0,0,0,0.0,0.0,0,0,0.0,0.0,0.0,0.0,0.0,None,0.0,0.0,1.0,1.0,0.0,0.0,0.0,0.0,0.0,0.0,0.0,0,0,0,0.0,0,0.0,0.0,0.0,0.0,0.0,1.0,1.0,0,0,0.0,0.0,0,0,0,0,38386.716,750567.996,0.955,0.4927098453044891,0,0,0,0,0,0,0,0,0,0,0,0,0.0,0.0,0,0,0,0,0,0,0,1,0,0,0,0.8,0,0.0,0.0,0,0.0,0,1,0.0,0,0,0,0,0.0,1,0.0,0.0,0.0,30.0,0.05,30.0,104625,0,25258,0
MISW_landbasedwind_class3_moderate_25_anyQual_0,MISW,LandbasedWind_Class3_Moderate_,25_anyQual_0,849,9,1,0,1,0,0,0,0,0,0.0,0.0,0,0,0.0,0.0,0.0,0.0,0.0,-1,1.0,0,8007.2,-1.0,0,0,0,0.0,0.0,1065951.189,100559,0,0.0,0,0,0.0,0.0,0,0,0.0,0.0,0.0,0.0,0.0,None,0.0,0.0,1.0,1.0,0.0,0.0,0.0,0.0,0.0,0.0,0.0,0,0,0,0.0,0,0.0,0.0,0.0,0.0,0.0,1.0,1.0,0,0,0.0,0.0,0,0,0,0,26996.534,527847.275,0.955,0.4593988060951233,0,0,0,0,0,0,0,0,0,0,0,0,0.0,0.0,0,0,0,0,0,0,0,1,0,0,0,0.8,0,0.0,0.0,0,0.0,0,1,0.0,0,0,0,0,0.0,1,0.0,0.0,0.0,30.0,0.05,30.0,93235,0,25258,0
MISW_landbasedwind_class3_moderate_26_anyQual_0,MISW,LandbasedWind_Class3_Moderate_,26_anyQual_0,850,9,1,0,1,0,0,0,0,0,0.0,0.0,0,0,0.0,1720.8,0.0,0.0,0.0,-1,1.0,0,1720.8,-1.0,0,0,0,0.0,0.0,1065951.189,125381,161080,0.0,0,0,0.0,0.0,0,0,0.0,0.0,0.0,0.0,0.0,None,0.0,0.0,1.0,1.0,0.0,0.0,0.0,0.0,0.0,0.0,0.0,0,0,0,0.0,0,0.0,0.0,0.0,0.0,0.0,1.0,1.0,0,0,0.0,0.0,0,0,0,0,46511.855,909434.521,0.955,0.5156451463699341,0,0,0,0,0,0,0,0,0,0,0,0,0.0,0.0,0,0,0,0,0,0,0,1,0,0,0,0.8,0,0.0,0.0,0,0.0,0,1,0.0,0,0,0,0,0.0,1,0.0,0.0,0.0,30.0,0.05,30.0,112750,0,25258,0
MISW_landbasedwind_class3_moderate_27_anyQual_1,MISW,LandbasedWind_Class3_Moderate_,27_anyQual_1,851,9,1,0,1,0,0,0,0,0,0.0,0.0,0,0,0.0,0.0,0.0,0.0,0.0,-1,1.0,0,2137.8,-1.0,0,0,0,0.0,0.0,1065951.189,113430,0,0.0,0,0,0.0,0.0,0,0,0.0,0.0,0.0,0.0,0.0,None,0.0,0.0,1.0,1.0,0.0,0.0,0.0,0.0,0.0,0.0,0.0,0,0,0,0.0,0,0.0,0.0,0.0,0.0,0.0,1.0,1.0,0,0,0.0,0.0,0,0,0,0,37116.027,725718.758,0.955,0.4872418045997619,0,0,0,0,0,0,0,0,0,0,0,0,0.0,0.0,0,0,0,0,0,0,0,1,0,0,0,0.8,0,0.0,0.0,0,0.0,0,1,0.0,0,0,0,0,0.0,1,0.0,0.0,0.0,30.0,0.05,30.0,103355,0,25258,0
MISW_landbasedwind_class3_moderate_28_anyQual_0,MISW,LandbasedWind_Class3_Moderate_,28_anyQual_0,852,9,1,0,1,0,0,0,0,0,0.0,0.0,0,0,0.0,0.0,0.0,0.0,0.0,-1,1.0,0,8104.9,-1.0,0,0,0,0.0,0.0,1065951.189,120103,0,0.0,0,0,0.0,0.0,0,0,0.0,0.0,0.0,0.0,0.0,None,0.0,0.0,1.0,1.0,0.0,0.0,0.0,0.0,0.0,0.0,0.0,0,0,0,0.0,0,0.0,0.0,0.0,0.0,0.0,1.0,1.0,0,0,0.0,0.0,0,0,0,0,42362.077,828295.685,0.955,0.4920179545879364,0,0,0,0,0,0,0,0,0,0,0,0,0.0,0.0,0,0,0,0,0,0,0,1,0,0,0,0.8,0,0.0,0.0,0,0.0,0,1,0.0,0,0,0,0,0.0,1,0.0,0.0,0.0,30.0,0.05,30.0,108601,0,25258,0
MISW_landbasedwind_class3_moderate_29_anyQual_0,MISW,LandbasedWind_Class3_Moderate_,29_anyQual_0,853,9,1,0,1,0,0,0,0,0,0.0,0.0,0,0,0.0,0.0,0.0,0.0,0.0,-1,1.0,0,1497.8,-1.0,0,0,0,0.0,0.0,1065951.189,94596,0,0.0,0,0,0.0,0.0,0,0,0.0,0.0,0.0,0.0,0.0,None,0.0,0.0,1.0,1.0,0.0,0.0,0.0,0.0,0.0,0.0,0.0,0,0,0,0.0,0,0.0,0.0,0.0,0.0,0.0,1.0,1.0,0,0,0.0,0.0,0,0,0,0,22308.536,436184.677,0.955,0.4330992400646209,0,0,0,0,0,0,0,0,0,0,0,0,0.0,0.0,0,0,0,0,0,0,0,1,0,0,0,0.8,0,0.0,0.0,0,0.0,0,1,0.0,0,0,0,0,0.0,1,0.0,0.0,0.0,30.0,0.05,30.0,88547,0,25258,0
MISW_landbasedwind_class3_moderate_30_anyQual_0,MISW,LandbasedWind_Class3_Moderate_,30_anyQual_0,854,9,1,0,1,0,0,0,0,0,0.0,0.0,0,0,0.0,0.0,0.0,0.0,0.0,-1,1.0,0,8524.6,-1.0,0,0,0,0.0,0.0,1065951.189,106362,0,0.0,0,0,0.0,0.0,0,0,0.0,0.0,0.0,0.0,0.0,None,0.0,0.0,1.0,1.0,0.0,0.0,0.0,0.0,0.0,0.0,0.0,0,0,0,0.0,0,0.0,0.0,0.0,0.0,0.0,1.0,1.0,0,0,0.0,0.0,0,0,0,0,31558.377,617058.783,0.955,0.4603041708469391,0,0,0,0,0,0,0,0,0,0,0,0,0.0,0.0,0,0,0,0,0,0,0,1,0,0,0,0.8,0,0.0,0.0,0,0.0,0,1,0.0,0,0,0,0,0.0,1,0.0,0.0,0.0,30.0,0.05,30.0,97797,0,25258,0
MISW_landbasedwind_class3_moderate_31_anyQual_0,MISW,LandbasedWind_Class3_Moderate_,31_anyQual_0,855,9,1,0,1,0,0,0,0,0,0.0,0.0,0,0,0.0,0.0,0.0,0.0,0.0,-1,1.0,0,227.8,-1.0,0,0,0,0.0,0.0,1065951.189,82261,0,0.0,0,0,0.0,0.0,0,0,0.0,0.0,0.0,0.0,0.0,None,0.0,0.0,1.0,1.0,0.0,0.0,0.0,0.0,0.0,0.0,0.0,0,0,0,0.0,0,0.0,0.0,0.0,0.0,0.0,1.0,1.0,0,0,0.0,0.0,0,0,0,0,12610.932,246574.298,0.955,0.4063983857631683,0,0,0,0,0,0,0,0,0,0,0,0,0.0,0.0,0,0,0,0,0,0,0,1,0,0,0,0.8,0,0.0,0.0,0,0.0,0,1,0.0,0,0,0,0,0.0,1,0.0,0.0,0.0,30.0,0.05,30.0,78849,0,25258,0
MISW_landbasedwind_class3_moderate_32_anyQual_0,MISW,LandbasedWind_Class3_Moderate_,32_anyQual_0,856,9,1,0,1,0,0,0,0,0,0.0,0.0,0,0,0.0,0.0,0.0,0.0,0.0,-1,1.0,0,3404.8,-1.0,0,0,0,0.0,0.0,1065951.189,100209,0,0.0,0,0,0.0,0.0,0,0,0.0,0.0,0.0,0.0,0.0,None,0.0,0.0,1.0,1.0,0.0,0.0,0.0,0.0,0.0,0.0,0.0,0,0,0,0.0,0,0.0,0.0,0.0,0.0,0.0,1.0,1.0,0,0,0.0,0.0,0,0,0,0,26722.335,522477.737,0.955,0.4471684992313385,0,0,0,0,0,0,0,0,0,0,0,0,0.0,0.0,0,0,0,0,0,0,0,1,0,0,0,0.8,0,0.0,0.0,0,0.0,0,1,0.0,0,0,0,0,0.0,1,0.0,0.0,0.0,30.0,0.05,30.0,92961,0,25258,0
MISW_landbasedwind_class3_moderate_33_anyQual_0,MISW,LandbasedWind_Class3_Moderate_,33_anyQual_0,857,9,1,0,1,0,0,0,0,0,0.0,0.0,0,0,0.0,0.0,0.0,0.0,0.0,-1,1.0,0,8832.3,-1.0,0,0,0,0.0,0.0,1065951.189,110494,0,0.0,0,0,0.0,0.0,0,0,0.0,0.0,0.0,0.0,0.0,None,0.0,0.0,1.0,1.0,0.0,0.0,0.0,0.0,0.0,0.0,0.0,0,0,0,0.0,0,0.0,0.0,0.0,0.0,0.0,1.0,1.0,0,0,0.0,0.0,0,0,0,0,34807.534,680585.276,0.955,0.4711287021636963,0,0,0,0,0,0,0,0,0,0,0,0,0.0,0.0,0,0,0,0,0,0,0,1,0,0,0,0.8,0,0.0,0.0,0,0.0,0,1,0.0,0,0,0,0,0.0,1,0.0,0.0,0.0,30.0,0.05,30.0,101046,0,25258,0
MISW_landbasedwind_class3_moderate_34_anyQual_1,MISW,LandbasedWind_Class3_Moderate_,34_anyQual_1,858,9,1,0,1,0,0,0,0,0,0.0,0.0,0,0,0.0,0.0,0.0,0.0,0.0,-1,1.0,0,2744.4,-1.0,0,0,0,0.0,0.0,1065951.189,115366,0,0.0,0,0,0.0,0.0,0,0,0.0,0.0,0.0,0.0,0.0,None,0.0,0.0,1.0,1.0,0.0,0.0,0.0,0.0,0.0,0.0,0.0,0,0,0,0.0,0,0.0,0.0,0.0,0.0,0.0,1.0,1.0,0,0,0.0,0.0,0,0,0,0,38637.587,755475.33,0.955,0.4807053804397583,0,0,0,0,0,0,0,0,0,0,0,0,0.0,0.0,0,0,0,0,0,0,0,1,0,0,0,0.8,0,0.0,0.0,0,0.0,0,1,0.0,0,0,0,0,0.0,1,0.0,0.0,0.0,30.0,0.05,30.0,104876,0,25258,0
MISW_landbasedwind_class3_moderate_35_anyQual_0,MISW,LandbasedWind_Class3_Moderate_,35_anyQual_0,859,9,1,0,1,0,0,0,0,0,0.0,0.0,0,0,0.0,0.0,0.0,0.0,0.0,-1,1.0,0,12780.6,-1.0,0,0,0,0.0,0.0,1065951.189,107987,0,0.0,0,0,0.0,0.0,0,0,0.0,0.0,0.0,0.0,0.0,None,0.0,0.0,1.0,1.0,0.0,0.0,0.0,0.0,0.0,0.0,0.0,0,0,0,0.0,0,0.0,0.0,0.0,0.0,0.0,1.0,1.0,0,0,0.0,0.0,0,0,0,0,32835.506,642034.415,0.955,0.4542486667633056,0,0,0,0,0,0,0,0,0,0,0,0,0.0,0.0,0,0,0,0,0,0,0,1,0,0,0,0.8,0,0.0,0.0,0,0.0,0,1,0.0,0,0,0,0,0.0,1,0.0,0.0,0.0,30.0,0.05,30.0,99074,0,25258,0
MISW_landbasedwind_class3_moderate_36_anyQual_0,MISW,LandbasedWind_Class3_Moderate_,36_anyQual_0,860,9,1,0,1,0,0,0,0,0,0.0,0.0,0,0,0.0,0.0,0.0,0.0,0.0,-1,1.0,0,2405.8,-1.0,0,0,0,0.0,0.0,1065951.189,98035,0,0.0,0,0,0.0,0.0,0,0,0.0,0.0,0.0,0.0,0.0,None,0.0,0.0,1.0,1.0,0.0,0.0,0.0,0.0,0.0,0.0,0.0,0,0,0,0.0,0,0.0,0.0,0.0,0.0,0.0,1.0,1.0,0,0,0.0,0.0,0,0,0,0,25012.58,489057.459,0.955,0.4319433569908142,0,0,0,0,0,0,0,0,0,0,0,0,0.0,0.0,0,0,0,0,0,0,0,1,0,0,0,0.8,0,0.0,0.0,0,0.0,0,1,0.0,0,0,0,0,0.0,1,0.0,0.0,0.0,30.0,0.05,30.0,91251,0,25258,0
MISW_landbasedwind_class3_moderate_37_anyQual_0,MISW,LandbasedWind_Class3_Moderate_,37_anyQual_0,861,9,1,0,1,0,0,0,0,0,0.0,0.0,0,0,0.0,0.0,0.0,0.0,0.0,-1,1.0,0,6677.3,-1.0,0,0,0,0.0,0.0,1065951.189,121647,0,0.0,0,0,0.0,0.0,0,0,0.0,0.0,0.0,0.0,0.0,None,0.0,0.0,1.0,1.0,0.0,0.0,0.0,0.0,0.0,0.0,0.0,0,0,0,0.0,0,0.0,0.0,0.0,0.0,0.0,1.0,1.0,0,0,0.0,0.0,0,0,0,0,43575.918,852029.326,0.955,0.4848807454109192,0,0,0,0,0,0,0,0,0,0,0,0,0.0,0.0,0,0,0,0,0,0,0,1,0,0,0,0.8,0,0.0,0.0,0,0.0,0,1,0.0,0,0,0,0,0.0,1,0.0,0.0,0.0,30.0,0.05,30.0,109814,0,25258,0
MISW_landbasedwind_class3_moderate_38_anyQual_0,MISW,LandbasedWind_Class3_Moderate_,38_anyQual_0,862,9,1,0,1,0,0,0,0,0,0.0,0.0,0,0,0.0,0.0,0.0,0.0,0.0,-1,1.0,0,393.4,-1.0,0,0,0,0.0,0.0,1065951.189,85170,0,0.0,0,0,0.0,0.0,0,0,0.0,0.0,0.0,0.0,0.0,None,0.0,0.0,1.0,1.0,0.0,0.0,0.0,0.0,0.0,0.0,0.0,0,0,0,0.0,0,0.0,0.0,0.0,0.0,0.0,1.0,1.0,0,0,0.0,0.0,0,0,0,0,14897.621,291284.848,0.955,0.4031077325344085,0,0,0,0,0,0,0,0,0,0,0,0,0.0,0.0,0,0,0,0,0,0,0,1,0,0,0,0.8,0,0.0,0.0,0,0.0,0,1,0.0,0,0,0,0,0.0,1,0.0,0.0,0.0,30.0,0.05,30.0,81136,0,25258,0
MISW_landbasedwind_class3_moderate_39_anyQual_0,MISW,LandbasedWind_Class3_Moderate_,39_anyQual_0,863,9,1,0,1,0,0,0,0,0,0.0,0.0,0,0,0.0,0.0,0.0,0.0,0.0,-1,1.0,0,6708.0,-1.0,0,0,0,0.0,0.0,1065951.189,113430,0,0.0,0,0,0.0,0.0,0,0,0.0,0.0,0.0,0.0,0.0,None,0.0,0.0,1.0,1.0,0.0,0.0,0.0,0.0,0.0,0.0,0.0,0,0,0,0.0,0,0.0,0.0,0.0,0.0,0.0,1.0,1.0,0,0,0.0,0.0,0,0,0,0,37115.955,725720.789,0.955,0.4669591784477234,0,0,0,0,0,0,0,0,0,0,0,0,0.0,0.0,0,0,0,0,0,0,0,1,0,0,0,0.8,0,0.0,0.0,0,0.0,0,1,0.0,0,0,0,0,0.0,1,0.0,0.0,0.0,30.0,0.05,30.0,103354,0,25258,0
MISW_landbasedwind_class3_moderate_40_anyQual_1,MISW,LandbasedWind_Class3_Moderate_,40_anyQual_1,864,9,1,0,1,0,0,0,0,0,0.0,0.0,0,0,0.0,0.0,0.0,0.0,0.0,-1,1.0,0,4310.0,-1.0,0,0,0,0.0,0.0,1065951.189,118722,0,0.0,0,0,0.0,0.0,0,0,0.0,0.0,0.0,0.0,0.0,None,0.0,0.0,1.0,1.0,0.0,0.0,0.0,0.0,0.0,0.0,0.0,0,0,0,0.0,0,0.0,0.0,0.0,0.0,0.0,1.0,1.0,0,0,0.0,0.0,0,0,0,0,41275.84,807062.287,0.955,0.4775508344173431,0,0,0,0,0,0,0,0,0,0,0,0,0.0,0.0,0,0,0,0,0,0,0,1,0,0,0,0.8,0,0.0,0.0,0,0.0,0,1,0.0,0,0,0,0,0.0,1,0.0,0.0,0.0,30.0,0.05,30.0,107514,0,25258,0
MISW_utilitypv_class1_moderate_0_anyQual_0,MISW,UtilityPV_Class1_Moderate_,0_anyQual_0,865,9,1,0,1,0,0,0,0,0,0.0,0.0,0,0,0.0,8530.0,0.0,0.0,0.0,-1,1.0,0,22014.7,-1.0,0,0,0,0.0,0.0,871935.36,60105,98732,0.0,0,0,0.0,0.0,0,0,0.0,0.0,0.0,0.0,0.0,None,0.0,0.0,1.0,1.0,0.0,0.0,0.0,0.0,0.0,0.0,0.0,0,0,0,0.0,0,0.0,0.0,0.0,0.0,0.0,1.0,1.0,0,0,0.0,0.0,0,0,0,0,3106.401,60737.667,0.99,0.2534209787845611,0,0,0,0,0,0,0,0,0,0,0,0,0.0,0.0,0,0,0,0,0,0,0,1,0,0,0,0.8,0,0.0,0.0,0,0.0,0,1,0.0,0,0,0,0,0.0,1,0.0,0.0,0.0,30.0,0.05,30.0,59272,0,15760,0
MISW_utilitypv_class1_moderate_1_anyQual_0,MISW,UtilityPV_Class1_Moderate_,1_anyQual_0,866,9,1,0,1,0,0,0,0,0,0.0,0.0,0,0,0.0,0.0,0.0,0.0,0.0,-1,1.0,0,10326.4,-1.0,0,0,0,0.0,0.0,871935.36,60321,0,0.0,0,0,0.0,0.0,0,0,0.0,0.0,0.0,0.0,0.0,None,0.0,0.0,1.0,1.0,0.0,0.0,0.0,0.0,0.0,0.0,0.0,0,0,0,0.0,0,0.0,0.0,0.0,0.0,0.0,1.0,1.0,0,0,0.0,0.0,0,0,0,0,3276.729,64067.997,0.99,0.2553353309631347,0,0,0,0,0,0,0,0,0,0,0,0,0.0,0.0,0,0,0,0,0,0,0,1,0,0,0,0.8,0,0.0,0.0,0,0.0,0,1,0.0,0,0,0,0,0.0,1,0.0,0.0,0.0,30.0,0.05,30.0,59442,0,15760,0
MISW_utilitypv_class1_moderate_2_anyQual_0,MISW,UtilityPV_Class1_Moderate_,2_anyQual_0,867,9,1,0,1,0,0,0,0,0,0.0,0.0,0,0,0.0,4291.0,0.0,0.0,0.0,-1,1.0,0,4291.3,-1.0,0,0,0,0.0,0.0,871935.36,58305,96933,0.0,0,0,0.0,0.0,0,0,0.0,0.0,0.0,0.0,0.0,None,0.0,0.0,1.0,1.0,0.0,0.0,0.0,0.0,0.0,0.0,0.0,0,0,0,0.0,0,0.0,0.0,0.0,0.0,0.0,1.0,1.0,0,0,0.0,0.0,0,0,0,0,1691.412,33071.201,0.99,0.2531477212905884,0,0,0,0,0,0,0,0,0,0,0,0,0.0,0.0,0,0,0,0,0,0,0,1,0,0,0,0.8,0,0.0,0.0,0,0.0,0,1,0.0,0,0,0,0,0.0,1,0.0,0.0,0.0,30.0,0.05,30.0,57857,0,15760,0
MISW_utilitypv_class1_moderate_3_anyQual_1,MISW,UtilityPV_Class1_Moderate_,3_anyQual_1,868,9,1,0,1,0,0,0,0,0,0.0,0.0,0,0,0.0,3195.0,0.0,0.0,0.0,-1,1.0,0,3195.2,-1.0,0,0,0,0.0,0.0,871935.36,58588,97217,0.0,0,0,0.0,0.0,0,0,0.0,0.0,0.0,0.0,0.0,None,0.0,0.0,1.0,1.0,0.0,0.0,0.0,0.0,0.0,0.0,0.0,0,0,0,0.0,0,0.0,0.0,0.0,0.0,0.0,1.0,1.0,0,0,0.0,0.0,0,0,0,0,1914.151,37426.301,0.99,0.2532006204128265,0,0,0,0,0,0,0,0,0,0,0,0,0.0,0.0,0,0,0,0,0,0,0,1,0,0,0,0.8,0,0.0,0.0,0,0.0,0,1,0.0,0,0,0,0,0.0,1,0.0,0.0,0.0,30.0,0.05,30.0,58080,0,15760,0
MISW_utilitypv_class1_moderate_4_anyQual_0,MISW,UtilityPV_Class1_Moderate_,4_anyQual_0,869,9,1,0,1,0,0,0,0,0,0.0,0.0,0,0,0.0,0.0,0.0,0.0,0.0,-1,1.0,0,19702.3,-1.0,0,0,0,0.0,0.0,871935.36,67331,0,0.0,0,0,0.0,0.0,0,0,0.0,0.0,0.0,0.0,0.0,None,0.0,0.0,1.0,1.0,0.0,0.0,0.0,0.0,0.0,0.0,0.0,0,0,0,0.0,0,0.0,0.0,0.0,0.0,0.0,1.0,1.0,0,0,0.0,0.0,0,0,0,0,8787.968,171826.089,0.99,0.2491607367992401,0,0,0,0,0,0,0,0,0,0,0,0,0.0,0.0,0,0,0,0,0,0,0,1,0,0,0,0.8,0,0.0,0.0,0,0.0,0,1,0.0,0,0,0,0,0.0,1,0.0,0.0,0.0,30.0,0.05,30.0,64953,0,15760,0
MISW_utilitypv_class1_moderate_5_anyQual_0,MISW,UtilityPV_Class1_Moderate_,5_anyQual_0,870,9,1,0,1,0,0,0,0,0,0.0,0.0,0,0,0.0,0.0,0.0,0.0,0.0,-1,1.0,0,3730.3,-1.0,0,0,0,0.0,0.0,871935.36,69111,0,0.0,0,0,0.0,0.0,0,0,0.0,0.0,0.0,0.0,0.0,None,0.0,0.0,1.0,1.0,0.0,0.0,0.0,0.0,0.0,0.0,0.0,0,0,0,0.0,0,0.0,0.0,0.0,0.0,0.0,1.0,1.0,0,0,0.0,0.0,0,0,0,0,10187.828,199196.74,0.99,0.2543161809444427,0,0,0,0,0,0,0,0,0,0,0,0,0.0,0.0,0,0,0,0,0,0,0,1,0,0,0,0.8,0,0.0,0.0,0,0.0,0,1,0.0,0,0,0,0,0.0,1,0.0,0.0,0.0,30.0,0.05,30.0,66353,0,15760,0
MISW_utilitypv_class1_moderate_6_anyQual_0,MISW,UtilityPV_Class1_Moderate_,6_anyQual_0,871,9,1,0,1,0,0,0,0,0,0.0,0.0,0,0,0.0,0.0,0.0,0.0,0.0,-1,1.0,0,15379.7,-1.0,0,0,0,0.0,0.0,871935.36,67256,0,0.0,0,0,0.0,0.0,0,0,0.0,0.0,0.0,0.0,0.0,None,0.0,0.0,1.0,1.0,0.0,0.0,0.0,0.0,0.0,0.0,0.0,0,0,0,0.0,0,0.0,0.0,0.0,0.0,0.0,1.0,1.0,0,0,0.0,0.0,0,0,0,0,8729.382,170680.591,0.99,0.2494357079267501,0,0,0,0,0,0,0,0,0,0,0,0,0.0,0.0,0,0,0,0,0,0,0,1,0,0,0,0.8,0,0.0,0.0,0,0.0,0,1,0.0,0,0,0,0,0.0,1,0.0,0.0,0.0,30.0,0.05,30.0,64895,0,15760,0
MISW_utilitypv_class1_moderate_7_anyQual_1,MISW,UtilityPV_Class1_Moderate_,7_anyQual_1,872,9,1,0,1,0,0,0,0,0,0.0,0.0,0,0,0.0,0.0,0.0,0.0,0.0,-1,1.0,0,896.5,-1.0,0,0,0,0.0,0.0,871935.36,67382,0,0.0,0,0,0.0,0.0,0,0,0.0,0.0,0.0,0.0,0.0,None,0.0,0.0,1.0,1.0,0.0,0.0,0.0,0.0,0.0,0.0,0.0,0,0,0,0.0,0,0.0,0.0,0.0,0.0,0.0,1.0,1.0,0,0,0.0,0.0,0,0,0,0,8827.958,172607.982,0.99,0.247293472290039,0,0,0,0,0,0,0,0,0,0,0,0,0.0,0.0,0,0,0,0,0,0,0,1,0,0,0,0.8,0,0.0,0.0,0,0.0,0,1,0.0,0,0,0,0,0.0,1,0.0,0.0,0.0,30.0,0.05,30.0,64993,0,15760,0
MISW_utilitypv_class1_moderate_8_anyQual_0,MISW,UtilityPV_Class1_Moderate_,8_anyQual_0,873,9,1,0,1,0,0,0,0,0,0.0,0.0,0,0,0.0,0.0,0.0,0.0,0.0,-1,1.0,0,20714.3,-1.0,0,0,0,0.0,0.0,871935.36,70365,0,0.0,0,0,0.0,0.0,0,0,0.0,0.0,0.0,0.0,0.0,None,0.0,0.0,1.0,1.0,0.0,0.0,0.0,0.0,0.0,0.0,0.0,0,0,0,0.0,0,0.0,0.0,0.0,0.0,0.0,1.0,1.0,0,0,0.0,0.0,0,0,0,0,11173.739,218473.699,0.99,0.2502560913562774,0,0,0,0,0,0,0,0,0,0,0,0,0.0,0.0,0,0,0,0,0,0,0,1,0,0,0,0.8,0,0.0,0.0,0,0.0,0,1,0.0,0,0,0,0,0.0,1,0.0,0.0,0.0,30.0,0.05,30.0,67339,0,15760,0
MISW_utilitypv_class1_moderate_9_anyQual_0,MISW,UtilityPV_Class1_Moderate_,9_anyQual_0,874,9,1,0,1,0,0,0,0,0,0.0,0.0,0,0,0.0,0.0,0.0,0.0,0.0,-1,1.0,0,3184.6,-1.0,0,0,0,0.0,0.0,871935.36,72042,0,0.0,0,0,0.0,0.0,0,0,0.0,0.0,0.0,0.0,0.0,None,0.0,0.0,1.0,1.0,0.0,0.0,0.0,0.0,0.0,0.0,0.0,0,0,0,0.0,0,0.0,0.0,0.0,0.0,0.0,1.0,1.0,0,0,0.0,0.0,0,0,0,0,12491.723,244243.825,0.99,0.254427969455719,0,0,0,0,0,0,0,0,0,0,0,0,0.0,0.0,0,0,0,0,0,0,0,1,0,0,0,0.8,0,0.0,0.0,0,0.0,0,1,0.0,0,0,0,0,0.0,1,0.0,0.0,0.0,30.0,0.05,30.0,68657,0,15760,0
MISW_utilitypv_class1_moderate_10_anyQual_0,MISW,UtilityPV_Class1_Moderate_,10_anyQual_0,875,9,1,0,1,0,0,0,0,0,0.0,0.0,0,0,0.0,0.0,0.0,0.0,0.0,-1,1.0,0,14022.8,-1.0,0,0,0,0.0,0.0,871935.36,70563,0,0.0,0,0,0.0,0.0,0,0,0.0,0.0,0.0,0.0,0.0,None,0.0,0.0,1.0,1.0,0.0,0.0,0.0,0.0,0.0,0.0,0.0,0,0,0,0.0,0,0.0,0.0,0.0,0.0,0.0,1.0,1.0,0,0,0.0,0.0,0,0,0,0,11329.174,221512.823,0.99,0.2505945563316345,0,0,0,0,0,0,0,0,0,0,0,0,0.0,0.0,0,0,0,0,0,0,0,1,0,0,0,0.8,0,0.0,0.0,0,0.0,0,1,0.0,0,0,0,0,0.0,1,0.0,0.0,0.0,30.0,0.05,30.0,67495,0,15760,0
MISW_utilitypv_class1_moderate_11_anyQual_1,MISW,UtilityPV_Class1_Moderate_,11_anyQual_1,876,9,1,0,1,0,0,0,0,0,0.0,0.0,0,0,0.0,0.0,0.0,0.0,0.0,-1,1.0,0,1852.4,-1.0,0,0,0,0.0,0.0,871935.36,69003,0,0.0,0,0,0.0,0.0,0,0,0.0,0.0,0.0,0.0,0.0,None,0.0,0.0,1.0,1.0,0.0,0.0,0.0,0.0,0.0,0.0,0.0,0,0,0,0.0,0,0.0,0.0,0.0,0.0,0.0,1.0,1.0,0,0,0.0,0.0,0,0,0,0,10102.219,197522.886,0.99,0.2471151202917099,0,0,0,0,0,0,0,0,0,0,0,0,0.0,0.0,0,0,0,0,0,0,0,1,0,0,0,0.8,0,0.0,0.0,0,0.0,0,1,0.0,0,0,0,0,0.0,1,0.0,0.0,0.0,30.0,0.05,30.0,66268,0,15760,0
MISW_utilitypv_class1_moderate_12_anyQual_0,MISW,UtilityPV_Class1_Moderate_,12_anyQual_0,877,9,1,0,1,0,0,0,0,0,0.0,0.0,0,0,0.0,0.0,0.0,0.0,0.0,-1,1.0,0,18359.0,-1.0,0,0,0,0.0,0.0,871935.36,72241,0,0.0,0,0,0.0,0.0,0,0,0.0,0.0,0.0,0.0,0.0,None,0.0,0.0,1.0,1.0,0.0,0.0,0.0,0.0,0.0,0.0,0.0,0,0,0,0.0,0,0.0,0.0,0.0,0.0,0.0,1.0,1.0,0,0,0.0,0.0,0,0,0,0,12648.565,247310.196,0.99,0.250651866197586,0,0,0,0,0,0,0,0,0,0,0,0,0.0,0.0,0,0,0,0,0,0,0,1,0,0,0,0.8,0,0.0,0.0,0,0.0,0,1,0.0,0,0,0,0,0.0,1,0.0,0.0,0.0,30.0,0.05,30.0,68814,0,15760,0
MISW_utilitypv_class1_moderate_13_anyQual_0,MISW,UtilityPV_Class1_Moderate_,13_anyQual_0,878,9,1,0,1,0,0,0,0,0,0.0,0.0,0,0,0.0,0.0,0.0,0.0,0.0,-1,1.0,0,3966.0,-1.0,0,0,0,0.0,0.0,871935.36,73699,0,0.0,0,0,0.0,0.0,0,0,0.0,0.0,0.0,0.0,0.0,None,0.0,0.0,1.0,1.0,0.0,0.0,0.0,0.0,0.0,0.0,0.0,0,0,0,0.0,0,0.0,0.0,0.0,0.0,0.0,1.0,1.0,0,0,0.0,0.0,0,0,0,0,13794.769,269722.088,0.99,0.2542435824871063,0,0,0,0,0,0,0,0,0,0,0,0,0.0,0.0,0,0,0,0,0,0,0,1,0,0,0,0.8,0,0.0,0.0,0,0.0,0,1,0.0,0,0,0,0,0.0,1,0.0,0.0,0.0,30.0,0.05,30.0,69960,0,15760,0
MISW_utilitypv_class1_moderate_14_anyQual_0,MISW,UtilityPV_Class1_Moderate_,14_anyQual_0,879,9,1,0,1,0,0,0,0,0,0.0,0.0,0,0,0.0,0.0,0.0,0.0,0.0,-1,1.0,0,17338.4,-1.0,0,0,0,0.0,0.0,871935.36,72262,0,0.0,0,0,0.0,0.0,0,0,0.0,0.0,0.0,0.0,0.0,None,0.0,0.0,1.0,1.0,0.0,0.0,0.0,0.0,0.0,0.0,0.0,0,0,0,0.0,0,0.0,0.0,0.0,0.0,0.0,1.0,1.0,0,0,0.0,0.0,0,0,0,0,12664.454,247620.786,0.99,0.250729888677597,0,0,0,0,0,0,0,0,0,0,0,0,0.0,0.0,0,0,0,0,0,0,0,1,0,0,0,0.8,0,0.0,0.0,0,0.0,0,1,0.0,0,0,0,0,0.0,1,0.0,0.0,0.0,30.0,0.05,30.0,68830,0,15760,0
MISW_utilitypv_class1_moderate_15_anyQual_1,MISW,UtilityPV_Class1_Moderate_,15_anyQual_1,880,9,1,0,1,0,0,0,0,0,0.0,0.0,0,0,0.0,0.0,0.0,0.0,0.0,-1,1.0,0,187.7,-1.0,0,0,0,0.0,0.0,871935.36,70277,0,0.0,0,0,0.0,0.0,0,0,0.0,0.0,0.0,0.0,0.0,None,0.0,0.0,1.0,1.0,0.0,0.0,0.0,0.0,0.0,0.0,0.0,0,0,0,0.0,0,0.0,0.0,0.0,0.0,0.0,1.0,1.0,0,0,0.0,0.0,0,0,0,0,11103.891,217107.983,0.99,0.2472099810838699,0,0,0,0,0,0,0,0,0,0,0,0,0.0,0.0,0,0,0,0,0,0,0,1,0,0,0,0.8,0,0.0,0.0,0,0.0,0,1,0.0,0,0,0,0,0.0,1,0.0,0.0,0.0,30.0,0.05,30.0,67269,0,15760,0
MISW_utilitypv_class1_moderate_16_anyQual_0,MISW,UtilityPV_Class1_Moderate_,16_anyQual_0,881,9,1,0,1,0,0,0,0,0,0.0,0.0,0,0,0.0,0.0,0.0,0.0,0.0,-1,1.0,0,21627.1,-1.0,0,0,0,0.0,0.0,871935.36,74174,0,0.0,0,0,0.0,0.0,0,0,0.0,0.0,0.0,0.0,0.0,None,0.0,0.0,1.0,1.0,0.0,0.0,0.0,0.0,0.0,0.0,0.0,0,0,0,0.0,0,0.0,0.0,0.0,0.0,0.0,1.0,1.0,0,0,0.0,0.0,0,0,0,0,14167.961,277018.673,0.99,0.2518652081489563,0,0,0,0,0,0,0,0,0,0,0,0,0.0,0.0,0,0,0,0,0,0,0,1,0,0,0,0.8,0,0.0,0.0,0,0.0,0,1,0.0,0,0,0,0,0.0,1,0.0,0.0,0.0,30.0,0.05,30.0,70333,0,15760,0
MISW_utilitypv_class1_moderate_17_anyQual_0,MISW,UtilityPV_Class1_Moderate_,17_anyQual_0,882,9,1,0,1,0,0,0,0,0,0.0,0.0,0,0,0.0,0.0,0.0,0.0,0.0,-1,1.0,0,3863.5,-1.0,0,0,0,0.0,0.0,871935.36,74969,0,0.0,0,0,0.0,0.0,0,0,0.0,0.0,0.0,0.0,0.0,None,0.0,0.0,1.0,1.0,0.0,0.0,0.0,0.0,0.0,0.0,0.0,0,0,0,0.0,0,0.0,0.0,0.0,0.0,0.0,1.0,1.0,0,0,0.0,0.0,0,0,0,0,14793.266,289241.244,0.99,0.2537576854228973,0,0,0,0,0,0,0,0,0,0,0,0,0.0,0.0,0,0,0,0,0,0,0,1,0,0,0,0.8,0,0.0,0.0,0,0.0,0,1,0.0,0,0,0,0,0.0,1,0.0,0.0,0.0,30.0,0.05,30.0,70959,0,15760,0
MISW_utilitypv_class1_moderate_18_anyQual_0,MISW,UtilityPV_Class1_Moderate_,18_anyQual_0,883,9,1,0,1,0,0,0,0,0,0.0,0.0,0,0,0.0,0.0,0.0,0.0,0.0,-1,1.0,0,14075.7,-1.0,0,0,0,0.0,0.0,871935.36,73576,0,0.0,0,0,0.0,0.0,0,0,0.0,0.0,0.0,0.0,0.0,None,0.0,0.0,1.0,1.0,0.0,0.0,0.0,0.0,0.0,0.0,0.0,0,0,0,0.0,0,0.0,0.0,0.0,0.0,0.0,1.0,1.0,0,0,0.0,0.0,0,0,0,0,13697.763,267825.395,0.99,0.2504432797431946,0,0,0,0,0,0,0,0,0,0,0,0,0.0,0.0,0,0,0,0,0,0,0,1,0,0,0,0.8,0,0.0,0.0,0,0.0,0,1,0.0,0,0,0,0,0.0,1,0.0,0.0,0.0,30.0,0.05,30.0,69863,0,15760,0
MISW_utilitypv_class1_moderate_19_anyQual_1,MISW,UtilityPV_Class1_Moderate_,19_anyQual_1,884,9,1,0,1,0,0,0,0,0,0.0,0.0,0,0,0.0,0.0,0.0,0.0,0.0,-1,1.0,0,92.2,-1.0,0,0,0,0.0,0.0,871935.36,74538,0,0.0,0,0,0.0,0.0,0,0,0.0,0.0,0.0,0.0,0.0,None,0.0,0.0,1.0,1.0,0.0,0.0,0.0,0.0,0.0,0.0,0.0,0,0,0,0.0,0,0.0,0.0,0.0,0.0,0.0,1.0,1.0,0,0,0.0,0.0,0,0,0,0,14454.007,282616.596,0.99,0.2536457777023315,0,0,0,0,0,0,0,0,0,0,0,0,0.0,0.0,0,0,0,0,0,0,0,1,0,0,0,0.8,0,0.0,0.0,0,0.0,0,1,0.0,0,0,0,0,0.0,1,0.0,0.0,0.0,30.0,0.05,30.0,70620,0,15760,0
MISW_offshorewind_class3_moderate_fixed_0_1,MISW,OffShoreWind_Class3_Moderate_fixed_0,1,885,9,1,0,1,0,0,0,0,0,0.0,0.0,0,0,0.0,0.0,0.0,0.0,0.0,-1,1.0,0,1440.0,-1.0,0,0,0,0.0,0.0,2642898.3,262331,0,0.0,0,0,0.0,0.0,0,0,0.0,0.0,0.0,0.0,0.0,None,0.0,0.0,1.0,1.0,0.0,0.0,0.0,0.0,0.0,0.0,0.0,0,0,0,0.0,0,0.0,0.0,0.0,0.0,0.0,1.0,1.0,0,0,0.0,0.0,0,0,0,0,71079.198,1389770.644,1.0,0.5089994668960571,0,0,0,0,0,0,0,0,0,0,0,0,0.0,0.0,0,0,0,0,0,0,0,1,0,0,0,0.8,0,0.0,0.0,0,0.0,0,1,0.0,0,0,0,0,0.0,1,0.0,0.0,0.0,30.0,0.05,30.0,243003,0,82811,0
MISW_offshorewind_class3_moderate_fixed_0_2,MISW,OffShoreWind_Class3_Moderate_fixed_0,2,886,9,1,0,1,0,0,0,0,0,0.0,0.0,0,0,0.0,0.0,0.0,0.0,0.0,-1,1.0,0,1469.7,-1.0,0,0,0,0.0,0.0,2642898.3,271011,0,0.0,0,0,0.0,0.0,0,0,0.0,0.0,0.0,0.0,0.0,None,0.0,0.0,1.0,1.0,0.0,0.0,0.0,0.0,0.0,0.0,0.0,0,0,0,0.0,0,0.0,0.0,0.0,0.0,0.0,1.0,1.0,0,0,0.0,0.0,0,0,0,0,77903.678,1523205.804,1.0,0.4926021695137024,0,0,0,0,0,0,0,0,0,0,0,0,0.0,0.0,0,0,0,0,0,0,0,1,0,0,0,0.8,0,0.0,0.0,0,0.0,0,1,0.0,0,0,0,0,0.0,1,0.0,0.0,0.0,30.0,0.05,30.0,249827,0,82811,0
MISW_offshorewind_class3_moderate_fixed_0_3,MISW,OffShoreWind_Class3_Moderate_fixed_0,3,887,9,1,0,1,0,0,0,0,0,0.0,0.0,0,0,0.0,0.0,0.0,0.0,0.0,-1,1.0,0,1348.0,-1.0,0,0,0,0.0,0.0,2642898.3,277971,0,0.0,0,0,0.0,0.0,0,0,0.0,0.0,0.0,0.0,0.0,None,0.0,0.0,1.0,1.0,0.0,0.0,0.0,0.0,0.0,0.0,0.0,0,0,0,0.0,0,0.0,0.0,0.0,0.0,0.0,1.0,1.0,0,0,0.0,0.0,0,0,0,0,83375.735,1630199.284,1.0,0.4671914875507355,0,0,0,0,0,0,0,0,0,0,0,0,0.0,0.0,0,0,0,0,0,0,0,1,0,0,0,0.8,0,0.0,0.0,0,0.0,0,1,0.0,0,0,0,0,0.0,1,0.0,0.0,0.0,30.0,0.05,30.0,255299,0,82811,0
MISW_offshorewind_class12_moderate_floating_0_1,MISW,OffShoreWind_Class12_Moderate_floating_0,1,888,9,1,0,1,0,0,0,0,0,0.0,0.0,0,0,0.0,0.0,0.0,0.0,0.0,-1,1.0,0,129161.7,-1.0,0,0,0,0.0,0.0,4211164.784,358195,0,0.0,0,0,0.0,0.0,0,0,0.0,0.0,0.0,0.0,0.0,None,0.0,0.0,1.0,1.0,0.0,0.0,0.0,0.0,0.0,0.0,0.0,0,0,0,0.0,0,0.0,0.0,0.0,0.0,0.0,1.0,1.0,0,0,0.0,0.0,0,0,0,0,66240.989,1295170.676,1.0,0.481620192527771,0,0,0,0,0,0,0,0,0,0,0,0,0.0,0.0,0,0,0,0,0,0,0,1,0,0,0,0.8,0,0.0,0.0,0,0.0,0,1,0.0,0,0,0,0,0.0,1,0.0,0.0,0.0,30.0,0.05,30.0,340182,0,72317,0
MISW_offshorewind_class12_moderate_floating_0_2,MISW,OffShoreWind_Class12_Moderate_floating_0,2,889,9,1,0,1,0,0,0,0,0,0.0,0.0,0,0,0.0,0.0,0.0,0.0,0.0,-1,1.0,0,129014.2,-1.0,0,0,0,0.0,0.0,4211164.784,394251,0,0.0,0,0,0.0,0.0,0,0,0.0,0.0,0.0,0.0,0.0,None,0.0,0.0,1.0,1.0,0.0,0.0,0.0,0.0,0.0,0.0,0.0,0,0,0,0.0,0,0.0,0.0,0.0,0.0,0.0,1.0,1.0,0,0,0.0,0.0,0,0,0,0,94588.229,1849433.77,1.0,0.4576916098594665,0,0,0,0,0,0,0,0,0,0,0,0,0.0,0.0,0,0,0,0,0,0,0,1,0,0,0,0.8,0,0.0,0.0,0,0.0,0,1,0.0,0,0,0,0,0.0,1,0.0,0.0,0.0,30.0,0.05,30.0,368530,0,72317,0
MISW_offshorewind_class12_moderate_floating_0_3,MISW,OffShoreWind_Class12_Moderate_floating_0,3,890,9,1,0,1,0,0,0,0,0,0.0,0.0,0,0,0.0,0.0,0.0,0.0,0.0,-1,1.0,0,129019.0,-1.0,0,0,0,0.0,0.0,4211164.784,408098,0,0.0,0,0,0.0,0.0,0,0,0.0,0.0,0.0,0.0,0.0,None,0.0,0.0,1.0,1.0,0.0,0.0,0.0,0.0,0.0,0.0,0.0,0,0,0,0.0,0,0.0,0.0,0.0,0.0,0.0,1.0,1.0,0,0,0.0,0.0,0,0,0,0,105475.519,2062309.226,1.0,0.4848513305187225,0,0,0,0,0,0,0,0,0,0,0,0,0.0,0.0,0,0,0,0,0,0,0,1,0,0,0,0.8,0,0.0,0.0,0,0.0,0,1,0.0,0,0,0,0,0.0,1,0.0,0.0,0.0,30.0,0.05,30.0,379417,0,72317,0
NWPP_naturalgas_hframe_cc_95_ccs_moderate_0,NWPP,NaturalGas_H-Frame CC 95% CCS_Moderate,0,891,10,0,1,0,0,0,0,0,0,0.0,0.0,0,0,0.0,831.0,0.0,0.0,0.0,-1,500.0,0,-1.0,-1.0,0,0,0,0.0,0.0,1943268.308,128736,203873,0.0,0,0,10.61,0.0,0,0,106.0,2.0,6.78,0.0,0.0,pacific_naturalgas_ccs95,0.6,0.0,1.0,1.0,0.0,0.0,0.0,0.106666667,0.213333333,0.0,0.0,0,0,0,0.95,27,3342.909,39201.907,20.611,0.342,7.045,0.64,0.64,6,6,10.0,43330.0,0,0,0,0,0.0,0.0,0.996,0.0,0,0,0,0,0,0,0,0,0,0,0,0,0.0,0.0,0,0,0,0,0,0,0,0,0,0,0,0.0,0,0.0,0.0,0,0.0,0,0,0.93,0,0,0,1,0.0,0,0.0,0.0,0.0,30.0,0.05,30.0,131276,0,46760,0
NWPP_naturalgas_hframe_cc_moderate_0,NWPP,NaturalGas_H-Frame CC_Moderate,0,892,10,0,1,0,0,0,0,0,0,0.0,0.0,0,0,0.0,0.0,0.0,0.0,0.0,-1,500.0,0,-1.0,-1.0,0,0,0,0.0,0.0,1096691.96,76443,0,0.0,0,0,1.72,0.0,0,0,106.0,2.0,6.09,0.0,0.0,pacific_naturalgas,0.3,0.0,1.0,1.0,0.0,0.0,0.0,0.0,0.0,0.0,0.0,0,0,0,0.0,0,0.0,0.0,0.0,0.0,0.0,0.64,0.64,6,6,10.0,43330.0,0,0,0,0,0.0,0.0,1.032,0.0,0,0,0,0,0,0,0,0,0,0,0,0,0.0,0.0,0,0,0,0,0,0,0,0,0,0,0,0.0,0,0.0,0.0,0,0.0,0,0,0.93,0,0,0,0,0.0,0,0.0,0.0,0.0,30.0,0.05,30.0,75721,0,26266,0
NWPP_naturalgas_fframe_ct_moderate_0,NWPP,NaturalGas_F-Frame CT_Moderate,0,893,10,0,1,0,0,0,0,0,0,0.0,0.0,0,0,0.0,0.0,0.0,0.0,0.0,-1,100.0,0,-1.0,-1.0,0,0,0,0.0,0.0,977045.463,68792,0,0.0,0,0,6.15,0.0,0,0,137.0,3.5,9.72,0.0,0.0,pacific_naturalgas,0.3,0.0,1.0,1.0,0.0,0.0,0.0,0.0,0.0,0.0,0.0,0,0,0,0.0,0,0.0,0.0,0.0,0.0,0.0,3.78,3.78,1,1,10.0,43330.0,0,0,0,0,0.0,0.0,1.038,0.0,0,0,0,0,0,0,0,0,0,0,0,0,0.0,0.0,0,0,0,0,0,0,0,0,0,0,0,0.0,0,0.0,0.0,0,0.0,0,0,0.93,0,0,0,0,0.0,0,0.0,0.0,0.0,30.0,0.05,30.0,68037,0,21509,0
NWPP_battery_moderate_0,NWPP,Battery_*_Moderate,0,894,10,0,0,0,0,1,0,0,0,0.0,0.0,0,0,0.0,0.0,0.0,0.0,0.0,-1,1.0,0,-1.0,-1.0,0,0,0,0.0,0.0,274910.679,27121,0,205428.952,20266,0,0.15,0.15,0,0,0.0,0.0,0.0,0.0,0.0,None,0.0,0.0,0.92,0.92,0.0,1.0,10.0,0.0,0.0,0.0,0.0,0,0,0,0.0,0,0.0,0.0,0.0,0.0,0.0,1.0,1.0,0,0,0.0,0.0,0,0,0,0,0.0,0.0,1.024,0.0,0,0,0,0,0,0,0,0,0,0,0,0,0.0,0.0,0,0,0,0,0,0,0,0,0,0,0,0.0,0,0.0,0.0,0,0.0,0,0,0.95,0,0,0,0,0.0,0,0.0,0.0,0.0,15.0,0.05,15.0,27117,20263,6872,5135
NWPP_nuclear_nuclear_moderate_0,NWPP,Nuclear_Nuclear_Moderate,0,895,10,0,1,0,0,0,0,0,0,0.0,0.0,0,0,0.0,0.0,0.0,0.0,0.0,-1,2000.0,0,-1.0,-1.0,0,0,0,0.0,0.0,7229469.526,470601,0,0.0,0,0,2.36,0.0,0,0,285.0,0.0,10.45,0.0,0.0,pacific_uranium,0.5,0.0,1.0,1.0,0.0,0.0,0.0,0.041666667,0.083333333,0.0,0.0,0,0,0,0.0,0,0.0,0.0,0.0,0.0,0.0,0.25,0.25,24,24,50.0,216650.0,0,0,0,0,0.0,0.0,1.087,0.0,0,0,0,0,0,0,0,0,0,0,0,0,0.0,0.0,0,0,0,0,0,0,0,0,0,0,0,0.0,0,0.0,0.0,0,0.0,0,0,0.93,0,0,0,1,0.0,0,0.0,0.0,0.0,40.0,0.05,40.0,468180,0,145294,0
NWPP_hydrogen_fframe_ct_moderate_0,NWPP,Hydrogen_F-Frame CT_Moderate,0,896,10,0,1,0,0,0,0,0,0,0.0,0.0,0,0,0.0,0.0,0.0,0.0,0.0,-1,100.0,0,-1.0,-1.0,0,0,0,0.0,0.0,1074750.009,72571,0,0.0,0,0,6.15,0.0,0,0,137.0,3.5,9.72,0.0,0.0,hydrogen,0.3,0.0,1.0,1.0,0.0,0.0,0.0,0.0,0.0,0.0,0.0,0,0,0,0.0,0,0.0,0.0,0.0,0.0,0.0,3.78,3.78,1,1,0.0,0.0,0,0,0,0,0.0,0.0,1.038,0.0,0,0,0,0,0,0,0,0,0,0,0,0,0.0,0.0,0,0,0,0,0,0,0,0,0,0,0,0.0,0,0.0,0.0,0,0.0,0,0,0.93,0,0,0,1,0.0,0,0.0,0.0,0.0,30.0,0.05,30.0,72572,0,21509,0
NWPP_hydrogen_hframe_cc_moderate_0,NWPP,Hydrogen_H-Frame CC_Moderate,0,897,10,0,1,0,0,0,0,0,0,0.0,0.0,0,0,0.0,0.0,0.0,0.0,0.0,-1,500.0,0,-1.0,-1.0,0,0,0,0.0,0.0,1206361.156,80987,0,0.0,0,0,1.72,0.0,0,0,106.0,2.0,6.09,0.0,0.0,hydrogen,0.3,0.0,1.0,1.0,0.0,0.0,0.0,0.0,0.0,0.0,0.0,0,0,0,0.0,0,0.0,0.0,0.0,0.0,0.0,0.64,0.64,6,6,0.0,0.0,0,0,0,0,0.0,0.0,1.032,0.0,0,0,0,0,0,0,0,0,0,0,0,0,0.0,0.0,0,0,0,0,0,0,0,0,0,0,0,0.0,0,0.0,0.0,0,0.0,0,0,0.93,0,0,0,1,0.0,0,0.0,0.0,0.0,30.0,0.05,30.0,81025,0,26266,0
NWPP_landbasedwind_class3_moderate_0_anyQual_0,NWPP,LandbasedWind_Class3_Moderate_,0_anyQual_0,898,10,1,0,1,0,0,0,0,0,0.0,0.0,0,0,0.0,7667.0,0.0,0.0,0.0,-1,1.0,0,7667.4,-1.0,0,0,0,0.0,0.0,1065951.189,147274,185686,0.0,0,0,0.0,0.0,0,0,0.0,0.0,0.0,0.0,0.0,None,0.0,0.0,1.0,1.0,0.0,0.0,0.0,0.0,0.0,0.0,0.0,0,0,0,0.0,0,0.0,0.0,0.0,0.0,0.0,1.0,1.0,0,0,0.0,0.0,0,0,0,0,46769.547,914469.145,1.266,0.5136095285415649,0,0,0,0,0,0,0,0,0,0,0,0,0.0,0.0,0,0,0,0,0,1,0,1,0,0,0,0.0,0,0.0,0.0,0,0.0,0,0,0.8,0,0,0,1,0.0,0,0.0,0.0,0.0,30.0,0.05,30.0,134563,0,25258,0
NWPP_landbasedwind_class3_moderate_1_anyQual_0,NWPP,LandbasedWind_Class3_Moderate_,1_anyQual_0,899,10,1,0,1,0,0,0,0,0,0.0,0.0,0,0,0.0,5288.0,0.0,0.0,0.0,-1,1.0,0,5288.7,-1.0,0,0,0,0.0,0.0,1065951.189,117202,155615,0.0,0,0,0.0,0.0,0,0,0.0,0.0,0.0,0.0,0.0,None,0.0,0.0,1.0,1.0,0.0,0.0,0.0,0.0,0.0,0.0,0.0,0,0,0,0.0,0,0.0,0.0,0.0,0.0,0.0,1.0,1.0,0,0,0.0,0.0,0,0,0,0,23126.278,452182.023,1.266,0.4363931715488434,0,0,0,0,0,0,0,0,0,0,0,0,0.0,0.0,0,0,0,0,0,1,0,1,0,0,0,0.0,0,0.0,0.0,0,0.0,0,0,0.8,0,0,0,1,0.0,0,0.0,0.0,0.0,30.0,0.05,30.0,110920,0,25258,0
NWPP_landbasedwind_class3_moderate_2_anyQual_0,NWPP,LandbasedWind_Class3_Moderate_,2_anyQual_0,900,10,1,0,1,0,0,0,0,0,0.0,0.0,0,0,0.0,2488.8,0.0,0.0,0.0,-1,1.0,0,2488.8,-1.0,0,0,0,0.0,0.0,1065951.189,102456,140869,0.0,0,0,0.0,0.0,0,0,0.0,0.0,0.0,0.0,0.0,None,0.0,0.0,1.0,1.0,0.0,0.0,0.0,0.0,0.0,0.0,0.0,0,0,0,0.0,0,0.0,0.0,0.0,0.0,0.0,1.0,1.0,0,0,0.0,0.0,0,0,0,0,11533.163,225501.657,1.266,0.3863687217235565,0,0,0,0,0,0,0,0,0,0,0,0,0.0,0.0,0,0,0,0,0,1,0,1,0,0,0,0.0,0,0.0,0.0,0,0.0,0,0,0.8,0,0,0,1,0.0,0,0.0,0.0,0.0,30.0,0.05,30.0,99327,0,25258,0
NWPP_landbasedwind_class3_moderate_3_anyQual_1,NWPP,LandbasedWind_Class3_Moderate_,3_anyQual_1,901,10,1,0,1,0,0,0,0,0,0.0,0.0,0,0,0.0,0.0,0.0,0.0,0.0,-1,1.0,0,1314.0,-1.0,0,0,0,0.0,0.0,1065951.189,123258,0,0.0,0,0,0.0,0.0,0,0,0.0,0.0,0.0,0.0,0.0,None,0.0,0.0,1.0,1.0,0.0,0.0,0.0,0.0,0.0,0.0,0.0,0,0,0,0.0,0,0.0,0.0,0.0,0.0,0.0,1.0,1.0,0,0,0.0,0.0,0,0,0,0,27887.71,545279.674,1.266,0.4388190805912018,0,0,0,0,0,0,0,0,0,0,0,0,0.0,0.0,0,0,0,0,0,1,0,1,0,0,0,0.0,0,0.0,0.0,0,0.0,0,0,0.8,0,0,0,1,0.0,0,0.0,0.0,0.0,30.0,0.05,30.0,115681,0,25258,0
NWPP_landbasedwind_class3_moderate_4_anyQual_0,NWPP,LandbasedWind_Class3_Moderate_,4_anyQual_0,902,10,1,0,1,0,0,0,0,0,0.0,0.0,0,0,0.0,0.0,0.0,0.0,0.0,-1,1.0,0,12823.9,-1.0,0,0,0,0.0,0.0,1065951.189,166941,0,0.0,0,0,0.0,0.0,0,0,0.0,0.0,0.0,0.0,0.0,None,0.0,0.0,1.0,1.0,0.0,0.0,0.0,0.0,0.0,0.0,0.0,0,0,0,0.0,0,0.0,0.0,0.0,0.0,0.0,1.0,1.0,0,0,0.0,0.0,0,0,0,0,62232.078,1216805.327,1.266,0.4692416787147522,0,0,0,0,0,0,0,0,0,0,0,0,0.0,0.0,0,0,0,0,0,1,0,1,0,0,0,0.0,0,0.0,0.0,0,0.0,0,0,0.8,0,0,0,1,0.0,0,0.0,0.0,0.0,30.0,0.05,30.0,150026,0,25258,0
NWPP_landbasedwind_class3_moderate_5_anyQual_0,NWPP,LandbasedWind_Class3_Moderate_,5_anyQual_0,903,10,1,0,1,0,0,0,0,0,0.0,0.0,0,0,0.0,0.0,0.0,0.0,0.0,-1,1.0,0,2056.3,-1.0,0,0,0,0.0,0.0,1065951.189,124858,0,0.0,0,0,0.0,0.0,0,0,0.0,0.0,0.0,0.0,0.0,None,0.0,0.0,1.0,1.0,0.0,0.0,0.0,0.0,0.0,0.0,0.0,0,0,0,0.0,0,0.0,0.0,0.0,0.0,0.0,1.0,1.0,0,0,0.0,0.0,0,0,0,0,29145.477,569873.145,1.266,0.3980843424797058,0,0,0,0,0,0,0,0,0,0,0,0,0.0,0.0,0,0,0,0,0,1,0,1,0,0,0,0.0,0,0.0,0.0,0,0.0,0,0,0.8,0,0,0,1,0.0,0,0.0,0.0,0.0,30.0,0.05,30.0,116939,0,25258,0
NWPP_landbasedwind_class3_moderate_6_anyQual_0,NWPP,LandbasedWind_Class3_Moderate_,6_anyQual_0,904,10,1,0,1,0,0,0,0,0,0.0,0.0,0,0,0.0,0.0,0.0,0.0,0.0,-1,1.0,0,966.4,-1.0,0,0,0,0.0,0.0,1065951.189,98509,0,0.0,0,0,0.0,0.0,0,0,0.0,0.0,0.0,0.0,0.0,None,0.0,0.0,1.0,1.0,0.0,0.0,0.0,0.0,0.0,0.0,0.0,0,0,0,0.0,0,0.0,0.0,0.0,0.0,0.0,1.0,1.0,0,0,0.0,0.0,0,0,0,0,8429.959,164826.129,1.266,0.3511539697647095,0,0,0,0,0,0,0,0,0,0,0,0,0.0,0.0,0,0,0,0,0,1,0,1,0,0,0,0.0,0,0.0,0.0,0,0.0,0,0,0.8,0,0,0,1,0.0,0,0.0,0.0,0.0,30.0,0.05,30.0,96223,0,25258,0
NWPP_landbasedwind_class3_moderate_7_anyQual_1,NWPP,LandbasedWind_Class3_Moderate_,7_anyQual_1,905,10,1,0,1,0,0,0,0,0,0.0,0.0,0,0,0.0,0.0,0.0,0.0,0.0,-1,1.0,0,815.5,-1.0,0,0,0,0.0,0.0,1065951.189,128712,0,0.0,0,0,0.0,0.0,0,0,0.0,0.0,0.0,0.0,0.0,None,0.0,0.0,1.0,1.0,0.0,0.0,0.0,0.0,0.0,0.0,0.0,0,0,0,0.0,0,0.0,0.0,0.0,0.0,0.0,1.0,1.0,0,0,0.0,0.0,0,0,0,0,32175.499,629123.406,1.266,0.4048354029655456,0,0,0,0,0,0,0,0,0,0,0,0,0.0,0.0,0,0,0,0,0,1,0,1,0,0,0,0.0,0,0.0,0.0,0,0.0,0,0,0.8,0,0,0,1,0.0,0,0.0,0.0,0.0,30.0,0.05,30.0,119969,0,25258,0
NWPP_landbasedwind_class3_moderate_8_anyQual_0,NWPP,LandbasedWind_Class3_Moderate_,8_anyQual_0,906,10,1,0,1,0,0,0,0,0,0.0,0.0,0,0,0.0,0.0,0.0,0.0,0.0,-1,1.0,0,3200.0,-1.0,0,0,0,0.0,0.0,1065951.189,125297,0,0.0,0,0,0.0,0.0,0,0,0.0,0.0,0.0,0.0,0.0,None,0.0,0.0,1.0,1.0,0.0,0.0,0.0,0.0,0.0,0.0,0.0,0,0,0,0.0,0,0.0,0.0,0.0,0.0,0.0,1.0,1.0,0,0,0.0,0.0,0,0,0,0,29491.105,576628.503,1.266,0.3803196549415588,0,0,0,0,0,0,0,0,0,0,0,0,0.0,0.0,0,0,0,0,0,1,0,1,0,0,0,0.0,0,0.0,0.0,0,0.0,0,0,0.8,0,0,0,1,0.0,0,0.0,0.0,0.0,30.0,0.05,30.0,117285,0,25258,0
NWPP_landbasedwind_class3_moderate_9_anyQual_0,NWPP,LandbasedWind_Class3_Moderate_,9_anyQual_0,907,10,1,0,1,0,0,0,0,0,0.0,0.0,0,0,0.0,0.0,0.0,0.0,0.0,-1,1.0,0,11778.6,-1.0,0,0,0,0.0,0.0,1065951.189,168445,0,0.0,0,0,0.0,0.0,0,0,0.0,0.0,0.0,0.0,0.0,None,0.0,0.0,1.0,1.0,0.0,0.0,0.0,0.0,0.0,0.0,0.0,0,0,0,0.0,0,0.0,0.0,0.0,0.0,0.0,1.0,1.0,0,0,0.0,0.0,0,0,0,0,63413.858,1239912.578,1.266,0.4505072832107544,0,0,0,0,0,0,0,0,0,0,0,0,0.0,0.0,0,0,0,0,0,1,0,1,0,0,0,0.0,0,0.0,0.0,0,0.0,0,0,0.8,0,0,0,1,0.0,0,0.0,0.0,0.0,30.0,0.05,30.0,151207,0,25258,0
NWPP_landbasedwind_class3_moderate_10_anyQual_1,NWPP,LandbasedWind_Class3_Moderate_,10_anyQual_1,908,10,1,0,1,0,0,0,0,0,0.0,0.0,0,0,0.0,0.0,0.0,0.0,0.0,-1,1.0,0,1639.2,-1.0,0,0,0,0.0,0.0,1065951.189,130561,0,0.0,0,0,0.0,0.0,0,0,0.0,0.0,0.0,0.0,0.0,None,0.0,0.0,1.0,1.0,0.0,0.0,0.0,0.0,0.0,0.0,0.0,0,0,0,0.0,0,0.0,0.0,0.0,0.0,0.0,1.0,1.0,0,0,0.0,0.0,0,0,0,0,33629.549,657550.499,1.266,0.3879023194313049,0,0,0,0,0,0,0,0,0,0,0,0,0.0,0.0,0,0,0,0,0,1,0,1,0,0,0,0.0,0,0.0,0.0,0,0.0,0,0,0.8,0,0,0,1,0.0,0,0.0,0.0,0.0,30.0,0.05,30.0,121423,0,25258,0
NWPP_landbasedwind_class3_moderate_11_anyQual_0,NWPP,LandbasedWind_Class3_Moderate_,11_anyQual_0,909,10,1,0,1,0,0,0,0,0,0.0,0.0,0,0,0.0,0.0,0.0,0.0,0.0,-1,1.0,0,10951.9,-1.0,0,0,0,0.0,0.0,1065951.189,167328,0,0.0,0,0,0.0,0.0,0,0,0.0,0.0,0.0,0.0,0.0,None,0.0,0.0,1.0,1.0,0.0,0.0,0.0,0.0,0.0,0.0,0.0,0,0,0,0.0,0,0.0,0.0,0.0,0.0,0.0,1.0,1.0,0,0,0.0,0.0,0,0,0,0,62535.886,1222746.192,1.266,0.4322863817214966,0,0,0,0,0,0,0,0,0,0,0,0,0.0,0.0,0,0,0,0,0,1,0,1,0,0,0,0.0,0,0.0,0.0,0,0.0,0,0,0.8,0,0,0,1,0.0,0,0.0,0.0,0.0,30.0,0.05,30.0,150329,0,25258,0
NWPP_landbasedwind_class3_moderate_12_anyQual_0,NWPP,LandbasedWind_Class3_Moderate_,12_anyQual_0,910,10,1,0,1,0,0,0,0,0,0.0,0.0,0,0,0.0,0.0,0.0,0.0,0.0,-1,1.0,0,2327.1,-1.0,0,0,0,0.0,0.0,1065951.189,119965,0,0.0,0,0,0.0,0.0,0,0,0.0,0.0,0.0,0.0,0.0,None,0.0,0.0,1.0,1.0,0.0,0.0,0.0,0.0,0.0,0.0,0.0,0,0,0,0.0,0,0.0,0.0,0.0,0.0,0.0,1.0,1.0,0,0,0.0,0.0,0,0,0,0,25299.292,494668.26,1.266,0.3565324544906616,0,0,0,0,0,0,0,0,0,0,0,0,0.0,0.0,0,0,0,0,0,1,0,1,0,0,0,0.0,0,0.0,0.0,0,0.0,0,0,0.8,0,0,0,1,0.0,0,0.0,0.0,0.0,30.0,0.05,30.0,113093,0,25258,0
NWPP_landbasedwind_class3_moderate_13_anyQual_0,NWPP,LandbasedWind_Class3_Moderate_,13_anyQual_0,911,10,1,0,1,0,0,0,0,0,0.0,0.0,0,0,0.0,0.0,0.0,0.0,0.0,-1,1.0,0,1789.6,-1.0,0,0,0,0.0,0.0,1065951.189,135319,0,0.0,0,0,0.0,0.0,0,0,0.0,0.0,0.0,0.0,0.0,None,0.0,0.0,1.0,1.0,0.0,0.0,0.0,0.0,0.0,0.0,0.0,0,0,0,0.0,0,0.0,0.0,0.0,0.0,0.0,1.0,1.0,0,0,0.0,0.0,0,0,0,0,37370.725,730694.846,1.266,0.3834550976753235,0,0,0,0,0,0,0,0,0,0,0,0,0.0,0.0,0,0,0,0,0,1,0,1,0,0,0,0.0,0,0.0,0.0,0,0.0,0,0,0.8,0,0,0,1,0.0,0,0.0,0.0,0.0,30.0,0.05,30.0,125164,0,25258,0
NWPP_landbasedwind_class3_moderate_14_anyQual_1,NWPP,LandbasedWind_Class3_Moderate_,14_anyQual_1,912,10,1,0,1,0,0,0,0,0,0.0,0.0,0,0,0.0,0.0,0.0,0.0,0.0,-1,1.0,0,1645.2,-1.0,0,0,0,0.0,0.0,1065951.189,124070,0,0.0,0,0,0.0,0.0,0,0,0.0,0.0,0.0,0.0,0.0,None,0.0,0.0,1.0,1.0,0.0,0.0,0.0,0.0,0.0,0.0,0.0,0,0,0,0.0,0,0.0,0.0,0.0,0.0,0.0,1.0,1.0,0,0,0.0,0.0,0,0,0,0,28526.154,557766.271,1.266,0.3643639981746673,0,0,0,0,0,0,0,0,0,0,0,0,0.0,0.0,0,0,0,0,0,1,0,1,0,0,0,0.0,0,0.0,0.0,0,0.0,0,0,0.8,0,0,0,1,0.0,0,0.0,0.0,0.0,30.0,0.05,30.0,116320,0,25258,0
NWPP_landbasedwind_class3_moderate_15_anyQual_0,NWPP,LandbasedWind_Class3_Moderate_,15_anyQual_0,913,10,1,0,1,0,0,0,0,0,0.0,0.0,0,0,0.0,0.0,0.0,0.0,0.0,-1,1.0,0,10746.5,-1.0,0,0,0,0.0,0.0,1065951.189,167366,0,0.0,0,0,0.0,0.0,0,0,0.0,0.0,0.0,0.0,0.0,None,0.0,0.0,1.0,1.0,0.0,0.0,0.0,0.0,0.0,0.0,0.0,0,0,0,0.0,0,0.0,0.0,0.0,0.0,0.0,1.0,1.0,0,0,0.0,0.0,0,0,0,0,62566.139,1223337.883,1.266,0.4192368984222412,0,0,0,0,0,0,0,0,0,0,0,0,0.0,0.0,0,0,0,0,0,1,0,1,0,0,0,0.0,0,0.0,0.0,0,0.0,0,0,0.8,0,0,0,1,0.0,0,0.0,0.0,0.0,30.0,0.05,30.0,150360,0,25258,0
NWPP_landbasedwind_class3_moderate_16_anyQual_0,NWPP,LandbasedWind_Class3_Moderate_,16_anyQual_0,914,10,1,0,1,0,0,0,0,0,0.0,0.0,0,0,0.0,0.0,0.0,0.0,0.0,-1,1.0,0,1264.0,-1.0,0,0,0,0.0,0.0,1065951.189,109238,0,0.0,0,0,0.0,0.0,0,0,0.0,0.0,0.0,0.0,0.0,None,0.0,0.0,1.0,1.0,0.0,0.0,0.0,0.0,0.0,0.0,0.0,0,0,0,0.0,0,0.0,0.0,0.0,0.0,0.0,1.0,1.0,0,0,0.0,0.0,0,0,0,0,16865.706,329767.589,1.266,0.3306059539318084,0,0,0,0,0,0,0,0,0,0,0,0,0.0,0.0,0,0,0,0,0,1,0,1,0,0,0,0.0,0,0.0,0.0,0,0.0,0,0,0.8,0,0,0,1,0.0,0,0.0,0.0,0.0,30.0,0.05,30.0,104659,0,25258,0
NWPP_landbasedwind_class3_moderate_17_anyQual_0,NWPP,LandbasedWind_Class3_Moderate_,17_anyQual_0,915,10,1,0,1,0,0,0,0,0,0.0,0.0,0,0,0.0,0.0,0.0,0.0,0.0,-1,1.0,0,3100.3,-1.0,0,0,0,0.0,0.0,1065951.189,133929,0,0.0,0,0,0.0,0.0,0,0,0.0,0.0,0.0,0.0,0.0,None,0.0,0.0,1.0,1.0,0.0,0.0,0.0,0.0,0.0,0.0,0.0,0,0,0,0.0,0,0.0,0.0,0.0,0.0,0.0,1.0,1.0,0,0,0.0,0.0,0,0,0,0,36277.869,709327.791,1.266,0.3688764274120331,0,0,0,0,0,0,0,0,0,0,0,0,0.0,0.0,0,0,0,0,0,1,0,1,0,0,0,0.0,0,0.0,0.0,0,0.0,0,0,0.8,0,0,0,1,0.0,0,0.0,0.0,0.0,30.0,0.05,30.0,124071,0,25258,0
NWPP_landbasedwind_class3_moderate_18_anyQual_1,NWPP,LandbasedWind_Class3_Moderate_,18_anyQual_1,916,10,1,0,1,0,0,0,0,0,0.0,0.0,0,0,0.0,0.0,0.0,0.0,0.0,-1,1.0,0,1547.2,-1.0,0,0,0,0.0,0.0,1065951.189,133537,0,0.0,0,0,0.0,0.0,0,0,0.0,0.0,0.0,0.0,0.0,None,0.0,0.0,1.0,1.0,0.0,0.0,0.0,0.0,0.0,0.0,0.0,0,0,0,0.0,0,0.0,0.0,0.0,0.0,0.0,1.0,1.0,0,0,0.0,0.0,0,0,0,0,35969.066,703293.89,1.266,0.3686151504516601,0,0,0,0,0,0,0,0,0,0,0,0,0.0,0.0,0,0,0,0,0,1,0,1,0,0,0,0.0,0,0.0,0.0,0,0.0,0,0,0.8,0,0,0,1,0.0,0,0.0,0.0,0.0,30.0,0.05,30.0,123763,0,25258,0
NWPP_landbasedwind_class3_moderate_19_anyQual_0,NWPP,LandbasedWind_Class3_Moderate_,19_anyQual_0,917,10,1,0,1,0,0,0,0,0,0.0,0.0,0,0,0.0,0.0,0.0,0.0,0.0,-1,1.0,0,8766.5,-1.0,0,0,0,0.0,0.0,1065951.189,166706,0,0.0,0,0,0.0,0.0,0,0,0.0,0.0,0.0,0.0,0.0,None,0.0,0.0,1.0,1.0,0.0,0.0,0.0,0.0,0.0,0.0,0.0,0,0,0,0.0,0,0.0,0.0,0.0,0.0,0.0,1.0,1.0,0,0,0.0,0.0,0,0,0,0,62046.621,1213179.82,1.266,0.406104177236557,0,0,0,0,0,0,0,0,0,0,0,0,0.0,0.0,0,0,0,0,0,1,0,1,0,0,0,0.0,0,0.0,0.0,0,0.0,0,0,0.8,0,0,0,1,0.0,0,0.0,0.0,0.0,30.0,0.05,30.0,149840,0,25258,0
NWPP_landbasedwind_class3_moderate_20_anyQual_0,NWPP,LandbasedWind_Class3_Moderate_,20_anyQual_0,918,10,1,0,1,0,0,0,0,0,0.0,0.0,0,0,0.0,0.0,0.0,0.0,0.0,-1,1.0,0,6122.2,-1.0,0,0,0,0.0,0.0,1065951.189,135373,0,0.0,0,0,0.0,0.0,0,0,0.0,0.0,0.0,0.0,0.0,None,0.0,0.0,1.0,1.0,0.0,0.0,0.0,0.0,0.0,0.0,0.0,0,0,0,0.0,0,0.0,0.0,0.0,0.0,0.0,1.0,1.0,0,0,0.0,0.0,0,0,0,0,37412.559,731513.826,1.266,0.3604308366775512,0,0,0,0,0,0,0,0,0,0,0,0,0.0,0.0,0,0,0,0,0,1,0,1,0,0,0,0.0,0,0.0,0.0,0,0.0,0,0,0.8,0,0,0,1,0.0,0,0.0,0.0,0.0,30.0,0.05,30.0,125206,0,25258,0
NWPP_landbasedwind_class3_moderate_21_anyQual_0,NWPP,LandbasedWind_Class3_Moderate_,21_anyQual_0,919,10,1,0,1,0,0,0,0,0,0.0,0.0,0,0,0.0,0.0,0.0,0.0,0.0,-1,1.0,0,725.1,-1.0,0,0,0,0.0,0.0,1065951.189,107626,0,0.0,0,0,0.0,0.0,0,0,0.0,0.0,0.0,0.0,0.0,None,0.0,0.0,1.0,1.0,0.0,0.0,0.0,0.0,0.0,0.0,0.0,0,0,0,0.0,0,0.0,0.0,0.0,0.0,0.0,1.0,1.0,0,0,0.0,0.0,0,0,0,0,15598.407,304987.917,1.266,0.3157334327697754,0,0,0,0,0,0,0,0,0,0,0,0,0.0,0.0,0,0,0,0,0,1,0,1,0,0,0,0.0,0,0.0,0.0,0,0.0,0,0,0.8,0,0,0,1,0.0,0,0.0,0.0,0.0,30.0,0.05,30.0,103392,0,25258,0
NWPP_landbasedwind_class3_moderate_22_anyQual_1,NWPP,LandbasedWind_Class3_Moderate_,22_anyQual_1,920,10,1,0,1,0,0,0,0,0,0.0,0.0,0,0,0.0,0.0,0.0,0.0,0.0,-1,1.0,0,987.1,-1.0,0,0,0,0.0,0.0,1065951.189,129269,0,0.0,0,0,0.0,0.0,0,0,0.0,0.0,0.0,0.0,0.0,None,0.0,0.0,1.0,1.0,0.0,0.0,0.0,0.0,0.0,0.0,0.0,0,0,0,0.0,0,0.0,0.0,0.0,0.0,0.0,1.0,1.0,0,0,0.0,0.0,0,0,0,0,32613.837,637687.29,1.266,0.3518760800361633,0,0,0,0,0,0,0,0,0,0,0,0,0.0,0.0,0,0,0,0,0,1,0,1,0,0,0,0.0,0,0.0,0.0,0,0.0,0,0,0.8,0,0,0,1,0.0,0,0.0,0.0,0.0,30.0,0.05,30.0,120407,0,25258,0
NWPP_utilitypv_class1_moderate_0_anyQual_0,NWPP,UtilityPV_Class1_Moderate_,0_anyQual_0,921,10,1,0,1,0,0,0,0,0,0.0,0.0,0,0,0.0,7445.0,0.0,0.0,0.0,-1,1.0,0,7445.3,-1.0,0,0,0,0.0,0.0,871935.36,60879,99488,0.0,0,0,0.0,0.0,0,0,0.0,0.0,0.0,0.0,0.0,None,0.0,0.0,1.0,1.0,0.0,0.0,0.0,0.0,0.0,0.0,0.0,0,0,0,0.0,0,0.0,0.0,0.0,0.0,0.0,1.0,1.0,0,0,0.0,0.0,0,0,0,0,3759.58,73508.91,0.989,0.2622085511684418,0,0,0,0,0,0,0,0,0,0,0,0,0.0,0.0,0,0,0,0,0,1,0,1,0,0,0,0.0,0,0.0,0.0,0,0.0,0,0,0.8,0,0,0,1,0.0,0,0.0,0.0,0.0,30.0,0.05,30.0,59883,0,15760,0
NWPP_utilitypv_class1_moderate_1_anyQual_0,NWPP,UtilityPV_Class1_Moderate_,1_anyQual_0,922,10,1,0,1,0,0,0,0,0,0.0,0.0,0,0,0.0,584.0,0.0,0.0,0.0,-1,1.0,0,21916.4,-1.0,0,0,0,0.0,0.0,871935.36,62013,100622,0.0,0,0,0.0,0.0,0,0,0.0,0.0,0.0,0.0,0.0,None,0.0,0.0,1.0,1.0,0.0,0.0,0.0,0.0,0.0,0.0,0.0,0,0,0,0.0,0,0.0,0.0,0.0,0.0,0.0,1.0,1.0,0,0,0.0,0.0,0,0,0,0,4651.444,90947.005,0.989,0.2388816028833389,0,0,0,0,0,0,0,0,0,0,0,0,0.0,0.0,0,0,0,0,0,1,0,1,0,0,0,0.0,0,0.0,0.0,0,0.0,0,0,0.8,0,0,0,1,0.0,0,0.0,0.0,0.0,30.0,0.05,30.0,60775,0,15760,0
NWPP_utilitypv_class1_moderate_2_anyQual_0,NWPP,UtilityPV_Class1_Moderate_,2_anyQual_0,923,10,1,0,1,0,0,0,0,0,0.0,0.0,0,0,0.0,0.0,0.0,0.0,0.0,-1,1.0,0,5738.7,-1.0,0,0,0,0.0,0.0,871935.36,61261,0,0.0,0,0,0.0,0.0,0,0,0.0,0.0,0.0,0.0,0.0,None,0.0,0.0,1.0,1.0,0.0,0.0,0.0,0.0,0.0,0.0,0.0,0,0,0,0.0,0,0.0,0.0,0.0,0.0,0.0,1.0,1.0,0,0,0.0,0.0,0,0,0,0,4060.38,79390.275,0.989,0.2235912084579467,0,0,0,0,0,0,0,0,0,0,0,0,0.0,0.0,0,0,0,0,0,1,0,1,0,0,0,0.0,0,0.0,0.0,0,0.0,0,0,0.8,0,0,0,1,0.0,0,0.0,0.0,0.0,30.0,0.05,30.0,60184,0,15760,0
NWPP_utilitypv_class1_moderate_3_anyQual_1,NWPP,UtilityPV_Class1_Moderate_,3_anyQual_1,924,10,1,0,1,0,0,0,0,0,0.0,0.0,0,0,0.0,4949.0,0.0,0.0,0.0,-1,1.0,0,4949.3,-1.0,0,0,0,0.0,0.0,871935.36,59625,98234,0.0,0,0,0.0,0.0,0,0,0.0,0.0,0.0,0.0,0.0,None,0.0,0.0,1.0,1.0,0.0,0.0,0.0,0.0,0.0,0.0,0.0,0,0,0,0.0,0,0.0,0.0,0.0,0.0,0.0,1.0,1.0,0,0,0.0,0.0,0,0,0,0,2774.177,54241.894,0.989,0.237177699804306,0,0,0,0,0,0,0,0,0,0,0,0,0.0,0.0,0,0,0,0,0,1,0,1,0,0,0,0.0,0,0.0,0.0,0,0.0,0,0,0.8,0,0,0,1,0.0,0,0.0,0.0,0.0,30.0,0.05,30.0,58898,0,15760,0
NWPP_utilitypv_class1_moderate_4_anyQual_0,NWPP,UtilityPV_Class1_Moderate_,4_anyQual_0,925,10,1,0,1,0,0,0,0,0,0.0,0.0,0,0,0.0,0.0,0.0,0.0,0.0,-1,1.0,0,19870.1,-1.0,0,0,0,0.0,0.0,871935.36,88726,0,0.0,0,0,0.0,0.0,0,0,0.0,0.0,0.0,0.0,0.0,None,0.0,0.0,1.0,1.0,0.0,0.0,0.0,0.0,0.0,0.0,0.0,0,0,0,0.0,0,0.0,0.0,0.0,0.0,0.0,1.0,1.0,0,0,0.0,0.0,0,0,0,0,25653.713,501597.232,0.989,0.2690451443195343,0,0,0,0,0,0,0,0,0,0,0,0,0.0,0.0,0,0,0,0,0,1,0,1,0,0,0,0.0,0,0.0,0.0,0,0.0,0,0,0.8,0,0,0,1,0.0,0,0.0,0.0,0.0,30.0,0.05,30.0,81777,0,15760,0
NWPP_utilitypv_class1_moderate_5_anyQual_0,NWPP,UtilityPV_Class1_Moderate_,5_anyQual_0,926,10,1,0,1,0,0,0,0,0,0.0,0.0,0,0,0.0,0.0,0.0,0.0,0.0,-1,1.0,0,17274.5,-1.0,0,0,0,0.0,0.0,871935.36,71829,0,0.0,0,0,0.0,0.0,0,0,0.0,0.0,0.0,0.0,0.0,None,0.0,0.0,1.0,1.0,0.0,0.0,0.0,0.0,0.0,0.0,0.0,0,0,0,0.0,0,0.0,0.0,0.0,0.0,0.0,1.0,1.0,0,0,0.0,0.0,0,0,0,0,12368.896,241843.294,0.989,0.2336916923522949,0,0,0,0,0,0,0,0,0,0,0,0,0.0,0.0,0,0,0,0,0,1,0,1,0,0,0,0.0,0,0.0,0.0,0,0.0,0,0,0.8,0,0,0,1,0.0,0,0.0,0.0,0.0,30.0,0.05,30.0,68492,0,15760,0
NWPP_utilitypv_class1_moderate_6_anyQual_0,NWPP,UtilityPV_Class1_Moderate_,6_anyQual_0,927,10,1,0,1,0,0,0,0,0,0.0,0.0,0,0,0.0,0.0,0.0,0.0,0.0,-1,1.0,0,2246.8,-1.0,0,0,0,0.0,0.0,871935.36,61528,0,0.0,0,0,0.0,0.0,0,0,0.0,0.0,0.0,0.0,0.0,None,0.0,0.0,1.0,1.0,0.0,0.0,0.0,0.0,0.0,0.0,0.0,0,0,0,0.0,0,0.0,0.0,0.0,0.0,0.0,1.0,1.0,0,0,0.0,0.0,0,0,0,0,4269.919,83487.278,0.989,0.2100317180156707,0,0,0,0,0,0,0,0,0,0,0,0,0.0,0.0,0,0,0,0,0,1,0,1,0,0,0,0.0,0,0.0,0.0,0,0.0,0,0,0.8,0,0,0,1,0.0,0,0.0,0.0,0.0,30.0,0.05,30.0,60393,0,15760,0
NWPP_utilitypv_class1_moderate_7_anyQual_1,NWPP,UtilityPV_Class1_Moderate_,7_anyQual_1,928,10,1,0,1,0,0,0,0,0,0.0,0.0,0,0,0.0,0.0,0.0,0.0,0.0,-1,1.0,0,615.2,-1.0,0,0,0,0.0,0.0,871935.36,66786,0,0.0,0,0,0.0,0.0,0,0,0.0,0.0,0.0,0.0,0.0,None,0.0,0.0,1.0,1.0,0.0,0.0,0.0,0.0,0.0,0.0,0.0,0,0,0,0.0,0,0.0,0.0,0.0,0.0,0.0,1.0,1.0,0,0,0.0,0.0,0,0,0,0,8403.725,164316.54,0.989,0.2245030403137207,0,0,0,0,0,0,0,0,0,0,0,0,0.0,0.0,0,0,0,0,0,1,0,1,0,0,0,0.0,0,0.0,0.0,0,0.0,0,0,0.8,0,0,0,1,0.0,0,0.0,0.0,0.0,30.0,0.05,30.0,64527,0,15760,0
NWPP_utilitypv_class1_moderate_8_anyQual_0,NWPP,UtilityPV_Class1_Moderate_,8_anyQual_0,929,10,1,0,1,0,0,0,0,0,0.0,0.0,0,0,0.0,0.0,0.0,0.0,0.0,-1,1.0,0,9809.2,-1.0,0,0,0,0.0,0.0,871935.36,74890,0,0.0,0,0,0.0,0.0,0,0,0.0,0.0,0.0,0.0,0.0,None,0.0,0.0,1.0,1.0,0.0,0.0,0.0,0.0,0.0,0.0,0.0,0,0,0,0.0,0,0.0,0.0,0.0,0.0,0.0,1.0,1.0,0,0,0.0,0.0,0,0,0,0,14775.542,288900.653,0.989,0.2325001507997512,0,0,0,0,0,0,0,0,0,0,0,0,0.0,0.0,0,0,0,0,0,1,0,1,0,0,0,0.0,0,0.0,0.0,0,0.0,0,0,0.8,0,0,0,1,0.0,0,0.0,0.0,0.0,30.0,0.05,30.0,70899,0,15760,0
NWPP_utilitypv_class1_moderate_9_anyQual_0,NWPP,UtilityPV_Class1_Moderate_,9_anyQual_0,930,10,1,0,1,0,0,0,0,0,0.0,0.0,0,0,0.0,0.0,0.0,0.0,0.0,-1,1.0,0,17655.3,-1.0,0,0,0,0.0,0.0,871935.36,89770,0,0.0,0,0,0.0,0.0,0,0,0.0,0.0,0.0,0.0,0.0,None,0.0,0.0,1.0,1.0,0.0,0.0,0.0,0.0,0.0,0.0,0.0,0,0,0,0.0,0,0.0,0.0,0.0,0.0,0.0,1.0,1.0,0,0,0.0,0.0,0,0,0,0,26473.709,517635.835,0.989,0.2657817900180816,0,0,0,0,0,0,0,0,0,0,0,0,0.0,0.0,0,0,0,0,0,1,0,1,0,0,0,0.0,0,0.0,0.0,0,0.0,0,0,0.8,0,0,0,1,0.0,0,0.0,0.0,0.0,30.0,0.05,30.0,82597,0,15760,0
NWPP_utilitypv_class1_moderate_10_anyQual_0,NWPP,UtilityPV_Class1_Moderate_,10_anyQual_0,931,10,1,0,1,0,0,0,0,0,0.0,0.0,0,0,0.0,0.0,0.0,0.0,0.0,-1,1.0,0,11579.3,-1.0,0,0,0,0.0,0.0,871935.36,96792,0,0.0,0,0,0.0,0.0,0,0,0.0,0.0,0.0,0.0,0.0,None,0.0,0.0,1.0,1.0,0.0,0.0,0.0,0.0,0.0,0.0,0.0,0,0,0,0.0,0,0.0,0.0,0.0,0.0,0.0,1.0,1.0,0,0,0.0,0.0,0,0,0,0,31995.315,625591.615,0.989,0.281546950340271,0,0,0,0,0,0,0,0,0,0,0,0,0.0,0.0,0,0,0,0,0,1,0,1,0,0,0,0.0,0,0.0,0.0,0,0.0,0,0,0.8,0,0,0,1,0.0,0,0.0,0.0,0.0,30.0,0.05,30.0,88119,0,15760,0
NWPP_utilitypv_class1_moderate_11_anyQual_1,NWPP,UtilityPV_Class1_Moderate_,11_anyQual_1,932,10,1,0,1,0,0,0,0,0,0.0,0.0,0,0,0.0,0.0,0.0,0.0,0.0,-1,1.0,0,1016.3,-1.0,0,0,0,0.0,0.0,871935.36,90559,0,0.0,0,0,0.0,0.0,0,0,0.0,0.0,0.0,0.0,0.0,None,0.0,0.0,1.0,1.0,0.0,0.0,0.0,0.0,0.0,0.0,0.0,0,0,0,0.0,0,0.0,0.0,0.0,0.0,0.0,1.0,1.0,0,0,0.0,0.0,0,0,0,0,27093.626,529765.996,0.989,0.2675332129001617,0,0,0,0,0,0,0,0,0,0,0,0,0.0,0.0,0,0,0,0,0,1,0,1,0,0,0,0.0,0,0.0,0.0,0,0.0,0,0,0.8,0,0,0,1,0.0,0,0.0,0.0,0.0,30.0,0.05,30.0,83217,0,15760,0
NWPP_utilitypv_class1_moderate_12_anyQual_0,NWPP,UtilityPV_Class1_Moderate_,12_anyQual_0,933,10,1,0,1,0,0,0,0,0,0.0,0.0,0,0,0.0,0.0,0.0,0.0,0.0,-1,1.0,0,6823.2,-1.0,0,0,0,0.0,0.0,871935.36,77070,0,0.0,0,0,0.0,0.0,0,0,0.0,0.0,0.0,0.0,0.0,None,0.0,0.0,1.0,1.0,0.0,0.0,0.0,0.0,0.0,0.0,0.0,0,0,0,0.0,0,0.0,0.0,0.0,0.0,0.0,1.0,1.0,0,0,0.0,0.0,0,0,0,0,16489.787,322417.593,0.989,0.234125405550003,0,0,0,0,0,0,0,0,0,0,0,0,0.0,0.0,0,0,0,0,0,1,0,1,0,0,0,0.0,0,0.0,0.0,0,0.0,0,0,0.8,0,0,0,1,0.0,0,0.0,0.0,0.0,30.0,0.05,30.0,72613,0,15760,0
NWPP_utilitypv_class1_moderate_13_anyQual_0,NWPP,UtilityPV_Class1_Moderate_,13_anyQual_0,934,10,1,0,1,0,0,0,0,0,0.0,0.0,0,0,0.0,0.0,0.0,0.0,0.0,-1,1.0,0,21558.7,-1.0,0,0,0,0.0,0.0,871935.36,91146,0,0.0,0,0,0.0,0.0,0,0,0.0,0.0,0.0,0.0,0.0,None,0.0,0.0,1.0,1.0,0.0,0.0,0.0,0.0,0.0,0.0,0.0,0,0,0,0.0,0,0.0,0.0,0.0,0.0,0.0,1.0,1.0,0,0,0.0,0.0,0,0,0,0,27555.773,538789.314,0.989,0.265225738286972,0,0,0,0,0,0,0,0,0,0,0,0,0.0,0.0,0,0,0,0,0,1,0,1,0,0,0,0.0,0,0.0,0.0,0,0.0,0,0,0.8,0,0,0,1,0.0,0,0.0,0.0,0.0,30.0,0.05,30.0,83679,0,15760,0
NWPP_utilitypv_class1_moderate_14_anyQual_0,NWPP,UtilityPV_Class1_Moderate_,14_anyQual_0,935,10,1,0,1,0,0,0,0,0,0.0,0.0,0,0,0.0,0.0,0.0,0.0,0.0,-1,1.0,0,9444.4,-1.0,0,0,0,0.0,0.0,871935.36,99195,0,0.0,0,0,0.0,0.0,0,0,0.0,0.0,0.0,0.0,0.0,None,0.0,0.0,1.0,1.0,0.0,0.0,0.0,0.0,0.0,0.0,0.0,0,0,0,0.0,0,0.0,0.0,0.0,0.0,0.0,1.0,1.0,0,0,0.0,0.0,0,0,0,0,33884.693,662533.519,0.989,0.2829017043113708,0,0,0,0,0,0,0,0,0,0,0,0,0.0,0.0,0,0,0,0,0,1,0,1,0,0,0,0.0,0,0.0,0.0,0,0.0,0,0,0.8,0,0,0,1,0.0,0,0.0,0.0,0.0,30.0,0.05,30.0,90008,0,15760,0
NWPP_utilitypv_class1_moderate_15_anyQual_1,NWPP,UtilityPV_Class1_Moderate_,15_anyQual_1,936,10,1,0,1,0,0,0,0,0,0.0,0.0,0,0,0.0,0.0,0.0,0.0,0.0,-1,1.0,0,2185.5,-1.0,0,0,0,0.0,0.0,871935.36,90990,0,0.0,0,0,0.0,0.0,0,0,0.0,0.0,0.0,0.0,0.0,None,0.0,0.0,1.0,1.0,0.0,0.0,0.0,0.0,0.0,0.0,0.0,0,0,0,0.0,0,0.0,0.0,0.0,0.0,0.0,1.0,1.0,0,0,0.0,0.0,0,0,0,0,27432.751,536391.231,0.989,0.2646243572235107,0,0,0,0,0,0,0,0,0,0,0,0,0.0,0.0,0,0,0,0,0,1,0,1,0,0,0,0.0,0,0.0,0.0,0,0.0,0,0,0.8,0,0,0,1,0.0,0,0.0,0.0,0.0,30.0,0.05,30.0,83556,0,15760,0
NWPP_utilitypv_class1_moderate_16_anyQual_0,NWPP,UtilityPV_Class1_Moderate_,16_anyQual_0,937,10,1,0,1,0,0,0,0,0,0.0,0.0,0,0,0.0,0.0,0.0,0.0,0.0,-1,1.0,0,5355.3,-1.0,0,0,0,0.0,0.0,871935.36,78483,0,0.0,0,0,0.0,0.0,0,0,0.0,0.0,0.0,0.0,0.0,None,0.0,0.0,1.0,1.0,0.0,0.0,0.0,0.0,0.0,0.0,0.0,0,0,0,0.0,0,0.0,0.0,0.0,0.0,0.0,1.0,1.0,0,0,0.0,0.0,0,0,0,0,17600.525,344134.549,0.989,0.2350321263074875,0,0,0,0,0,0,0,0,0,0,0,0,0.0,0.0,0,0,0,0,0,1,0,1,0,0,0,0.0,0,0.0,0.0,0,0.0,0,0,0.8,0,0,0,1,0.0,0,0.0,0.0,0.0,30.0,0.05,30.0,73724,0,15760,0
NWPP_utilitypv_class1_moderate_17_anyQual_0,NWPP,UtilityPV_Class1_Moderate_,17_anyQual_0,938,10,1,0,1,0,0,0,0,0,0.0,0.0,0,0,0.0,0.0,0.0,0.0,0.0,-1,1.0,0,18938.2,-1.0,0,0,0,0.0,0.0,871935.36,92450,0,0.0,0,0,0.0,0.0,0,0,0.0,0.0,0.0,0.0,0.0,None,0.0,0.0,1.0,1.0,0.0,0.0,0.0,0.0,0.0,0.0,0.0,0,0,0,0.0,0,0.0,0.0,0.0,0.0,0.0,1.0,1.0,0,0,0.0,0.0,0,0,0,0,28581.029,558832.958,0.989,0.2656384706497192,0,0,0,0,0,0,0,0,0,0,0,0,0.0,0.0,0,0,0,0,0,1,0,1,0,0,0,0.0,0,0.0,0.0,0,0.0,0,0,0.8,0,0,0,1,0.0,0,0.0,0.0,0.0,30.0,0.05,30.0,84705,0,15760,0
NWPP_utilitypv_class1_moderate_18_anyQual_0,NWPP,UtilityPV_Class1_Moderate_,18_anyQual_0,939,10,1,0,1,0,0,0,0,0,0.0,0.0,0,0,0.0,0.0,0.0,0.0,0.0,-1,1.0,0,10665.7,-1.0,0,0,0,0.0,0.0,871935.36,100655,0,0.0,0,0,0.0,0.0,0,0,0.0,0.0,0.0,0.0,0.0,None,0.0,0.0,1.0,1.0,0.0,0.0,0.0,0.0,0.0,0.0,0.0,0,0,0,0.0,0,0.0,0.0,0.0,0.0,0.0,1.0,1.0,0,0,0.0,0.0,0,0,0,0,35031.926,684964.704,0.989,0.2835251092910766,0,0,0,0,0,0,0,0,0,0,0,0,0.0,0.0,0,0,0,0,0,1,0,1,0,0,0,0.0,0,0.0,0.0,0,0.0,0,0,0.8,0,0,0,1,0.0,0,0.0,0.0,0.0,30.0,0.05,30.0,91155,0,15760,0
NWPP_utilitypv_class1_moderate_19_anyQual_1,NWPP,UtilityPV_Class1_Moderate_,19_anyQual_1,940,10,1,0,1,0,0,0,0,0,0.0,0.0,0,0,0.0,0.0,0.0,0.0,0.0,-1,1.0,0,5046.0,-1.0,0,0,0,0.0,0.0,871935.36,90371,0,0.0,0,0,0.0,0.0,0,0,0.0,0.0,0.0,0.0,0.0,None,0.0,0.0,1.0,1.0,0.0,0.0,0.0,0.0,0.0,0.0,0.0,0,0,0,0.0,0,0.0,0.0,0.0,0.0,0.0,1.0,1.0,0,0,0.0,0.0,0,0,0,0,26946.512,526878.681,0.989,0.2609508335590362,0,0,0,0,0,0,0,0,0,0,0,0,0.0,0.0,0,0,0,0,0,1,0,1,0,0,0,0.0,0,0.0,0.0,0,0.0,0,0,0.8,0,0,0,1,0.0,0,0.0,0.0,0.0,30.0,0.05,30.0,83070,0,15760,0
NWPP_offshorewind_class12_moderate_floating_1_1,NWPP,OffShoreWind_Class12_Moderate_floating_1,1,941,10,1,0,1,0,0,0,0,0,0.0,0.0,0,0,0.0,0.0,0.0,0.0,0.0,-1,1.0,0,12213.3,-1.0,0,0,0,0.0,0.0,4211164.784,382557,0,0.0,0,0,0.0,0.0,0,0,0.0,0.0,0.0,0.0,0.0,None,0.0,0.0,1.0,1.0,0.0,0.0,0.0,0.0,0.0,0.0,0.0,0,0,0,0.0,0,0.0,0.0,0.0,0.0,0.0,1.0,1.0,0,0,0.0,0.0,0,0,0,0,85394.281,1669674.895,1.0,0.4328229427337646,0,0,0,0,0,0,0,0,0,0,0,0,0.0,0.0,0,0,0,0,0,1,0,1,0,0,0,0.0,0,0.0,0.0,0,0.0,0,0,0.8,0,0,0,1,0.0,0,0.0,0.0,0.0,30.0,0.05,30.0,359336,0,72317,0
NWPP_offshorewind_class12_moderate_floating_1_2,NWPP,OffShoreWind_Class12_Moderate_floating_1,2,942,10,1,0,1,0,0,0,0,0,0.0,0.0,0,0,0.0,0.0,0.0,0.0,0.0,-1,1.0,0,12197.2,-1.0,0,0,0,0.0,0.0,4211164.784,387143,0,0.0,0,0,0.0,0.0,0,0,0.0,0.0,0.0,0.0,0.0,None,0.0,0.0,1.0,1.0,0.0,0.0,0.0,0.0,0.0,0.0,0.0,0,0,0,0.0,0,0.0,0.0,0.0,0.0,0.0,1.0,1.0,0,0,0.0,0.0,0,0,0,0,89000.274,1740176.218,1.0,0.4375709295272827,0,0,0,0,0,0,0,0,0,0,0,0,0.0,0.0,0,0,0,0,0,1,0,1,0,0,0,0.0,0,0.0,0.0,0,0.0,0,0,0.8,0,0,0,1,0.0,0,0.0,0.0,0.0,30.0,0.05,30.0,362942,0,72317,0
NWPP_offshorewind_class12_moderate_floating_1_3,NWPP,OffShoreWind_Class12_Moderate_floating_1,3,943,10,1,0,1,0,0,0,0,0,0.0,0.0,0,0,0.0,0.0,0.0,0.0,0.0,-1,1.0,0,12083.2,-1.0,0,0,0,0.0,0.0,4211164.784,396037,0,0.0,0,0,0.0,0.0,0,0,0.0,0.0,0.0,0.0,0.0,None,0.0,0.0,1.0,1.0,0.0,0.0,0.0,0.0,0.0,0.0,0.0,0,0,0,0.0,0,0.0,0.0,0.0,0.0,0.0,1.0,1.0,0,0,0.0,0.0,0,0,0,0,95992.018,1876888.481,1.0,0.509471595287323,0,0,0,0,0,0,0,0,0,0,0,0,0.0,0.0,0,0,0,0,0,1,0,1,0,0,0,0.0,0,0.0,0.0,0,0.0,0,0,0.8,0,0,0,1,0.0,0,0.0,0.0,0.0,30.0,0.05,30.0,369934,0,72317,0
NWPP_offshorewind_class3_moderate_fixed_0_1,NWPP,OffShoreWind_Class3_Moderate_fixed_0,1,944,10,1,0,1,0,0,0,0,0,0.0,0.0,0,0,0.0,0.0,0.0,0.0,0.0,-1,1.0,0,25.4,-1.0,0,0,0,0.0,0.0,2642898.3,270031,0,0.0,0,0,0.0,0.0,0,0,0.0,0.0,0.0,0.0,0.0,None,0.0,0.0,1.0,1.0,0.0,0.0,0.0,0.0,0.0,0.0,0.0,0,0,0,0.0,0,0.0,0.0,0.0,0.0,0.0,1.0,1.0,0,0,0.0,0.0,0,0,0,0,77132.844,1508134.123,1.0,0.3969999849796295,0,0,0,0,0,0,0,0,0,0,0,0,0.0,0.0,0,0,0,0,0,1,0,1,0,0,0,0.0,0,0.0,0.0,0,0.0,0,0,0.8,0,0,0,1,0.0,0,0.0,0.0,0.0,30.0,0.05,30.0,249056,0,82811,0
NWPP_offshorewind_class3_moderate_fixed_0_2,NWPP,OffShoreWind_Class3_Moderate_fixed_0,2,945,10,1,0,1,0,0,0,0,0,0.0,0.0,0,0,0.0,0.0,0.0,0.0,0.0,-1,1.0,0,19.7,-1.0,0,0,0,0.0,0.0,2642898.3,290565,0,0.0,0,0,0.0,0.0,0,0,0.0,0.0,0.0,0.0,0.0,None,0.0,0.0,1.0,1.0,0.0,0.0,0.0,0.0,0.0,0.0,0.0,0,0,0,0.0,0,0.0,0.0,0.0,0.0,0.0,1.0,1.0,0,0,0.0,0.0,0,0,0,0,93276.921,1823793.245,1.0,0.5137720704078674,0,0,0,0,0,0,0,0,0,0,0,0,0.0,0.0,0,0,0,0,0,1,0,1,0,0,0,0.0,0,0.0,0.0,0,0.0,0,0,0.8,0,0,0,1,0.0,0,0.0,0.0,0.0,30.0,0.05,30.0,265200,0,82811,0
NWPP_offshorewind_class3_moderate_fixed_0_3,NWPP,OffShoreWind_Class3_Moderate_fixed_0,3,946,10,1,0,1,0,0,0,0,0,0.0,0.0,0,0,0.0,0.0,0.0,0.0,0.0,-1,1.0,0,22.4,-1.0,0,0,0,0.0,0.0,2642898.3,298974,0,0.0,0,0,0.0,0.0,0,0,0.0,0.0,0.0,0.0,0.0,None,0.0,0.0,1.0,1.0,0.0,0.0,0.0,0.0,0.0,0.0,0.0,0,0,0,0.0,0,0.0,0.0,0.0,0.0,0.0,1.0,1.0,0,0,0.0,0.0,0,0,0,0,99887.955,1953064.185,1.0,0.5209999680519104,0,0,0,0,0,0,0,0,0,0,0,0,0.0,0.0,0,0,0,0,0,1,0,1,0,0,0,0.0,0,0.0,0.0,0,0.0,0,0,0.8,0,0,0,1,0.0,0,0.0,0.0,0.0,30.0,0.05,30.0,271811,0,82811,0
NWPP_offshorewind_class12_moderate_floating_0_1,NWPP,OffShoreWind_Class12_Moderate_floating_0,1,947,10,1,0,1,0,0,0,0,0,0.0,0.0,0,0,0.0,0.0,0.0,0.0,0.0,-1,1.0,0,108403.6,-1.0,0,0,0,0.0,0.0,4211164.784,374612,0,0.0,0,0,0.0,0.0,0,0,0.0,0.0,0.0,0.0,0.0,None,0.0,0.0,1.0,1.0,0.0,0.0,0.0,0.0,0.0,0.0,0.0,0,0,0,0.0,0,0.0,0.0,0.0,0.0,0.0,1.0,1.0,0,0,0.0,0.0,0,0,0,0,79148.444,1547544.702,1.0,0.3968806862831116,0,0,0,0,0,0,0,0,0,0,0,0,0.0,0.0,0,0,0,0,0,1,0,1,0,0,0,0.0,0,0.0,0.0,0,0.0,0,0,0.8,0,0,0,1,0.0,0,0.0,0.0,0.0,30.0,0.05,30.0,353090,0,72317,0
NWPP_offshorewind_class12_moderate_floating_0_2,NWPP,OffShoreWind_Class12_Moderate_floating_0,2,948,10,1,0,1,0,0,0,0,0,0.0,0.0,0,0,0.0,0.0,0.0,0.0,0.0,-1,1.0,0,108370.9,-1.0,0,0,0,0.0,0.0,4211164.784,383890,0,0.0,0,0,0.0,0.0,0,0,0.0,0.0,0.0,0.0,0.0,None,0.0,0.0,1.0,1.0,0.0,0.0,0.0,0.0,0.0,0.0,0.0,0,0,0,0.0,0,0.0,0.0,0.0,0.0,0.0,1.0,1.0,0,0,0.0,0.0,0,0,0,0,86442.282,1690157.809,1.0,0.4163426756858825,0,0,0,0,0,0,0,0,0,0,0,0,0.0,0.0,0,0,0,0,0,1,0,1,0,0,0,0.0,0,0.0,0.0,0,0.0,0,0,0.8,0,0,0,1,0.0,0,0.0,0.0,0.0,30.0,0.05,30.0,360384,0,72317,0
NWPP_offshorewind_class12_moderate_floating_0_3,NWPP,OffShoreWind_Class12_Moderate_floating_0,3,949,10,1,0,1,0,0,0,0,0,0.0,0.0,0,0,0.0,0.0,0.0,0.0,0.0,-1,1.0,0,108337.6,-1.0,0,0,0,0.0,0.0,4211164.784,404571,0,0.0,0,0,0.0,0.0,0,0,0.0,0.0,0.0,0.0,0.0,None,0.0,0.0,1.0,1.0,0.0,0.0,0.0,0.0,0.0,0.0,0.0,0,0,0,0.0,0,0.0,0.0,0.0,0.0,0.0,1.0,1.0,0,0,0.0,0.0,0,0,0,0,102702.145,2008084.002,1.0,0.5019341707229614,0,0,0,0,0,0,0,0,0,0,0,0,0.0,0.0,0,0,0,0,0,1,0,1,0,0,0,0.0,0,0.0,0.0,0,0.0,0,0,0.8,0,0,0,1,0.0,0,0.0,0.0,0.0,30.0,0.05,30.0,376644,0,72317,0
NYCW_naturalgas_hframe_cc_moderate_0,NYCW,NaturalGas_H-Frame CC_Moderate,0,950,11,0,1,0,0,0,0,0,0,0.0,0.0,0,0,0.0,0.0,0.0,0.0,0.0,-1,500.0,0,-1.0,-1.0,0,0,0,0.0,0.0,1096691.96,155319,0,0.0,0,0,1.72,0.0,0,0,106.0,2.0,6.09,0.0,0.0,middle_atlantic_naturalgas,0.3,0.0,1.0,1.0,0.0,0.0,0.0,0.0,0.0,0.0,0.0,0,0,0,0.0,0,0.0,0.0,0.0,0.0,0.0,0.64,0.64,6,6,10.0,606600.0,0,0,0,0,0.0,0.0,1.624,0.0,0,0,0,0,0,0,0,0,0,0,0,0,0.0,0.93,0,0,0,0,0,0,0,0,0,0,0,0.0,0,0.0,0.0,0,0.0,0,0,0.0,0,0,0,0,0.0,0,0.0,0.0,0.0,30.0,0.05,30.0,144706,0,26266,0
NYCW_naturalgas_fframe_ct_moderate_0,NYCW,NaturalGas_F-Frame CT_Moderate,0,951,11,0,1,0,0,0,0,0,0,0.0,0.0,0,0,0.0,0.0,0.0,0.0,0.0,-1,100.0,0,-1.0,-1.0,0,0,0,0.0,0.0,977045.463,132001,0,0.0,0,0,6.15,0.0,0,0,137.0,3.5,9.72,0.0,0.0,middle_atlantic_naturalgas,0.3,0.0,1.0,1.0,0.0,0.0,0.0,0.0,0.0,0.0,0.0,0,0,0,0.0,0,0.0,0.0,0.0,0.0,0.0,3.78,3.78,1,1,10.0,606600.0,0,0,0,0,0.0,0.0,1.456,0.0,0,0,0,0,0,0,0,0,0,0,0,0,0.0,0.93,0,0,0,0,0,0,0,0,0,0,0,0.0,0,0.0,0.0,0,0.0,0,0,0.0,0,0,0,0,0.0,0,0.0,0.0,0.0,30.0,0.05,30.0,121432,0,21509,0
NYCW_battery_moderate_0,NYCW,Battery_*_Moderate,0,952,11,0,0,0,0,1,0,0,0,0.0,0.0,0,0,0.0,0.0,0.0,0.0,0.0,-1,1.0,0,-1.0,-1.0,0,0,0,0.0,0.0,274910.679,27201,0,205428.952,20326,0,0.15,0.15,0,0,0.0,0.0,0.0,0.0,0.0,None,0.0,0.0,0.92,0.92,0.0,1.0,10.0,0.0,0.0,0.0,0.0,0,0,0,0.0,0,0.0,0.0,0.0,0.0,0.0,1.0,1.0,0,0,0.0,0.0,0,0,0,0,0.0,0.0,1.027,0.0,0,0,0,0,0,0,0,0,0,0,0,0,0.0,0.95,0,0,0,0,0,0,0,0,0,0,0,0.0,0,0.0,0.0,0,0.0,0,0,0.0,0,0,0,0,0.0,0,0.0,0.0,0.0,15.0,0.05,15.0,27194,20320,6872,5135
NYCW_nuclear_nuclear_moderate_0,NYCW,Nuclear_Nuclear_Moderate,0,953,11,0,1,0,0,0,0,0,0,0.0,0.0,0,0,0.0,0.0,0.0,0.0,0.0,-1,2000.0,0,-1.0,-1.0,0,0,0,0.0,0.0,7229469.526,754809,0,0.0,0,0,2.36,0.0,0,0,285.0,0.0,10.45,0.0,0.0,middle_atlantic_uranium,0.5,0.0,1.0,1.0,0.0,0.0,0.0,0.041666667,0.083333333,0.0,0.0,0,0,0,0.0,0,0.0,0.0,0.0,0.0,0.0,0.25,0.25,24,24,50.0,3033000.0,0,0,0,0,0.0,0.0,1.372,0.0,0,0,0,0,0,0,0,0,0,0,1,0,0.0,0.93,0,0,0,0,0,0,0,0,0,0,0,0.0,0,0.0,0.0,0,0.0,0,0,0.0,0,0,0,0,0.0,0,0.0,0.0,0.0,40.0,0.05,40.0,722285,0,145294,0
NYCW_hydrogen_fframe_ct_moderate_0,NYCW,Hydrogen_F-Frame CT_Moderate,0,954,11,0,1,0,0,0,0,0,0,0.0,0.0,0,0,0.0,0.0,0.0,0.0,0.0,-1,100.0,0,-1.0,-1.0,0,0,0,0.0,0.0,1074750.009,101795,0,0.0,0,0,6.15,0.0,0,0,137.0,3.5,9.72,0.0,0.0,hydrogen,0.3,0.0,1.0,1.0,0.0,0.0,0.0,0.0,0.0,0.0,0.0,0,0,0,0.0,0,0.0,0.0,0.0,0.0,0.0,3.78,3.78,1,1,0.0,0.0,0,0,0,0,0.0,0.0,1.456,0.0,0,0,0,0,0,0,0,0,0,0,1,0,0.0,0.93,0,0,0,0,0,0,0,0,0,0,0,0.0,0,0.0,0.0,0,0.0,0,0,0.0,0,0,0,0,0.0,0,0.0,0.0,0.0,30.0,0.05,30.0,101818,0,21509,0
NYCW_hydrogen_hframe_cc_moderate_0,NYCW,Hydrogen_H-Frame CC_Moderate,0,955,11,0,1,0,0,0,0,0,0,0.0,0.0,0,0,0.0,0.0,0.0,0.0,0.0,-1,500.0,0,-1.0,-1.0,0,0,0,0.0,0.0,1206361.156,127444,0,0.0,0,0,1.72,0.0,0,0,106.0,2.0,6.09,0.0,0.0,hydrogen,0.3,0.0,1.0,1.0,0.0,0.0,0.0,0.0,0.0,0.0,0.0,0,0,0,0.0,0,0.0,0.0,0.0,0.0,0.0,0.64,0.64,6,6,0.0,0.0,0,0,0,0,0.0,0.0,1.624,0.0,0,0,0,0,0,0,0,0,0,0,1,0,0.0,0.93,0,0,0,0,0,0,0,0,0,0,0,0.0,0,0.0,0.0,0,0.0,0,0,0.0,0,0,0,0,0.0,0,0.0,0.0,0.0,30.0,0.05,30.0,127419,0,26266,0
NYUP_naturalgas_hframe_cc_moderate_0,NYUP,NaturalGas_H-Frame CC_Moderate,0,956,12,0,1,0,0,0,0,0,0,0.0,0.0,0,0,0.0,0.0,0.0,0.0,0.0,-1,500.0,0,-1.0,-1.0,0,0,0,0.0,0.0,1096691.96,89526,0,0.0,0,0,1.72,0.0,0,0,106.0,2.0,6.09,0.0,0.0,middle_atlantic_naturalgas,0.3,0.0,1.0,1.0,0.0,0.0,0.0,0.0,0.0,0.0,0.0,0,0,0,0.0,0,0.0,0.0,0.0,0.0,0.0,0.64,0.64,6,6,10.0,97490.0,0,0,0,0,0.0,0.0,1.166,0.0,0,0,0,0,0,0,0,0,0,0,0,0,0.0,0.93,0,0,0,0,0,0,0,0,0,0,0,0.0,0,0.0,0.0,0,0.0,0,0,0.0,0,0,0,0,0.0,0,0.0,0.0,0.0,30.0,0.05,30.0,87795,0,26266,0
NYUP_naturalgas_fframe_ct_moderate_0,NYUP,NaturalGas_F-Frame CT_Moderate,0,957,12,0,1,0,0,0,0,0,0,0.0,0.0,0,0,0.0,0.0,0.0,0.0,0.0,-1,100.0,0,-1.0,-1.0,0,0,0,0.0,0.0,977045.463,75430,0,0.0,0,0,6.15,0.0,0,0,137.0,3.5,9.72,0.0,0.0,middle_atlantic_naturalgas,0.3,0.0,1.0,1.0,0.0,0.0,0.0,0.0,0.0,0.0,0.0,0,0,0,0.0,0,0.0,0.0,0.0,0.0,0.0,3.78,3.78,1,1,10.0,97490.0,0,0,0,0,0.0,0.0,1.087,0.0,0,0,0,0,0,0,0,0,0,0,0,0,0.0,0.93,0,0,0,0,0,0,0,0,0,0,0,0.0,0,0.0,0.0,0,0.0,0,0,0.0,0,0,0,0,0.0,0,0.0,0.0,0.0,30.0,0.05,30.0,73747,0,21509,0
NYUP_battery_moderate_0,NYUP,Battery_*_Moderate,0,958,12,0,0,0,0,1,0,0,0,0.0,0.0,0,0,0.0,0.0,0.0,0.0,0.0,-1,1.0,0,-1.0,-1.0,0,0,0,0.0,0.0,274910.679,26591,0,205428.952,19871,0,0.15,0.15,0,0,0.0,0.0,0.0,0.0,0.0,None,0.0,0.0,0.92,0.92,0.0,1.0,10.0,0.0,0.0,0.0,0.0,0,0,0,0.0,0,0.0,0.0,0.0,0.0,0.0,1.0,1.0,0,0,0.0,0.0,0,0,0,0,0.0,0.0,1.004,0.0,0,0,0,0,0,0,0,0,0,0,0,0,0.0,0.95,0,0,0,0,0,0,0,0,0,0,0,0.0,0,0.0,0.0,0,0.0,0,0,0.0,0,0,0,0,0.0,0,0.0,0.0,0.0,15.0,0.05,15.0,26581,19863,6872,5135
NYUP_nuclear_nuclear_moderate_0,NYUP,Nuclear_Nuclear_Moderate,0,959,12,0,1,0,0,0,0,0,0,0.0,0.0,0,0,0.0,0.0,0.0,0.0,0.0,-1,2000.0,0,-1.0,-1.0,0,0,0,0.0,0.0,7229469.526,473743,0,0.0,0,0,2.36,0.0,0,0,285.0,0.0,10.45,0.0,0.0,middle_atlantic_uranium,0.5,0.0,1.0,1.0,0.0,0.0,0.0,0.041666667,0.083333333,0.0,0.0,0,0,0,0.0,0,0.0,0.0,0.0,0.0,0.0,0.25,0.25,24,24,50.0,487450.0,0,0,0,0,0.0,0.0,1.057,0.0,0,0,0,0,0,0,0,0,0,0,1,0,0.0,0.93,0,0,0,0,0,0,0,0,0,0,0,0.0,0,0.0,0.0,0,0.0,0,0,0.0,0,0,0,0,0.0,0,0.0,0.0,0.0,40.0,0.05,40.0,468463,0,145294,0
NYUP_hydrogen_fframe_ct_moderate_0,NYUP,Hydrogen_F-Frame CT_Moderate,0,960,12,0,1,0,0,0,0,0,0,0.0,0.0,0,0,0.0,0.0,0.0,0.0,0.0,-1,100.0,0,-1.0,-1.0,0,0,0,0.0,0.0,1074750.009,75997,0,0.0,0,0,6.15,0.0,0,0,137.0,3.5,9.72,0.0,0.0,hydrogen,0.3,0.0,1.0,1.0,0.0,0.0,0.0,0.0,0.0,0.0,0.0,0,0,0,0.0,0,0.0,0.0,0.0,0.0,0.0,3.78,3.78,1,1,0.0,0.0,0,0,0,0,0.0,0.0,1.087,0.0,0,0,0,0,0,0,0,0,0,0,1,0,0.0,0.93,0,0,0,0,0,0,0,0,0,0,0,0.0,0,0.0,0.0,0,0.0,0,0,0.0,0,0,0,0,0.0,0,0.0,0.0,0.0,30.0,0.05,30.0,76019,0,21509,0
NYUP_hydrogen_hframe_cc_moderate_0,NYUP,Hydrogen_H-Frame CC_Moderate,0,961,12,0,1,0,0,0,0,0,0,0.0,0.0,0,0,0.0,0.0,0.0,0.0,0.0,-1,500.0,0,-1.0,-1.0,0,0,0,0.0,0.0,1206361.156,91502,0,0.0,0,0,1.72,0.0,0,0,106.0,2.0,6.09,0.0,0.0,hydrogen,0.3,0.0,1.0,1.0,0.0,0.0,0.0,0.0,0.0,0.0,0.0,0,0,0,0.0,0,0.0,0.0,0.0,0.0,0.0,0.64,0.64,6,6,0.0,0.0,0,0,0,0,0.0,0.0,1.166,0.0,0,0,0,0,0,0,0,0,0,0,1,0,0.0,0.93,0,0,0,0,0,0,0,0,0,0,0,0.0,0,0.0,0.0,0,0.0,0,0,0.0,0,0,0,0,0.0,0,0.0,0.0,0.0,30.0,0.05,30.0,91472,0,26266,0
NYUP_landbasedwind_class3_moderate_0_anyQual_0,NYUP,LandbasedWind_Class3_Moderate_,0_anyQual_0,962,12,1,0,1,0,0,0,0,0,0.0,0.0,0,0,0.0,340.0,0.0,0.0,0.0,-1,1.0,0,340.1,-1.0,0,0,0,0.0,0.0,1065951.189,119916,160756,0.0,0,0,0.0,0.0,0,0,0.0,0.0,0.0,0.0,0.0,None,0.0,0.0,1.0,1.0,0.0,0.0,0.0,0.0,0.0,0.0,0.0,0,0,0,0.0,0,0.0,0.0,0.0,0.0,0.0,1.0,1.0,0,0,0.0,0.0,0,0,0,0,10104.941,197576.103,1.544,0.5146327018737793,0,0,0,0,0,0,0,0,0,0,1,0,0.0,0.8,0,0,0,0,0,0,0,1,0,0,0,0.0,0,0.0,0.0,0,0.0,0,0,0.0,0,1,0,0,0.0,0,0.0,0.0,0.0,30.0,0.05,30.0,117191,0,25258,0
NYUP_landbasedwind_class3_moderate_1_anyQual_1,NYUP,LandbasedWind_Class3_Moderate_,1_anyQual_1,963,12,1,0,1,0,0,0,0,0,0.0,0.0,0,0,0.0,3349.0,0.0,0.0,0.0,-1,1.0,0,3349.0,-1.0,0,0,0,0.0,0.0,1065951.189,135232,176072,0.0,0,0,0.0,0.0,0,0,0.0,0.0,0.0,0.0,0.0,None,0.0,0.0,1.0,1.0,0.0,0.0,0.0,0.0,0.0,0.0,0.0,0,0,0,0.0,0,0.0,0.0,0.0,0.0,0.0,1.0,1.0,0,0,0.0,0.0,0,0,0,0,22146.403,433016.895,1.544,0.4633106291294098,0,0,0,0,0,0,0,0,0,0,1,0,0.0,0.8,0,0,0,0,0,0,0,1,0,0,0,0.0,0,0.0,0.0,0,0.0,0,0,0.0,0,1,0,0,0.0,0,0.0,0.0,0.0,30.0,0.05,30.0,129233,0,25258,0
NYUP_landbasedwind_class3_moderate_2_anyQual_0,NYUP,LandbasedWind_Class3_Moderate_,2_anyQual_0,964,12,1,0,1,0,0,0,0,0,0.0,0.0,0,0,0.0,849.6,0.0,0.0,0.0,-1,1.0,0,849.6,-1.0,0,0,0,0.0,0.0,1065951.189,132021,172861,0.0,0,0,0.0,0.0,0,0,0.0,0.0,0.0,0.0,0.0,None,0.0,0.0,1.0,1.0,0.0,0.0,0.0,0.0,0.0,0.0,0.0,0,0,0,0.0,0,0.0,0.0,0.0,0.0,0.0,1.0,1.0,0,0,0.0,0.0,0,0,0,0,19622.115,383661.458,1.544,0.4892130196094513,0,0,0,0,0,0,0,0,0,0,1,0,0.0,0.8,0,0,0,0,0,0,0,1,0,0,0,0.0,0,0.0,0.0,0,0.0,0,0,0.0,0,1,0,0,0.0,0,0.0,0.0,0.0,30.0,0.05,30.0,126709,0,25258,0
NYUP_landbasedwind_class3_moderate_3_anyQual_1,NYUP,LandbasedWind_Class3_Moderate_,3_anyQual_1,965,12,1,0,1,0,0,0,0,0,0.0,0.0,0,0,0.0,2801.0,0.0,0.0,0.0,-1,1.0,0,2801.4,-1.0,0,0,0,0.0,0.0,1065951.189,136366,177206,0.0,0,0,0.0,0.0,0,0,0.0,0.0,0.0,0.0,0.0,None,0.0,0.0,1.0,1.0,0.0,0.0,0.0,0.0,0.0,0.0,0.0,0,0,0,0.0,0,0.0,0.0,0.0,0.0,0.0,1.0,1.0,0,0,0.0,0.0,0,0,0,0,23038.217,450454.158,1.544,0.4446756243705749,0,0,0,0,0,0,0,0,0,0,1,0,0.0,0.8,0,0,0,0,0,0,0,1,0,0,0,0.0,0,0.0,0.0,0,0.0,0,0,0.0,0,1,0,0,0.0,0,0.0,0.0,0.0,30.0,0.05,30.0,130125,0,25258,0
NYUP_landbasedwind_class3_moderate_4_anyQual_0,NYUP,LandbasedWind_Class3_Moderate_,4_anyQual_0,966,12,1,0,1,0,0,0,0,0,0.0,0.0,0,0,0.0,1404.0,0.0,0.0,0.0,-1,1.0,0,1404.2,-1.0,0,0,0,0.0,0.0,1065951.189,138440,179280,0.0,0,0,0.0,0.0,0,0,0.0,0.0,0.0,0.0,0.0,None,0.0,0.0,1.0,1.0,0.0,0.0,0.0,0.0,0.0,0.0,0.0,0,0,0,0.0,0,0.0,0.0,0.0,0.0,0.0,1.0,1.0,0,0,0.0,0.0,0,0,0,0,24668.807,482337.571,1.544,0.4474348425865173,0,0,0,0,0,0,0,0,0,0,1,0,0.0,0.8,0,0,0,0,0,0,0,1,0,0,0,0.0,0,0.0,0.0,0,0.0,0,0,0.0,0,1,0,0,0.0,0,0.0,0.0,0.0,30.0,0.05,30.0,131755,0,25258,0
NYUP_landbasedwind_class3_moderate_5_anyQual_1,NYUP,LandbasedWind_Class3_Moderate_,5_anyQual_1,967,12,1,0,1,0,0,0,0,0,0.0,0.0,0,0,0.0,2305.0,0.0,0.0,0.0,-1,1.0,0,2305.1,-1.0,0,0,0,0.0,0.0,1065951.189,135194,176033,0.0,0,0,0.0,0.0,0,0,0.0,0.0,0.0,0.0,0.0,None,0.0,0.0,1.0,1.0,0.0,0.0,0.0,0.0,0.0,0.0,0.0,0,0,0,0.0,0,0.0,0.0,0.0,0.0,0.0,1.0,1.0,0,0,0.0,0.0,0,0,0,0,22116.359,432429.577,1.544,0.4144372642040252,0,0,0,0,0,0,0,0,0,0,1,0,0.0,0.8,0,0,0,0,0,0,0,1,0,0,0,0.0,0,0.0,0.0,0,0.0,0,0,0.0,0,1,0,0,0.0,0,0.0,0.0,0.0,30.0,0.05,30.0,129203,0,25258,0
NYUP_landbasedwind_class3_moderate_6_anyQual_0,NYUP,LandbasedWind_Class3_Moderate_,6_anyQual_0,968,12,1,0,1,0,0,0,0,0,0.0,0.0,0,0,0.0,363.0,0.0,0.0,0.0,-1,1.0,0,2554.0,-1.0,0,0,0,0.0,0.0,1065951.189,153771,194611,0.0,0,0,0.0,0.0,0,0,0.0,0.0,0.0,0.0,0.0,None,0.0,0.0,1.0,1.0,0.0,0.0,0.0,0.0,0.0,0.0,0.0,0,0,0,0.0,0,0.0,0.0,0.0,0.0,0.0,1.0,1.0,0,0,0.0,0.0,0,0,0,0,36722.09,718011.984,1.544,0.4324678480625152,0,0,0,0,0,0,0,0,0,0,1,0,0.0,0.8,0,0,0,0,0,0,0,1,0,0,0,0.0,0,0.0,0.0,0,0.0,0,0,0.0,0,1,0,0,0.0,0,0.0,0.0,0.0,30.0,0.05,30.0,143809,0,25258,0
NYUP_landbasedwind_class3_moderate_7_anyQual_1,NYUP,LandbasedWind_Class3_Moderate_,7_anyQual_1,969,12,1,0,1,0,0,0,0,0,0.0,0.0,0,0,0.0,0.0,0.0,0.0,0.0,-1,1.0,0,1081.3,-1.0,0,0,0,0.0,0.0,1065951.189,136590,0,0.0,0,0,0.0,0.0,0,0,0.0,0.0,0.0,0.0,0.0,None,0.0,0.0,1.0,1.0,0.0,0.0,0.0,0.0,0.0,0.0,0.0,0,0,0,0.0,0,0.0,0.0,0.0,0.0,0.0,1.0,1.0,0,0,0.0,0.0,0,0,0,0,23214.246,453897.556,1.544,0.3727345466613769,0,0,0,0,0,0,0,0,0,0,1,0,0.0,0.8,0,0,0,0,0,0,0,1,0,0,0,0.0,0,0.0,0.0,0,0.0,0,0,0.0,0,1,0,0,0.0,0,0.0,0.0,0.0,30.0,0.05,30.0,130301,0,25258,0
NYUP_landbasedwind_class3_moderate_8_anyQual_0,NYUP,LandbasedWind_Class3_Moderate_,8_anyQual_0,970,12,1,0,1,0,0,0,0,0,0.0,0.0,0,0,0.0,0.0,0.0,0.0,0.0,-1,1.0,0,3346.6,-1.0,0,0,0,0.0,0.0,1065951.189,156428,0,0.0,0,0,0.0,0.0,0,0,0.0,0.0,0.0,0.0,0.0,None,0.0,0.0,1.0,1.0,0.0,0.0,0.0,0.0,0.0,0.0,0.0,0,0,0,0.0,0,0.0,0.0,0.0,0.0,0.0,1.0,1.0,0,0,0.0,0.0,0,0,0,0,38810.785,758851.281,1.544,0.4029874205589294,0,0,0,0,0,0,0,0,0,0,1,0,0.0,0.8,0,0,0,0,0,0,0,1,0,0,0,0.0,0,0.0,0.0,0,0.0,0,0,0.0,0,1,0,0,0.0,0,0.0,0.0,0.0,30.0,0.05,30.0,145897,0,25258,0
NYUP_landbasedwind_class3_moderate_9_anyQual_1,NYUP,LandbasedWind_Class3_Moderate_,9_anyQual_1,971,12,1,0,1,0,0,0,0,0,0.0,0.0,0,0,0.0,0.0,0.0,0.0,0.0,-1,1.0,0,414.6,-1.0,0,0,0,0.0,0.0,1065951.189,139152,0,0.0,0,0,0.0,0.0,0,0,0.0,0.0,0.0,0.0,0.0,None,0.0,0.0,1.0,1.0,0.0,0.0,0.0,0.0,0.0,0.0,0.0,0,0,0,0.0,0,0.0,0.0,0.0,0.0,0.0,1.0,1.0,0,0,0.0,0.0,0,0,0,0,25228.33,493277.386,1.544,0.3396594524383545,0,0,0,0,0,0,0,0,0,0,1,0,0.0,0.8,0,0,0,0,0,0,0,1,0,0,0,0.0,0,0.0,0.0,0,0.0,0,0,0.0,0,1,0,0,0.0,0,0.0,0.0,0.0,30.0,0.05,30.0,132315,0,25258,0
NYUP_landbasedwind_class3_moderate_10_anyQual_0,NYUP,LandbasedWind_Class3_Moderate_,10_anyQual_0,972,12,1,0,1,0,0,0,0,0,0.0,0.0,0,0,0.0,0.0,0.0,0.0,0.0,-1,1.0,0,2771.1,-1.0,0,0,0,0.0,0.0,1065951.189,158757,0,0.0,0,0,0.0,0.0,0,0,0.0,0.0,0.0,0.0,0.0,None,0.0,0.0,1.0,1.0,0.0,0.0,0.0,0.0,0.0,0.0,0.0,0,0,0,0.0,0,0.0,0.0,0.0,0.0,0.0,1.0,1.0,0,0,0.0,0.0,0,0,0,0,40642.361,794663.108,1.544,0.3449269533157348,0,0,0,0,0,0,0,0,0,0,1,0,0.0,0.8,0,0,0,0,0,0,0,1,0,0,0,0.0,0,0.0,0.0,0,0.0,0,0,0.0,0,1,0,0,0.0,0,0.0,0.0,0.0,30.0,0.05,30.0,147729,0,25258,0
NYUP_landbasedwind_class3_moderate_11_anyQual_1,NYUP,LandbasedWind_Class3_Moderate_,11_anyQual_1,973,12,1,0,1,0,0,0,0,0,0.0,0.0,0,0,0.0,0.0,0.0,0.0,0.0,-1,1.0,0,801.7,-1.0,0,0,0,0.0,0.0,1065951.189,137475,0,0.0,0,0,0.0,0.0,0,0,0.0,0.0,0.0,0.0,0.0,None,0.0,0.0,1.0,1.0,0.0,0.0,0.0,0.0,0.0,0.0,0.0,0,0,0,0.0,0,0.0,0.0,0.0,0.0,0.0,1.0,1.0,0,0,0.0,0.0,0,0,0,0,23909.883,467496.973,1.544,0.2766749858856201,0,0,0,0,0,0,0,0,0,0,1,0,0.0,0.8,0,0,0,0,0,0,0,1,0,0,0,0.0,0,0.0,0.0,0,0.0,0,0,0.0,0,1,0,0,0.0,0,0.0,0.0,0.0,30.0,0.05,30.0,130996,0,25258,0
NYUP_utilitypv_class1_moderate_0_anyQual_0,NYUP,UtilityPV_Class1_Moderate_,0_anyQual_0,974,12,1,0,1,0,0,0,0,0,0.0,0.0,0,0,0.0,9207.0,0.0,0.0,0.0,-1,1.0,0,14809.7,-1.0,0,0,0,0.0,0.0,871935.36,61734,100712,0.0,0,0,0.0,0.0,0,0,0.0,0.0,0.0,0.0,0.0,None,0.0,0.0,1.0,1.0,0.0,0.0,0.0,0.0,0.0,0.0,0.0,0,0,0,0.0,0,0.0,0.0,0.0,0.0,0.0,1.0,1.0,0,0,0.0,0.0,0,0,0,0,3584.685,70089.29,1.008,0.2420804947614669,0,0,0,0,0,0,0,0,0,0,1,0,0.0,0.8,0,0,0,0,0,0,0,1,0,0,0,0.0,0,0.0,0.0,0,0.0,0,0,0.0,0,1,0,0,0.0,0,0.0,0.0,0.0,30.0,0.05,30.0,60730,0,15760,0
NYUP_utilitypv_class1_moderate_1_anyQual_1,NYUP,UtilityPV_Class1_Moderate_,1_anyQual_1,975,12,1,0,1,0,0,0,0,0,0.0,0.0,0,0,0.0,2795.0,0.0,0.0,0.0,-1,1.0,0,5283.8,-1.0,0,0,0,0.0,0.0,871935.36,62734,101713,0.0,0,0,0.0,0.0,0,0,0.0,0.0,0.0,0.0,0.0,None,0.0,0.0,1.0,1.0,0.0,0.0,0.0,0.0,0.0,0.0,0.0,0,0,0,0.0,0,0.0,0.0,0.0,0.0,0.0,1.0,1.0,0,0,0.0,0.0,0,0,0,0,4370.662,85457.048,1.008,0.2419519126415252,0,0,0,0,0,0,0,0,0,0,1,0,0.0,0.8,0,0,0,0,0,0,0,1,0,0,0,0.0,0,0.0,0.0,0,0.0,0,0,0.0,0,1,0,0,0.0,0,0.0,0.0,0.0,30.0,0.05,30.0,61516,0,15760,0
NYUP_utilitypv_class1_moderate_2_anyQual_0,NYUP,UtilityPV_Class1_Moderate_,2_anyQual_0,976,12,1,0,1,0,0,0,0,0,0.0,0.0,0,0,0.0,0.0,0.0,0.0,0.0,-1,1.0,0,11972.8,-1.0,0,0,0,0.0,0.0,871935.36,66383,0,0.0,0,0,0.0,0.0,0,0,0.0,0.0,0.0,0.0,0.0,None,0.0,0.0,1.0,1.0,0.0,0.0,0.0,0.0,0.0,0.0,0.0,0,0,0,0.0,0,0.0,0.0,0.0,0.0,0.0,1.0,1.0,0,0,0.0,0.0,0,0,0,0,7239.724,141554.167,1.008,0.2405357211828231,0,0,0,0,0,0,0,0,0,0,1,0,0.0,0.8,0,0,0,0,0,0,0,1,0,0,0,0.0,0,0.0,0.0,0,0.0,0,0,0.0,0,1,0,0,0.0,0,0.0,0.0,0.0,30.0,0.05,30.0,64385,0,15760,0
NYUP_utilitypv_class1_moderate_3_anyQual_1,NYUP,UtilityPV_Class1_Moderate_,3_anyQual_1,977,12,1,0,1,0,0,0,0,0,0.0,0.0,0,0,0.0,0.0,0.0,0.0,0.0,-1,1.0,0,7992.2,-1.0,0,0,0,0.0,0.0,871935.36,66249,0,0.0,0,0,0.0,0.0,0,0,0.0,0.0,0.0,0.0,0.0,None,0.0,0.0,1.0,1.0,0.0,0.0,0.0,0.0,0.0,0.0,0.0,0,0,0,0.0,0,0.0,0.0,0.0,0.0,0.0,1.0,1.0,0,0,0.0,0.0,0,0,0,0,7134.601,139498.757,1.008,0.2413944602012634,0,0,0,0,0,0,0,0,0,0,1,0,0.0,0.8,0,0,0,0,0,0,0,1,0,0,0,0.0,0,0.0,0.0,0,0.0,0,0,0.0,0,1,0,0,0.0,0,0.0,0.0,0.0,30.0,0.05,30.0,64280,0,15760,0
NYUP_utilitypv_class1_moderate_4_anyQual_0,NYUP,UtilityPV_Class1_Moderate_,4_anyQual_0,978,12,1,0,1,0,0,0,0,0,0.0,0.0,0,0,0.0,0.0,0.0,0.0,0.0,-1,1.0,0,8412.1,-1.0,0,0,0,0.0,0.0,871935.36,70176,0,0.0,0,0,0.0,0.0,0,0,0.0,0.0,0.0,0.0,0.0,None,0.0,0.0,1.0,1.0,0.0,0.0,0.0,0.0,0.0,0.0,0.0,0,0,0,0.0,0,0.0,0.0,0.0,0.0,0.0,1.0,1.0,0,0,0.0,0.0,0,0,0,0,10222.344,199871.609,1.008,0.2405730932950973,0,0,0,0,0,0,0,0,0,0,1,0,0.0,0.8,0,0,0,0,0,0,0,1,0,0,0,0.0,0,0.0,0.0,0,0.0,0,0,0.0,0,1,0,0,0.0,0,0.0,0.0,0.0,30.0,0.05,30.0,67368,0,15760,0
NYUP_utilitypv_class1_moderate_5_anyQual_1,NYUP,UtilityPV_Class1_Moderate_,5_anyQual_1,979,12,1,0,1,0,0,0,0,0,0.0,0.0,0,0,0.0,0.0,0.0,0.0,0.0,-1,1.0,0,11641.9,-1.0,0,0,0,0.0,0.0,871935.36,70720,0,0.0,0,0,0.0,0.0,0,0,0.0,0.0,0.0,0.0,0.0,None,0.0,0.0,1.0,1.0,0.0,0.0,0.0,0.0,0.0,0.0,0.0,0,0,0,0.0,0,0.0,0.0,0.0,0.0,0.0,1.0,1.0,0,0,0.0,0.0,0,0,0,0,10649.707,208227.586,1.008,0.2407431155443191,0,0,0,0,0,0,0,0,0,0,1,0,0.0,0.8,0,0,0,0,0,0,0,1,0,0,0,0.0,0,0.0,0.0,0,0.0,0,0,0.0,0,1,0,0,0.0,0,0.0,0.0,0.0,30.0,0.05,30.0,67795,0,15760,0
NYUP_utilitypv_class1_moderate_6_anyQual_0,NYUP,UtilityPV_Class1_Moderate_,6_anyQual_0,980,12,1,0,1,0,0,0,0,0,0.0,0.0,0,0,0.0,0.0,0.0,0.0,0.0,-1,1.0,0,2360.3,-1.0,0,0,0,0.0,0.0,871935.36,72487,0,0.0,0,0,0.0,0.0,0,0,0.0,0.0,0.0,0.0,0.0,None,0.0,0.0,1.0,1.0,0.0,0.0,0.0,0.0,0.0,0.0,0.0,0,0,0,0.0,0,0.0,0.0,0.0,0.0,0.0,1.0,1.0,0,0,0.0,0.0,0,0,0,0,12038.998,235391.596,1.008,0.2390317320823669,0,0,0,0,0,0,0,0,0,0,1,0,0.0,0.8,0,0,0,0,0,0,0,1,0,0,0,0.0,0,0.0,0.0,0,0.0,0,0,0.0,0,1,0,0,0.0,0,0.0,0.0,0.0,30.0,0.05,30.0,69184,0,15760,0
NYUP_utilitypv_class1_moderate_7_anyQual_1,NYUP,UtilityPV_Class1_Moderate_,7_anyQual_1,981,12,1,0,1,0,0,0,0,0,0.0,0.0,0,0,0.0,0.0,0.0,0.0,0.0,-1,1.0,0,17639.6,-1.0,0,0,0,0.0,0.0,871935.36,73280,0,0.0,0,0,0.0,0.0,0,0,0.0,0.0,0.0,0.0,0.0,None,0.0,0.0,1.0,1.0,0.0,0.0,0.0,0.0,0.0,0.0,0.0,0,0,0,0.0,0,0.0,0.0,0.0,0.0,0.0,1.0,1.0,0,0,0.0,0.0,0,0,0,0,12662.64,247585.323,1.008,0.2403710335493087,0,0,0,0,0,0,0,0,0,0,1,0,0.0,0.8,0,0,0,0,0,0,0,1,0,0,0,0.0,0,0.0,0.0,0,0.0,0,0,0.0,0,1,0,0,0.0,0,0.0,0.0,0.0,30.0,0.05,30.0,69808,0,15760,0
NYUP_utilitypv_class1_moderate_8_anyQual_0,NYUP,UtilityPV_Class1_Moderate_,8_anyQual_0,982,12,1,0,1,0,0,0,0,0,0.0,0.0,0,0,0.0,0.0,0.0,0.0,0.0,-1,1.0,0,1991.4,-1.0,0,0,0,0.0,0.0,871935.36,75578,0,0.0,0,0,0.0,0.0,0,0,0.0,0.0,0.0,0.0,0.0,None,0.0,0.0,1.0,1.0,0.0,0.0,0.0,0.0,0.0,0.0,0.0,0,0,0,0.0,0,0.0,0.0,0.0,0.0,0.0,1.0,1.0,0,0,0.0,0.0,0,0,0,0,14469.107,282906.132,1.008,0.2392565608024597,0,0,0,0,0,0,0,0,0,0,1,0,0.0,0.8,0,0,0,0,0,0,0,1,0,0,0,0.0,0,0.0,0.0,0,0.0,0,0,0.0,0,1,0,0,0.0,0,0.0,0.0,0.0,30.0,0.05,30.0,71615,0,15760,0
NYUP_utilitypv_class1_moderate_9_anyQual_1,NYUP,UtilityPV_Class1_Moderate_,9_anyQual_1,983,12,1,0,1,0,0,0,0,0,0.0,0.0,0,0,0.0,0.0,0.0,0.0,0.0,-1,1.0,0,17938.3,-1.0,0,0,0,0.0,0.0,871935.36,76528,0,0.0,0,0,0.0,0.0,0,0,0.0,0.0,0.0,0.0,0.0,None,0.0,0.0,1.0,1.0,0.0,0.0,0.0,0.0,0.0,0.0,0.0,0,0,0,0.0,0,0.0,0.0,0.0,0.0,0.0,1.0,1.0,0,0,0.0,0.0,0,0,0,0,15215.933,297508.387,1.008,0.2407862246036529,0,0,0,0,0,0,0,0,0,0,1,0,0.0,0.8,0,0,0,0,0,0,0,1,0,0,0,0.0,0,0.0,0.0,0,0.0,0,0,0.0,0,1,0,0,0.0,0,0.0,0.0,0.0,30.0,0.05,30.0,72361,0,15760,0
NYUP_offshorewind_class3_moderate_fixed_0_1,NYUP,OffShoreWind_Class3_Moderate_fixed_0,1,984,12,1,0,1,0,0,0,0,0,0.0,0.0,0,0,0.0,0.0,0.0,0.0,0.0,-1,1.0,0,552.7,-1.0,0,0,0,0.0,0.0,2642898.3,282315,0,0.0,0,0,0.0,0.0,0,0,0.0,0.0,0.0,0.0,0.0,None,0.0,0.0,1.0,1.0,0.0,0.0,0.0,0.0,0.0,0.0,0.0,0,0,0,0.0,0,0.0,0.0,0.0,0.0,0.0,1.0,1.0,0,0,0.0,0.0,0,0,0,0,57053.83,1115540.734,1.22,0.4328957498073578,0,0,0,0,0,0,0,0,1,0,1,0,0.0,0.8,0,0,0,0,0,0,0,1,0,0,0,0.0,0,0.0,0.0,0,0.0,0,0,0.0,0,1,0,0,0.0,0,0.0,0.0,0.0,30.0,0.05,30.0,266765,0,82811,0
NYUP_offshorewind_class3_moderate_fixed_0_2,NYUP,OffShoreWind_Class3_Moderate_fixed_0,2,985,12,1,0,1,0,0,0,0,0,0.0,0.0,0,0,0.0,0.0,0.0,0.0,0.0,-1,1.0,0,484.9,-1.0,0,0,0,0.0,0.0,2642898.3,284921,0,0.0,0,0,0.0,0.0,0,0,0.0,0.0,0.0,0.0,0.0,None,0.0,0.0,1.0,1.0,0.0,0.0,0.0,0.0,0.0,0.0,0.0,0,0,0,0.0,0,0.0,0.0,0.0,0.0,0.0,1.0,1.0,0,0,0.0,0.0,0,0,0,0,59102.496,1155597.123,1.22,0.4504241049289703,0,0,0,0,0,0,0,0,1,0,1,0,0.0,0.8,0,0,0,0,0,0,0,1,0,0,0,0.0,0,0.0,0.0,0,0.0,0,0,0.0,0,1,0,0,0.0,0,0.0,0.0,0.0,30.0,0.05,30.0,268814,0,82811,0
NYUP_offshorewind_class3_moderate_fixed_0_3,NYUP,OffShoreWind_Class3_Moderate_fixed_0,3,986,12,1,0,1,0,0,0,0,0,0.0,0.0,0,0,0.0,0.0,0.0,0.0,0.0,-1,1.0,0,465.0,-1.0,0,0,0,0.0,0.0,2642898.3,287498,0,0.0,0,0,0.0,0.0,0,0,0.0,0.0,0.0,0.0,0.0,None,0.0,0.0,1.0,1.0,0.0,0.0,0.0,0.0,0.0,0.0,0.0,0,0,0,0.0,0,0.0,0.0,0.0,0.0,0.0,1.0,1.0,0,0,0.0,0.0,0,0,0,0,61128.795,1195216.471,1.22,0.4417023360729217,0,0,0,0,0,0,0,0,1,0,1,0,0.0,0.8,0,0,0,0,0,0,0,1,0,0,0,0.0,0,0.0,0.0,0,0.0,0,0,0.0,0,1,0,0,0.0,0,0.0,0.0,0.0,30.0,0.05,30.0,270840,0,82811,0
NYUP_offshorewind_class12_moderate_floating_0_1,NYUP,OffShoreWind_Class12_Moderate_floating_0,1,987,12,1,0,1,0,0,0,0,0,0.0,0.0,0,0,0.0,0.0,0.0,0.0,0.0,-1,1.0,0,9063.0,-1.0,0,0,0,0.0,0.0,4211164.784,404215,0,0.0,0,0,0.0,0.0,0,0,0.0,0.0,0.0,0.0,0.0,None,0.0,0.0,1.0,1.0,0.0,0.0,0.0,0.0,0.0,0.0,0.0,0,0,0,0.0,0,0.0,0.0,0.0,0.0,0.0,1.0,1.0,0,0,0.0,0.0,0,0,0,0,55039.818,1076161.892,1.22,0.4462223052978515,0,0,0,0,0,0,0,0,1,0,1,0,0.0,0.8,0,0,0,0,0,0,0,1,0,0,0,0.0,0,0.0,0.0,0,0.0,0,0,0.0,0,1,0,0,0.0,0,0.0,0.0,0.0,30.0,0.05,30.0,389192,0,72317,0
NYUP_offshorewind_class12_moderate_floating_0_2,NYUP,OffShoreWind_Class12_Moderate_floating_0,2,988,12,1,0,1,0,0,0,0,0,0.0,0.0,0,0,0.0,0.0,0.0,0.0,0.0,-1,1.0,0,8966.6,-1.0,0,0,0,0.0,0.0,4211164.784,408264,0,0.0,0,0,0.0,0.0,0,0,0.0,0.0,0.0,0.0,0.0,None,0.0,0.0,1.0,1.0,0.0,0.0,0.0,0.0,0.0,0.0,0.0,0,0,0,0.0,0,0.0,0.0,0.0,0.0,0.0,1.0,1.0,0,0,0.0,0.0,0,0,0,0,58222.801,1138396.921,1.22,0.4560568034648895,0,0,0,0,0,0,0,0,1,0,1,0,0.0,0.8,0,0,0,0,0,0,0,1,0,0,0,0.0,0,0.0,0.0,0,0.0,0,0,0.0,0,1,0,0,0.0,0,0.0,0.0,0.0,30.0,0.05,30.0,392375,0,72317,0
NYUP_offshorewind_class12_moderate_floating_0_3,NYUP,OffShoreWind_Class12_Moderate_floating_0,3,989,12,1,0,1,0,0,0,0,0,0.0,0.0,0,0,0.0,0.0,0.0,0.0,0.0,-1,1.0,0,8886.6,-1.0,0,0,0,0.0,0.0,4211164.784,413829,0,0.0,0,0,0.0,0.0,0,0,0.0,0.0,0.0,0.0,0.0,None,0.0,0.0,1.0,1.0,0.0,0.0,0.0,0.0,0.0,0.0,0.0,0,0,0,0.0,0,0.0,0.0,0.0,0.0,0.0,1.0,1.0,0,0,0.0,0.0,0,0,0,0,62597.829,1223939.339,1.22,0.4535215198993683,0,0,0,0,0,0,0,0,1,0,1,0,0.0,0.8,0,0,0,0,0,0,0,1,0,0,0,0.0,0,0.0,0.0,0,0.0,0,0,0.0,0,1,0,0,0.0,0,0.0,0.0,0.0,30.0,0.05,30.0,396750,0,72317,0
PJMC_naturalgas_hframe_cc_95_ccs_moderate_0,PJMC,NaturalGas_H-Frame CC 95% CCS_Moderate,0,990,13,0,1,0,0,0,0,0,0,0.0,0.0,0,0,0.0,0.0,0.0,0.0,0.0,-1,500.0,0,-1.0,-1.0,0,0,0,0.0,0.0,1943268.308,145033,0,0.0,0,0,8.47,0.0,0,0,106.0,2.0,6.78,0.0,0.0,east_north_central_naturalgas_ccs95,0.6,0.0,1.0,1.0,0.0,0.0,0.0,0.106666667,0.213333333,0.0,0.0,0,0,0,0.95,27,1469.015,17226.965,14.368,0.342,4.911,0.64,0.64,6,6,10.0,97490.0,0,0,0,0,0.0,0.0,1.098,0.0,0,0,0,0,0,0,0,0,0,0,0,0,0.0,0.0,0,0,0,0,0,0,0,0,0,1,0,0.0,0,0.0,0.93,0,0.0,0,0,0.0,0,0,0,0,0.0,0,0.0,0.0,0.0,30.0,0.05,30.0,144871,0,46282,0
PJMC_naturalgas_hframe_cc_moderate_0,PJMC,NaturalGas_H-Frame CC_Moderate,0,991,13,0,1,0,0,0,0,0,0,0.0,0.0,0,0,0.0,0.0,0.0,0.0,0.0,-1,500.0,0,-1.0,-1.0,0,0,0,0.0,0.0,1096691.96,95447,0,0.0,0,0,1.72,0.0,0,0,106.0,2.0,6.09,0.0,0.0,east_north_central_naturalgas,0.3,0.0,1.0,1.0,0.0,0.0,0.0,0.0,0.0,0.0,0.0,0,0,0,0.0,0,0.0,0.0,0.0,0.0,0.0,0.64,0.64,6,6,10.0,97490.0,0,0,0,0,0.0,0.0,1.249,0.0,0,0,0,0,0,0,0,0,0,0,0,0,0.0,0.0,0,0,0,0,0,0,0,0,0,0,0,0.0,0,0.0,0.93,0,0.0,0,0,0.0,0,0,0,0,0.0,0,0.0,0.0,0.0,30.0,0.05,30.0,93778,0,26266,0
PJMC_naturalgas_fframe_ct_moderate_0,PJMC,NaturalGas_F-Frame CT_Moderate,0,992,13,0,1,0,0,0,0,0,0,0.0,0.0,0,0,0.0,0.0,0.0,0.0,0.0,-1,100.0,0,-1.0,-1.0,0,0,0,0.0,0.0,977045.463,84963,0,0.0,0,0,6.15,0.0,0,0,137.0,3.5,9.72,0.0,0.0,east_north_central_naturalgas,0.3,0.0,1.0,1.0,0.0,0.0,0.0,0.0,0.0,0.0,0.0,0,0,0,0.0,0,0.0,0.0,0.0,0.0,0.0,3.78,3.78,1,1,10.0,97490.0,0,0,0,0,0.0,0.0,1.237,0.0,0,0,0,0,0,0,0,0,0,0,0,0,0.0,0.0,0,0,0,0,0,0,0,0,0,0,0,0.0,0,0.0,0.93,0,0.0,0,0,0.0,0,0,0,0,0.0,0,0.0,0.0,0.0,30.0,0.05,30.0,83236,0,21509,0
PJMC_battery_moderate_0,PJMC,Battery_*_Moderate,0,993,13,0,0,0,0,1,0,0,0,0.0,0.0,0,0,0.0,0.0,0.0,0.0,0.0,-1,1.0,0,-1.0,-1.0,0,0,0,0.0,0.0,274910.679,26750,0,205428.952,19989,0,0.15,0.15,0,0,0.0,0.0,0.0,0.0,0.0,None,0.0,0.0,0.92,0.92,0.0,1.0,10.0,0.0,0.0,0.0,0.0,0,0,0,0.0,0,0.0,0.0,0.0,0.0,0.0,1.0,1.0,0,0,0.0,0.0,0,0,0,0,0.0,0.0,1.01,0.0,0,0,0,0,0,0,0,0,0,0,0,0,0.0,0.0,0,0,0,0,0,0,0,0,0,0,0,0.0,0,0.0,0.95,0,0.0,0,0,0.0,0,0,0,0,0.0,0,0.0,0.0,0.0,15.0,0.05,15.0,26753,19991,6872,5135
PJMC_nuclear_nuclear_moderate_0,PJMC,Nuclear_Nuclear_Moderate,0,994,13,0,1,0,0,0,0,0,0,0.0,0.0,0,0,0.0,0.0,0.0,0.0,0.0,-1,2000.0,0,-1.0,-1.0,0,0,0,0.0,0.0,7229469.526,541154,0,0.0,0,0,2.36,0.0,0,0,285.0,0.0,10.45,0.0,0.0,east_north_central_uranium,0.5,0.0,1.0,1.0,0.0,0.0,0.0,0.041666667,0.083333333,0.0,0.0,0,0,0,0.0,0,0.0,0.0,0.0,0.0,0.0,0.25,0.25,24,24,50.0,487450.0,0,0,0,0,0.0,0.0,1.217,0.0,0,0,0,0,0,0,0,0,0,0,0,0,0.0,0.0,0,0,0,0,0,0,0,0,0,1,0,0.0,0,0.0,0.93,0,0.0,0,0,0.0,0,0,0,0,0.0,0,0.0,0.0,0.0,40.0,0.05,40.0,535959,0,145294,0
PJMC_hydrogen_fframe_ct_moderate_0,PJMC,Hydrogen_F-Frame CT_Moderate,0,995,13,0,1,0,0,0,0,0,0,0.0,0.0,0,0,0.0,0.0,0.0,0.0,0.0,-1,100.0,0,-1.0,-1.0,0,0,0,0.0,0.0,1074750.009,86484,0,0.0,0,0,6.15,0.0,0,0,137.0,3.5,9.72,0.0,0.0,hydrogen,0.3,0.0,1.0,1.0,0.0,0.0,0.0,0.0,0.0,0.0,0.0,0,0,0,0.0,0,0.0,0.0,0.0,0.0,0.0,3.78,3.78,1,1,0.0,0.0,0,0,0,0,0.0,0.0,1.237,0.0,0,0,0,0,0,0,0,0,0,0,0,0,0.0,0.0,0,0,0,0,0,0,0,0,0,1,0,0.0,0,0.0,0.93,0,0.0,0,0,0.0,0,0,0,0,0.0,0,0.0,0.0,0.0,30.0,0.05,30.0,86457,0,21509,0
PJMC_hydrogen_hframe_cc_moderate_0,PJMC,Hydrogen_H-Frame CC_Moderate,0,996,13,0,1,0,0,0,0,0,0,0.0,0.0,0,0,0.0,0.0,0.0,0.0,0.0,-1,500.0,0,-1.0,-1.0,0,0,0,0.0,0.0,1206361.156,98016,0,0.0,0,0,1.72,0.0,0,0,106.0,2.0,6.09,0.0,0.0,hydrogen,0.3,0.0,1.0,1.0,0.0,0.0,0.0,0.0,0.0,0.0,0.0,0,0,0,0.0,0,0.0,0.0,0.0,0.0,0.0,0.64,0.64,6,6,0.0,0.0,0,0,0,0,0.0,0.0,1.249,0.0,0,0,0,0,0,0,0,0,0,0,0,0,0.0,0.0,0,0,0,0,0,0,0,0,0,1,0,0.0,0,0.0,0.93,0,0.0,0,0,0.0,0,0,0,0,0.0,0,0.0,0.0,0.0,30.0,0.05,30.0,98053,0,26266,0
PJMC_utilitypv_class1_moderate_0_anyQual_0,PJMC,UtilityPV_Class1_Moderate_,0_anyQual_0,997,13,1,0,1,0,0,0,0,0,0.0,0.0,0,0,0.0,4996.0,0.0,0.0,0.0,-1,1.0,0,7236.7,-1.0,0,0,0,0.0,0.0,871935.36,65012,105180,0.0,0,0,0.0,0.0,0,0,0.0,0.0,0.0,0.0,0.0,None,0.0,0.0,1.0,1.0,0.0,0.0,0.0,0.0,0.0,0.0,0.0,0,0,0,0.0,0,0.0,0.0,0.0,0.0,0.0,1.0,1.0,0,0,0.0,0.0,0,0,0,0,3441.966,67298.791,1.069,0.2557841837406158,0,0,0,0,0,0,0,0,0,0,0,0,0.0,0.0,0,0,0,0,0,0,0,1,0,1,0,0.0,1,0.0,0.8,0,0.0,0,0,0.0,0,0,0,0,0.0,0,0.0,0.0,0.0,30.0,0.05,30.0,64082,0,15760,0
PJMC_utilitypv_class1_moderate_1_anyQual_1,PJMC,UtilityPV_Class1_Moderate_,1_anyQual_1,998,13,1,0,1,0,0,0,0,0,0.0,0.0,0,0,0.0,0.0,0.0,0.0,0.0,-1,1.0,0,2787.8,-1.0,0,0,0,0.0,0.0,871935.36,67156,0,0.0,0,0,0.0,0.0,0,0,0.0,0.0,0.0,0.0,0.0,None,0.0,0.0,1.0,1.0,0.0,0.0,0.0,0.0,0.0,0.0,0.0,0,0,0,0.0,0,0.0,0.0,0.0,0.0,0.0,1.0,1.0,0,0,0.0,0.0,0,0,0,0,5127.794,100260.812,1.069,0.2559431493282318,0,0,0,0,0,0,0,0,0,0,0,0,0.0,0.0,0,0,0,0,0,0,0,1,0,1,0,0.0,1,0.0,0.8,0,0.0,0,0,0.0,0,0,0,0,0.0,0,0.0,0.0,0.0,30.0,0.05,30.0,65768,0,15760,0
PJMC_utilitypv_class1_moderate_2_anyQual_0,PJMC,UtilityPV_Class1_Moderate_,2_anyQual_0,999,13,1,0,1,0,0,0,0,0,0.0,0.0,0,0,0.0,0.0,0.0,0.0,0.0,-1,1.0,0,6287.7,-1.0,0,0,0,0.0,0.0,871935.36,67553,0,0.0,0,0,0.0,0.0,0,0,0.0,0.0,0.0,0.0,0.0,None,0.0,0.0,1.0,1.0,0.0,0.0,0.0,0.0,0.0,0.0,0.0,0,0,0,0.0,0,0.0,0.0,0.0,0.0,0.0,1.0,1.0,0,0,0.0,0.0,0,0,0,0,5439.877,106362.788,1.069,0.2557563781738281,0,0,0,0,0,0,0,0,0,0,0,0,0.0,0.0,0,0,0,0,0,0,0,1,0,1,0,0.0,1,0.0,0.8,0,0.0,0,0,0.0,0,0,0,0,0.0,0,0.0,0.0,0.0,30.0,0.05,30.0,66080,0,15760,0
PJMC_utilitypv_class1_moderate_3_anyQual_1,PJMC,UtilityPV_Class1_Moderate_,3_anyQual_1,1000,13,1,0,1,0,0,0,0,0,0.0,0.0,0,0,0.0,0.0,0.0,0.0,0.0,-1,1.0,0,3720.7,-1.0,0,0,0,0.0,0.0,871935.36,69499,0,0.0,0,0,0.0,0.0,0,0,0.0,0.0,0.0,0.0,0.0,None,0.0,0.0,1.0,1.0,0.0,0.0,0.0,0.0,0.0,0.0,0.0,0,0,0,0.0,0,0.0,0.0,0.0,0.0,0.0,1.0,1.0,0,0,0.0,0.0,0,0,0,0,6969.298,136266.666,1.069,0.2562738955020904,0,0,0,0,0,0,0,0,0,0,0,0,0.0,0.0,0,0,0,0,0,0,0,1,0,1,0,0.0,1,0.0,0.8,0,0.0,0,0,0.0,0,0,0,0,0.0,0,0.0,0.0,0.0,30.0,0.05,30.0,67610,0,15760,0
PJMC_utilitypv_class1_moderate_4_anyQual_0,PJMC,UtilityPV_Class1_Moderate_,4_anyQual_0,1001,13,1,0,1,0,0,0,0,0,0.0,0.0,0,0,0.0,0.0,0.0,0.0,0.0,-1,1.0,0,6206.9,-1.0,0,0,0,0.0,0.0,871935.36,68969,0,0.0,0,0,0.0,0.0,0,0,0.0,0.0,0.0,0.0,0.0,None,0.0,0.0,1.0,1.0,0.0,0.0,0.0,0.0,0.0,0.0,0.0,0,0,0,0.0,0,0.0,0.0,0.0,0.0,0.0,1.0,1.0,0,0,0.0,0.0,0,0,0,0,6553.156,128130.091,1.069,0.25546795129776,0,0,0,0,0,0,0,0,0,0,0,0,0.0,0.0,0,0,0,0,0,0,0,1,0,1,0,0.0,1,0.0,0.8,0,0.0,0,0,0.0,0,0,0,0,0.0,0,0.0,0.0,0.0,30.0,0.05,30.0,67194,0,15760,0
PJMC_utilitypv_class1_moderate_5_anyQual_1,PJMC,UtilityPV_Class1_Moderate_,5_anyQual_1,1002,13,1,0,1,0,0,0,0,0,0.0,0.0,0,0,0.0,0.0,0.0,0.0,0.0,-1,1.0,0,3867.7,-1.0,0,0,0,0.0,0.0,871935.36,70719,0,0.0,0,0,0.0,0.0,0,0,0.0,0.0,0.0,0.0,0.0,None,0.0,0.0,1.0,1.0,0.0,0.0,0.0,0.0,0.0,0.0,0.0,0,0,0,0.0,0,0.0,0.0,0.0,0.0,0.0,1.0,1.0,0,0,0.0,0.0,0,0,0,0,7929.015,155031.466,1.069,0.2561622858047485,0,0,0,0,0,0,0,0,0,0,0,0,0.0,0.0,0,0,0,0,0,0,0,1,0,1,0,0.0,1,0.0,0.8,0,0.0,0,0,0.0,0,0,0,0,0.0,0,0.0,0.0,0.0,30.0,0.05,30.0,68570,0,15760,0
PJMC_utilitypv_class1_moderate_6_anyQual_0,PJMC,UtilityPV_Class1_Moderate_,6_anyQual_0,1003,13,1,0,1,0,0,0,0,0,0.0,0.0,0,0,0.0,0.0,0.0,0.0,0.0,-1,1.0,0,6890.9,-1.0,0,0,0,0.0,0.0,871935.36,70402,0,0.0,0,0,0.0,0.0,0,0,0.0,0.0,0.0,0.0,0.0,None,0.0,0.0,1.0,1.0,0.0,0.0,0.0,0.0,0.0,0.0,0.0,0,0,0,0.0,0,0.0,0.0,0.0,0.0,0.0,1.0,1.0,0,0,0.0,0.0,0,0,0,0,7679.751,150157.763,1.069,0.255236804485321,0,0,0,0,0,0,0,0,0,0,0,0,0.0,0.0,0,0,0,0,0,0,0,1,0,1,0,0.0,1,0.0,0.8,0,0.0,0,0,0.0,0,0,0,0,0.0,0,0.0,0.0,0.0,30.0,0.05,30.0,68320,0,15760,0
PJMC_utilitypv_class1_moderate_7_anyQual_1,PJMC,UtilityPV_Class1_Moderate_,7_anyQual_1,1004,13,1,0,1,0,0,0,0,0,0.0,0.0,0,0,0.0,0.0,0.0,0.0,0.0,-1,1.0,0,3125.9,-1.0,0,0,0,0.0,0.0,871935.36,71549,0,0.0,0,0,0.0,0.0,0,0,0.0,0.0,0.0,0.0,0.0,None,0.0,0.0,1.0,1.0,0.0,0.0,0.0,0.0,0.0,0.0,0.0,0,0,0,0.0,0,0.0,0.0,0.0,0.0,0.0,1.0,1.0,0,0,0.0,0.0,0,0,0,0,8581.14,167782.094,1.069,0.2561276853084564,0,0,0,0,0,0,0,0,0,0,0,0,0.0,0.0,0,0,0,0,0,0,0,1,0,1,0,0.0,1,0.0,0.8,0,0.0,0,0,0.0,0,0,0,0,0.0,0,0.0,0.0,0.0,30.0,0.05,30.0,69222,0,15760,0
PJMC_utilitypv_class1_moderate_8_anyQual_0,PJMC,UtilityPV_Class1_Moderate_,8_anyQual_0,1005,13,1,0,1,0,0,0,0,0,0.0,0.0,0,0,0.0,0.0,0.0,0.0,0.0,-1,1.0,0,7444.2,-1.0,0,0,0,0.0,0.0,871935.36,71498,0,0.0,0,0,0.0,0.0,0,0,0.0,0.0,0.0,0.0,0.0,None,0.0,0.0,1.0,1.0,0.0,0.0,0.0,0.0,0.0,0.0,0.0,0,0,0,0.0,0,0.0,0.0,0.0,0.0,0.0,1.0,1.0,0,0,0.0,0.0,0,0,0,0,8540.809,166993.532,1.069,0.2559859156608581,0,0,0,0,0,0,0,0,0,0,0,0,0.0,0.0,0,0,0,0,0,0,0,1,0,1,0,0.0,1,0.0,0.8,0,0.0,0,0,0.0,0,0,0,0,0.0,0,0.0,0.0,0.0,30.0,0.05,30.0,69181,0,15760,0
PJMC_utilitypv_class1_moderate_9_anyQual_1,PJMC,UtilityPV_Class1_Moderate_,9_anyQual_1,1006,13,1,0,1,0,0,0,0,0,0.0,0.0,0,0,0.0,0.0,0.0,0.0,0.0,-1,1.0,0,2481.1,-1.0,0,0,0,0.0,0.0,871935.36,72076,0,0.0,0,0,0.0,0.0,0,0,0.0,0.0,0.0,0.0,0.0,None,0.0,0.0,1.0,1.0,0.0,0.0,0.0,0.0,0.0,0.0,0.0,0,0,0,0.0,0,0.0,0.0,0.0,0.0,0.0,1.0,1.0,0,0,0.0,0.0,0,0,0,0,8995.971,175893.043,1.069,0.255455732345581,0,0,0,0,0,0,0,0,0,0,0,0,0.0,0.0,0,0,0,0,0,0,0,1,0,1,0,0.0,1,0.0,0.8,0,0.0,0,0,0.0,0,0,0,0,0.0,0,0.0,0.0,0.0,30.0,0.05,30.0,69636,0,15760,0
PJMC_landbasedwind_class3_moderate_0_anyQual_0,PJMC,LandbasedWind_Class3_Moderate_,0_anyQual_0,1007,13,1,0,1,0,0,0,0,0,0.0,0.0,0,0,0.0,2193.9,0.0,0.0,0.0,-1,1.0,0,2193.9,-1.0,0,0,0,0.0,0.0,1065951.189,105037,143441,0.0,0,0,0.0,0.0,0,0,0.0,0.0,0.0,0.0,0.0,None,0.0,0.0,1.0,1.0,0.0,0.0,0.0,0.0,0.0,0.0,0.0,0,0,0,0.0,0,0.0,0.0,0.0,0.0,0.0,1.0,1.0,0,0,0.0,0.0,0,0,0,0,13617.154,266249.784,1.265,0.4415589570999145,0,0,0,0,0,0,0,0,0,0,0,0,0.0,0.0,0,0,0,0,0,0,0,1,0,1,0,0.0,1,0.0,0.8,0,0.0,0,0,0.0,0,0,0,0,0.0,0,0.0,0.0,0.0,30.0,0.05,30.0,101306,0,25258,0
PJMC_landbasedwind_class3_moderate_2_anyQual_1,PJMC,LandbasedWind_Class3_Moderate_,2_anyQual_1,1008,13,1,0,1,0,0,0,0,0,0.0,0.0,0,0,0.0,1627.0,0.0,0.0,0.0,-1,1.0,0,1627.3,-1.0,0,0,0,0.0,0.0,1065951.189,101699,140104,0.0,0,0,0.0,0.0,0,0,0.0,0.0,0.0,0.0,0.0,None,0.0,0.0,1.0,1.0,0.0,0.0,0.0,0.0,0.0,0.0,0.0,0,0,0,0.0,0,0.0,0.0,0.0,0.0,0.0,1.0,1.0,0,0,0.0,0.0,0,0,0,0,10992.698,214933.897,1.265,0.4261957705020904,0,0,0,0,0,0,0,0,0,0,0,0,0.0,0.0,0,0,0,0,0,0,0,1,0,1,0,0.0,1,0.0,0.8,0,0.0,0,0,0.0,0,0,0,0,0.0,0,0.0,0.0,0.0,30.0,0.05,30.0,98681,0,25258,0
PJMC_landbasedwind_class3_moderate_5_anyQual_0,PJMC,LandbasedWind_Class3_Moderate_,5_anyQual_0,1009,13,1,0,1,0,0,0,0,0,0.0,0.0,0,0,0.0,0.0,0.0,0.0,0.0,-1,1.0,0,3110.1,-1.0,0,0,0,0.0,0.0,1065951.189,118129,0,0.0,0,0,0.0,0.0,0,0,0.0,0.0,0.0,0.0,0.0,None,0.0,0.0,1.0,1.0,0.0,0.0,0.0,0.0,0.0,0.0,0.0,0,0,0,0.0,0,0.0,0.0,0.0,0.0,0.0,1.0,1.0,0,0,0.0,0.0,0,0,0,0,23910.254,467507.261,1.265,0.4438144266605377,0,0,0,0,0,0,0,0,0,0,0,0,0.0,0.0,0,0,0,0,0,0,0,1,0,1,0,0.0,1,0.0,0.8,0,0.0,0,0,0.0,0,0,0,0,0.0,0,0.0,0.0,0.0,30.0,0.05,30.0,111599,0,25258,0
PJMC_landbasedwind_class3_moderate_9_anyQual_1,PJMC,LandbasedWind_Class3_Moderate_,9_anyQual_1,1010,13,1,0,1,0,0,0,0,0,0.0,0.0,0,0,0.0,0.0,0.0,0.0,0.0,-1,1.0,0,699.7,-1.0,0,0,0,0.0,0.0,1065951.189,118630,0,0.0,0,0,0.0,0.0,0,0,0.0,0.0,0.0,0.0,0.0,None,0.0,0.0,1.0,1.0,0.0,0.0,0.0,0.0,0.0,0.0,0.0,0,0,0,0.0,0,0.0,0.0,0.0,0.0,0.0,1.0,1.0,0,0,0.0,0.0,0,0,0,0,24304.398,475202.021,1.265,0.443504273891449,0,0,0,0,0,0,0,0,0,0,0,0,0.0,0.0,0,0,0,0,0,0,0,1,0,1,0,0.0,1,0.0,0.8,0,0.0,0,0,0.0,0,0,0,0,0.0,0,0.0,0.0,0.0,30.0,0.05,30.0,111993,0,25258,0
PJMC_landbasedwind_class3_moderate_14_anyQual_0,PJMC,LandbasedWind_Class3_Moderate_,14_anyQual_0,1011,13,1,0,1,0,0,0,0,0,0.0,0.0,0,0,0.0,0.0,0.0,0.0,0.0,-1,1.0,0,2678.9,-1.0,0,0,0,0.0,0.0,1065951.189,119237,0,0.0,0,0,0.0,0.0,0,0,0.0,0.0,0.0,0.0,0.0,None,0.0,0.0,1.0,1.0,0.0,0.0,0.0,0.0,0.0,0.0,0.0,0,0,0,0.0,0,0.0,0.0,0.0,0.0,0.0,1.0,1.0,0,0,0.0,0.0,0,0,0,0,24781.452,484541.484,1.265,0.4375471770763397,0,0,0,0,0,0,0,0,0,0,0,0,0.0,0.0,0,0,0,0,0,0,0,1,0,1,0,0.0,1,0.0,0.8,0,0.0,0,0,0.0,0,0,0,0,0.0,0,0.0,0.0,0.0,30.0,0.05,30.0,112470,0,25258,0
PJMC_landbasedwind_class3_moderate_20_anyQual_1,PJMC,LandbasedWind_Class3_Moderate_,20_anyQual_1,1012,13,1,0,1,0,0,0,0,0,0.0,0.0,0,0,0.0,0.0,0.0,0.0,0.0,-1,1.0,0,1145.5,-1.0,0,0,0,0.0,0.0,1065951.189,117346,0,0.0,0,0,0.0,0.0,0,0,0.0,0.0,0.0,0.0,0.0,None,0.0,0.0,1.0,1.0,0.0,0.0,0.0,0.0,0.0,0.0,0.0,0,0,0,0.0,0,0.0,0.0,0.0,0.0,0.0,1.0,1.0,0,0,0.0,0.0,0,0,0,0,23296.541,455467.488,1.265,0.4351437389850616,0,0,0,0,0,0,0,0,0,0,0,0,0.0,0.0,0,0,0,0,0,0,0,1,0,1,0,0.0,1,0.0,0.8,0,0.0,0,0,0.0,0,0,0,0,0.0,0,0.0,0.0,0.0,30.0,0.05,30.0,110985,0,25258,0
PJMC_landbasedwind_class3_moderate_27_anyQual_0,PJMC,LandbasedWind_Class3_Moderate_,27_anyQual_0,1013,13,1,0,1,0,0,0,0,0,0.0,0.0,0,0,0.0,0.0,0.0,0.0,0.0,-1,1.0,0,3058.3,-1.0,0,0,0,0.0,0.0,1065951.189,116328,0,0.0,0,0,0.0,0.0,0,0,0.0,0.0,0.0,0.0,0.0,None,0.0,0.0,1.0,1.0,0.0,0.0,0.0,0.0,0.0,0.0,0.0,0,0,0,0.0,0,0.0,0.0,0.0,0.0,0.0,1.0,1.0,0,0,0.0,0.0,0,0,0,0,22494.767,439816.244,1.265,0.4331551790237427,0,0,0,0,0,0,0,0,0,0,0,0,0.0,0.0,0,0,0,0,0,0,0,1,0,1,0,0.0,1,0.0,0.8,0,0.0,0,0,0.0,0,0,0,0,0.0,0,0.0,0.0,0.0,30.0,0.05,30.0,110183,0,25258,0
PJMC_landbasedwind_class3_moderate_35_anyQual_1,PJMC,LandbasedWind_Class3_Moderate_,35_anyQual_1,1014,13,1,0,1,0,0,0,0,0,0.0,0.0,0,0,0.0,0.0,0.0,0.0,0.0,-1,1.0,0,737.0,-1.0,0,0,0,0.0,0.0,1065951.189,110119,0,0.0,0,0,0.0,0.0,0,0,0.0,0.0,0.0,0.0,0.0,None,0.0,0.0,1.0,1.0,0.0,0.0,0.0,0.0,0.0,0.0,0.0,0,0,0,0.0,0,0.0,0.0,0.0,0.0,0.0,1.0,1.0,0,0,0.0,0.0,0,0,0,0,17613.759,344372.965,1.265,0.4357654750347137,0,0,0,0,0,0,0,0,0,0,0,0,0.0,0.0,0,0,0,0,0,0,0,1,0,1,0,0.0,1,0.0,0.8,0,0.0,0,0,0.0,0,0,0,0,0.0,0,0.0,0.0,0.0,30.0,0.05,30.0,105302,0,25258,0
PJMC_landbasedwind_class3_moderate_44_anyQual_0,PJMC,LandbasedWind_Class3_Moderate_,44_anyQual_0,1015,13,1,0,1,0,0,0,0,0,0.0,0.0,0,0,0.0,0.0,0.0,0.0,0.0,-1,1.0,0,3049.2,-1.0,0,0,0,0.0,0.0,1065951.189,115443,0,0.0,0,0,0.0,0.0,0,0,0.0,0.0,0.0,0.0,0.0,None,0.0,0.0,1.0,1.0,0.0,0.0,0.0,0.0,0.0,0.0,0.0,0,0,0,0.0,0,0.0,0.0,0.0,0.0,0.0,1.0,1.0,0,0,0.0,0.0,0,0,0,0,21799.39,426214.004,1.265,0.4282201528549194,0,0,0,0,0,0,0,0,0,0,0,0,0.0,0.0,0,0,0,0,0,0,0,1,0,1,0,0.0,1,0.0,0.8,0,0.0,0,0,0.0,0,0,0,0,0.0,0,0.0,0.0,0.0,30.0,0.05,30.0,109488,0,25258,0
PJMC_landbasedwind_class3_moderate_54_anyQual_1,PJMC,LandbasedWind_Class3_Moderate_,54_anyQual_1,1016,13,1,0,1,0,0,0,0,0,0.0,0.0,0,0,0.0,0.0,0.0,0.0,0.0,-1,1.0,0,813.0,-1.0,0,0,0,0.0,0.0,1065951.189,112888,0,0.0,0,0,0.0,0.0,0,0,0.0,0.0,0.0,0.0,0.0,None,0.0,0.0,1.0,1.0,0.0,0.0,0.0,0.0,0.0,0.0,0.0,0,0,0,0.0,0,0.0,0.0,0.0,0.0,0.0,1.0,1.0,0,0,0.0,0.0,0,0,0,0,19789.842,386933.349,1.265,0.4241664409637451,0,0,0,0,0,0,0,0,0,0,0,0,0.0,0.0,0,0,0,0,0,0,0,1,0,1,0,0.0,1,0.0,0.8,0,0.0,0,0,0.0,0,0,0,0,0.0,0,0.0,0.0,0.0,30.0,0.05,30.0,107478,0,25258,0
PJMC_landbasedwind_class3_moderate_65_anyQual_0,PJMC,LandbasedWind_Class3_Moderate_,65_anyQual_0,1017,13,1,0,1,0,0,0,0,0,0.0,0.0,0,0,0.0,0.0,0.0,0.0,0.0,-1,1.0,0,2834.4,-1.0,0,0,0,0.0,0.0,1065951.189,114870,0,0.0,0,0,0.0,0.0,0,0,0.0,0.0,0.0,0.0,0.0,None,0.0,0.0,1.0,1.0,0.0,0.0,0.0,0.0,0.0,0.0,0.0,0,0,0,0.0,0,0.0,0.0,0.0,0.0,0.0,1.0,1.0,0,0,0.0,0.0,0,0,0,0,21348.677,417397.66,1.265,0.4055375754833221,0,0,0,0,0,0,0,0,0,0,0,0,0.0,0.0,0,0,0,0,0,0,0,1,0,1,0,0.0,1,0.0,0.8,0,0.0,0,0,0.0,0,0,0,0,0.0,0,0.0,0.0,0.0,30.0,0.05,30.0,109037,0,25258,0
PJMC_landbasedwind_class3_moderate_77_anyQual_1,PJMC,LandbasedWind_Class3_Moderate_,77_anyQual_1,1018,13,1,0,1,0,0,0,0,0,0.0,0.0,0,0,0.0,0.0,0.0,0.0,0.0,-1,1.0,0,918.9,-1.0,0,0,0,0.0,0.0,1065951.189,135920,0,0.0,0,0,0.0,0.0,0,0,0.0,0.0,0.0,0.0,0.0,None,0.0,0.0,1.0,1.0,0.0,0.0,0.0,0.0,0.0,0.0,0.0,0,0,0,0.0,0,0.0,0.0,0.0,0.0,0.0,1.0,1.0,0,0,0.0,0.0,0,0,0,0,37897.48,740989.152,1.265,0.4071776568889618,0,0,0,0,0,0,0,0,0,0,0,0,0.0,0.0,0,0,0,0,0,0,0,1,0,1,0,0.0,1,0.0,0.8,0,0.0,0,0,0.0,0,0,0,0,0.0,0,0.0,0.0,0.0,30.0,0.05,30.0,125586,0,25258,0
PJMC_offshorewind_class3_moderate_fixed_0_1,PJMC,OffShoreWind_Class3_Moderate_fixed_0,1,1019,13,1,0,1,0,0,0,0,0,0.0,0.0,0,0,0.0,0.0,0.0,0.0,0.0,-1,1.0,0,1200.0,-1.0,0,0,0,0.0,0.0,2642898.3,284624,0,0.0,0,0,0.0,0.0,0,0,0.0,0.0,0.0,0.0,0.0,None,0.0,0.0,1.0,1.0,0.0,0.0,0.0,0.0,0.0,0.0,0.0,0,0,0,0.0,0,0.0,0.0,0.0,0.0,0.0,1.0,1.0,0,0,0.0,0.0,0,0,0,0,44811.412,876171.777,1.324,0.4311611950397491,0,0,0,0,0,0,0,0,0,0,0,0,0.0,0.0,0,0,0,0,0,0,0,1,0,1,0,0.0,1,0.0,0.8,0,0.0,0,0,0.0,0,0,0,0,0.0,0,0.0,0.0,0.0,30.0,0.05,30.0,272422,0,82811,0
PJMC_offshorewind_class3_moderate_fixed_0_2,PJMC,OffShoreWind_Class3_Moderate_fixed_0,2,1020,13,1,0,1,0,0,0,0,0,0.0,0.0,0,0,0.0,0.0,0.0,0.0,0.0,-1,1.0,0,1120.0,-1.0,0,0,0,0.0,0.0,2642898.3,287844,0,0.0,0,0,0.0,0.0,0,0,0.0,0.0,0.0,0.0,0.0,None,0.0,0.0,1.0,1.0,0.0,0.0,0.0,0.0,0.0,0.0,0.0,0,0,0,0.0,0,0.0,0.0,0.0,0.0,0.0,1.0,1.0,0,0,0.0,0.0,0,0,0,0,47342.861,925667.729,1.324,0.4445179402828216,0,0,0,0,0,0,0,0,0,0,0,0,0.0,0.0,0,0,0,0,0,0,0,1,0,1,0,0.0,1,0.0,0.8,0,0.0,0,0,0.0,0,0,0,0,0.0,0,0.0,0.0,0.0,30.0,0.05,30.0,274953,0,82811,0
PJMC_offshorewind_class3_moderate_fixed_0_3,PJMC,OffShoreWind_Class3_Moderate_fixed_0,3,1021,13,1,0,1,0,0,0,0,0,0.0,0.0,0,0,0.0,0.0,0.0,0.0,0.0,-1,1.0,0,1120.0,-1.0,0,0,0,0.0,0.0,2642898.3,291248,0,0.0,0,0,0.0,0.0,0,0,0.0,0.0,0.0,0.0,0.0,None,0.0,0.0,1.0,1.0,0.0,0.0,0.0,0.0,0.0,0.0,0.0,0,0,0,0.0,0,0.0,0.0,0.0,0.0,0.0,1.0,1.0,0,0,0.0,0.0,0,0,0,0,50019.298,977998.572,1.324,0.4206568598747253,0,0,0,0,0,0,0,0,0,0,0,0,0.0,0.0,0,0,0,0,0,0,0,1,0,1,0,0.0,1,0.0,0.8,0,0.0,0,0,0.0,0,0,0,0,0.0,0,0.0,0.0,0.0,30.0,0.05,30.0,277630,0,82811,0
PJMC_offshorewind_class12_moderate_floating_0_1,PJMC,OffShoreWind_Class12_Moderate_floating_0,1,1022,13,1,0,1,0,0,0,0,0,0.0,0.0,0,0,0.0,0.0,0.0,0.0,0.0,-1,1.0,0,12544.0,-1.0,0,0,0,0.0,0.0,4211164.784,431884,0,0.0,0,0,0.0,0.0,0,0,0.0,0.0,0.0,0.0,0.0,None,0.0,0.0,1.0,1.0,0.0,0.0,0.0,0.0,0.0,0.0,0.0,0,0,0,0.0,0,0.0,0.0,0.0,0.0,0.0,1.0,1.0,0,0,0.0,0.0,0,0,0,0,54393.958,1063533.761,1.324,0.4389714896678924,0,0,0,0,0,0,0,0,0,0,0,0,0.0,0.0,0,0,0,0,0,0,0,1,0,1,0,0.0,1,0.0,0.8,0,0.0,0,0,0.0,0,0,0,0,0.0,0,0.0,0.0,0.0,30.0,0.05,30.0,417067,0,72317,0
PJMC_offshorewind_class12_moderate_floating_0_2,PJMC,OffShoreWind_Class12_Moderate_floating_0,2,1023,13,1,0,1,0,0,0,0,0,0.0,0.0,0,0,0.0,0.0,0.0,0.0,0.0,-1,1.0,0,12544.0,-1.0,0,0,0,0.0,0.0,4211164.784,437970,0,0.0,0,0,0.0,0.0,0,0,0.0,0.0,0.0,0.0,0.0,None,0.0,0.0,1.0,1.0,0.0,0.0,0.0,0.0,0.0,0.0,0.0,0,0,0,0.0,0,0.0,0.0,0.0,0.0,0.0,1.0,1.0,0,0,0.0,0.0,0,0,0,0,59179.085,1157094.603,1.324,0.4469800889492035,0,0,0,0,0,0,0,0,0,0,0,0,0.0,0.0,0,0,0,0,0,0,0,1,0,1,0,0.0,1,0.0,0.8,0,0.0,0,0,0.0,0,0,0,0,0.0,0,0.0,0.0,0.0,30.0,0.05,30.0,421853,0,72317,0
PJMC_offshorewind_class12_moderate_floating_0_3,PJMC,OffShoreWind_Class12_Moderate_floating_0,3,1024,13,1,0,1,0,0,0,0,0,0.0,0.0,0,0,0.0,0.0,0.0,0.0,0.0,-1,1.0,0,12544.0,-1.0,0,0,0,0.0,0.0,4211164.784,442577,0,0.0,0,0,0.0,0.0,0,0,0.0,0.0,0.0,0.0,0.0,None,0.0,0.0,1.0,1.0,0.0,0.0,0.0,0.0,0.0,0.0,0.0,0,0,0,0.0,0,0.0,0.0,0.0,0.0,0.0,1.0,1.0,0,0,0.0,0.0,0,0,0,0,62800.582,1227903.659,1.324,0.4656945466995239,0,0,0,0,0,0,0,0,0,0,0,0,0.0,0.0,0,0,0,0,0,0,0,1,0,1,0,0.0,1,0.0,0.8,0,0.0,0,0,0.0,0,0,0,0,0.0,0,0.0,0.0,0.0,30.0,0.05,30.0,425474,0,72317,0
PJMD_naturalgas_hframe_cc_moderate_0,PJMD,NaturalGas_H-Frame CC_Moderate,0,1025,14,0,1,0,0,0,0,0,0,0.0,0.0,0,0,0.0,0.0,0.0,0.0,0.0,-1,500.0,0,-1.0,-1.0,0,0,0,0.0,0.0,1096691.96,84960,0,0.0,0,0,1.72,0.0,0,0,106.0,2.0,6.09,0.0,0.0,south_atlantic_naturalgas,0.3,0.0,1.0,1.0,0.0,0.0,0.0,0.0,0.0,0.0,0.0,0,0,0,0.0,0,0.0,0.0,0.0,0.0,0.0,0.64,0.64,6,6,10.0,97490.0,0,0,0,0,0.0,0.0,1.102,0.0,0,0,0,0,0,0,0,0,0,0,0,0,0.0,0.0,0,0,0,0,0,0,0,0,0,0,0,0.0,0,0.0,0.93,0,0.0,0,0,0.0,0,0,0,0,0.0,0,0.0,0.0,0.0,30.0,0.05,30.0,83234,0,26266,0
PJMD_naturalgas_fframe_ct_moderate_0,PJMD,NaturalGas_F-Frame CT_Moderate,0,1026,14,0,1,0,0,0,0,0,0,0.0,0.0,0,0,0.0,0.0,0.0,0.0,0.0,-1,100.0,0,-1.0,-1.0,0,0,0,0.0,0.0,977045.463,71044,0,0.0,0,0,6.15,0.0,0,0,137.0,3.5,9.72,0.0,0.0,south_atlantic_naturalgas,0.3,0.0,1.0,1.0,0.0,0.0,0.0,0.0,0.0,0.0,0.0,0,0,0,0.0,0,0.0,0.0,0.0,0.0,0.0,3.78,3.78,1,1,10.0,97490.0,0,0,0,0,0.0,0.0,1.018,0.0,0,0,0,0,0,0,0,0,0,0,0,0,0.0,0.0,0,0,0,0,0,0,0,0,0,0,0,0.0,0,0.0,0.93,0,0.0,0,0,0.0,0,0,0,0,0.0,0,0.0,0.0,0.0,30.0,0.05,30.0,69360,0,21509,0
PJMD_battery_moderate_0,PJMD,Battery_*_Moderate,0,1027,14,0,0,0,0,1,0,0,0,0.0,0.0,0,0,0.0,0.0,0.0,0.0,0.0,-1,1.0,0,-1.0,-1.0,0,0,0,0.0,0.0,274910.679,26671,0,205428.952,19930,0,0.15,0.15,0,0,0.0,0.0,0.0,0.0,0.0,None,0.0,0.0,0.92,0.92,0.0,1.0,10.0,0.0,0.0,0.0,0.0,0,0,0,0.0,0,0.0,0.0,0.0,0.0,0.0,1.0,1.0,0,0,0.0,0.0,0,0,0,0,0.0,0.0,1.007,0.0,0,0,0,0,0,0,0,0,0,0,0,0,0.0,0.0,0,0,0,0,0,0,0,0,0,0,0,0.0,0,0.0,0.95,0,0.0,0,0,0.0,0,0,0,0,0.0,0,0.0,0.0,0.0,15.0,0.05,15.0,26657,19920,6872,5135
PJMD_nuclear_nuclear_moderate_0,PJMD,Nuclear_Nuclear_Moderate,0,1028,14,0,1,0,0,0,0,0,0,0.0,0.0,0,0,0.0,0.0,0.0,0.0,0.0,-1,2000.0,0,-1.0,-1.0,0,0,0,0.0,0.0,7229469.526,457312,0,0.0,0,0,2.36,0.0,0,0,285.0,0.0,10.45,0.0,0.0,south_atlantic_uranium,0.5,0.0,1.0,1.0,0.0,0.0,0.0,0.041666667,0.083333333,0.0,0.0,0,0,0,0.0,0,0.0,0.0,0.0,0.0,0.0,0.25,0.25,24,24,50.0,487450.0,0,0,0,0,0.0,0.0,1.018,0.0,0,0,0,0,0,0,0,0,0,0,0,0,0.0,0.0,0,0,0,0,0,0,0,0,0,1,0,0.0,0,0.0,0.93,0,0.0,0,0,0.0,0,0,0,0,0.0,0,0.0,0.0,0.0,40.0,0.05,40.0,452189,0,145294,0
PJMD_hydrogen_fframe_ct_moderate_0,PJMD,Hydrogen_F-Frame CT_Moderate,0,1029,14,0,1,0,0,0,0,0,0,0.0,0.0,0,0,0.0,0.0,0.0,0.0,0.0,-1,100.0,0,-1.0,-1.0,0,0,0,0.0,0.0,1074750.009,71172,0,0.0,0,0,6.15,0.0,0,0,137.0,3.5,9.72,0.0,0.0,hydrogen,0.3,0.0,1.0,1.0,0.0,0.0,0.0,0.0,0.0,0.0,0.0,0,0,0,0.0,0,0.0,0.0,0.0,0.0,0.0,3.78,3.78,1,1,0.0,0.0,0,0,0,0,0.0,0.0,1.018,0.0,0,0,0,0,0,0,0,0,0,0,0,0,0.0,0.0,0,0,0,0,0,0,0,0,0,1,0,0.0,0,0.0,0.93,0,0.0,0,0,0.0,0,0,0,0,0.0,0,0.0,0.0,0.0,30.0,0.05,30.0,71194,0,21509,0
PJMD_hydrogen_hframe_cc_moderate_0,PJMD,Hydrogen_H-Frame CC_Moderate,0,1030,14,0,1,0,0,0,0,0,0,0.0,0.0,0,0,0.0,0.0,0.0,0.0,0.0,-1,500.0,0,-1.0,-1.0,0,0,0,0.0,0.0,1206361.156,86480,0,0.0,0,0,1.72,0.0,0,0,106.0,2.0,6.09,0.0,0.0,hydrogen,0.3,0.0,1.0,1.0,0.0,0.0,0.0,0.0,0.0,0.0,0.0,0,0,0,0.0,0,0.0,0.0,0.0,0.0,0.0,0.64,0.64,6,6,0.0,0.0,0,0,0,0,0.0,0.0,1.102,0.0,0,0,0,0,0,0,0,0,0,0,0,0,0.0,0.0,0,0,0,0,0,0,0,0,0,1,0,0.0,0,0.0,0.93,0,0.0,0,0,0.0,0,0,0,0,0.0,0,0.0,0.0,0.0,30.0,0.05,30.0,86454,0,26266,0
PJMD_landbasedwind_class3_moderate_0_anyQual_0,PJMD,LandbasedWind_Class3_Moderate_,0_anyQual_0,1031,14,1,0,1,0,0,0,0,0,0.0,0.0,0,0,0.0,1248.0,0.0,0.0,0.0,-1,1.0,0,1248.3,-1.0,0,0,0,0.0,0.0,1065951.189,110490,149357,0.0,0,0,0.0,0.0,0,0,0.0,0.0,0.0,0.0,0.0,None,0.0,0.0,1.0,1.0,0.0,0.0,0.0,0.0,0.0,0.0,0.0,0,0,0,0.0,0,0.0,0.0,0.0,0.0,0.0,1.0,1.0,0,0,0.0,0.0,0,0,0,0,15015.048,293580.784,1.318,0.4188553690910339,0,0,0,0,0,0,0,0,0,0,0,0,0.0,0.0,0,0,0,0,0,0,0,1,0,1,0,0.0,1,0.0,0.8,0,0.0,0,0,0.0,0,0,0,0,0.0,0,0.0,0.0,0.0,30.0,0.05,30.0,106436,0,25258,0
PJMD_landbasedwind_class3_moderate_1_anyQual_1,PJMD,LandbasedWind_Class3_Moderate_,1_anyQual_1,1032,14,1,0,1,0,0,0,0,0,0.0,0.0,0,0,0.0,236.8,0.0,0.0,0.0,-1,1.0,0,236.8,-1.0,0,0,0,0.0,0.0,1065951.189,121158,160025,0.0,0,0,0.0,0.0,0,0,0.0,0.0,0.0,0.0,0.0,None,0.0,0.0,1.0,1.0,0.0,0.0,0.0,0.0,0.0,0.0,0.0,0,0,0,0.0,0,0.0,0.0,0.0,0.0,0.0,1.0,1.0,0,0,0.0,0.0,0,0,0,0,23402.479,457575.221,1.318,0.4329060614109039,0,0,0,0,0,0,0,0,0,0,0,0,0.0,0.0,0,0,0,0,0,0,0,1,0,1,0,0.0,1,0.0,0.8,0,0.0,0,0,0.0,0,0,0,0,0.0,0,0.0,0.0,0.0,30.0,0.05,30.0,114823,0,25258,0
PJMD_landbasedwind_class3_moderate_2_anyQual_0,PJMD,LandbasedWind_Class3_Moderate_,2_anyQual_0,1033,14,1,0,1,0,0,0,0,0,0.0,0.0,0,0,0.0,1425.8,0.0,0.0,0.0,-1,1.0,0,1425.8,-1.0,0,0,0,0.0,0.0,1065951.189,106184,145051,0.0,0,0,0.0,0.0,0,0,0.0,0.0,0.0,0.0,0.0,None,0.0,0.0,1.0,1.0,0.0,0.0,0.0,0.0,0.0,0.0,0.0,0,0,0,0.0,0,0.0,0.0,0.0,0.0,0.0,1.0,1.0,0,0,0.0,0.0,0,0,0,0,11629.154,227378.151,1.318,0.3870904743671417,0,0,0,0,0,0,0,0,0,0,0,0,0.0,0.0,0,0,0,0,0,0,0,1,0,1,0,0.0,1,0.0,0.8,0,0.0,0,0,0.0,0,0,0,0,0.0,0,0.0,0.0,0.0,30.0,0.05,30.0,103050,0,25258,0
PJMD_landbasedwind_class3_moderate_3_anyQual_1,PJMD,LandbasedWind_Class3_Moderate_,3_anyQual_1,1034,14,1,0,1,0,0,0,0,0,0.0,0.0,0,0,0.0,37.0,0.0,0.0,0.0,-1,1.0,0,37.3,-1.0,0,0,0,0.0,0.0,1065951.189,117388,156256,0.0,0,0,0.0,0.0,0,0,0.0,0.0,0.0,0.0,0.0,None,0.0,0.0,1.0,1.0,0.0,0.0,0.0,0.0,0.0,0.0,0.0,0,0,0,0.0,0,0.0,0.0,0.0,0.0,0.0,1.0,1.0,0,0,0.0,0.0,0,0,0,0,20438.64,399624.972,1.318,0.363006442785263,0,0,0,0,0,0,0,0,0,0,0,0,0.0,0.0,0,0,0,0,0,0,0,1,0,1,0,0.0,1,0.0,0.8,0,0.0,0,0,0.0,0,0,0,0,0.0,0,0.0,0.0,0.0,30.0,0.05,30.0,111859,0,25258,0
PJMD_landbasedwind_class3_moderate_4_anyQual_0,PJMD,LandbasedWind_Class3_Moderate_,4_anyQual_0,1035,14,1,0,1,0,0,0,0,0,0.0,0.0,0,0,0.0,1346.0,0.0,0.0,0.0,-1,1.0,0,1346.4,-1.0,0,0,0,0.0,0.0,1065951.189,106661,145528,0.0,0,0,0.0,0.0,0,0,0.0,0.0,0.0,0.0,0.0,None,0.0,0.0,1.0,1.0,0.0,0.0,0.0,0.0,0.0,0.0,0.0,0,0,0,0.0,0,0.0,0.0,0.0,0.0,0.0,1.0,1.0,0,0,0.0,0.0,0,0,0,0,12004.151,234710.676,1.318,0.369438499212265,0,0,0,0,0,0,0,0,0,0,0,0,0.0,0.0,0,0,0,0,0,0,0,1,0,1,0,0.0,1,0.0,0.8,0,0.0,0,0,0.0,0,0,0,0,0.0,0,0.0,0.0,0.0,30.0,0.05,30.0,103425,0,25258,0
PJMD_landbasedwind_class3_moderate_5_anyQual_1,PJMD,LandbasedWind_Class3_Moderate_,5_anyQual_1,1036,14,1,0,1,0,0,0,0,0,0.0,0.0,0,0,0.0,128.0,0.0,0.0,0.0,-1,1.0,0,128.2,-1.0,0,0,0,0.0,0.0,1065951.189,120829,159697,0.0,0,0,0.0,0.0,0,0,0.0,0.0,0.0,0.0,0.0,None,0.0,0.0,1.0,1.0,0.0,0.0,0.0,0.0,0.0,0.0,0.0,0,0,0,0.0,0,0.0,0.0,0.0,0.0,0.0,1.0,1.0,0,0,0.0,0.0,0,0,0,0,23143.779,452519.42,1.318,0.3636149168014526,0,0,0,0,0,0,0,0,0,0,0,0,0.0,0.0,0,0,0,0,0,0,0,1,0,1,0,0.0,1,0.0,0.8,0,0.0,0,0,0.0,0,0,0,0,0.0,0,0.0,0.0,0.0,30.0,0.05,30.0,114564,0,25258,0
PJMD_landbasedwind_class3_moderate_6_anyQual_0,PJMD,LandbasedWind_Class3_Moderate_,6_anyQual_0,1037,14,1,0,1,0,0,0,0,0,0.0,0.0,0,0,0.0,1170.8,0.0,0.0,0.0,-1,1.0,0,1170.8,-1.0,0,0,0,0.0,0.0,1065951.189,108615,147482,0.0,0,0,0.0,0.0,0,0,0.0,0.0,0.0,0.0,0.0,None,0.0,0.0,1.0,1.0,0.0,0.0,0.0,0.0,0.0,0.0,0.0,0,0,0,0.0,0,0.0,0.0,0.0,0.0,0.0,1.0,1.0,0,0,0.0,0.0,0,0,0,0,13540.462,264749.145,1.318,0.3459315598011017,0,0,0,0,0,0,0,0,0,0,0,0,0.0,0.0,0,0,0,0,0,0,0,1,0,1,0,0.0,1,0.0,0.8,0,0.0,0,0,0.0,0,0,0,0,0.0,0,0.0,0.0,0.0,30.0,0.05,30.0,104961,0,25258,0
PJMD_landbasedwind_class3_moderate_7_anyQual_1,PJMD,LandbasedWind_Class3_Moderate_,7_anyQual_1,1038,14,1,0,1,0,0,0,0,0,0.0,0.0,0,0,0.0,302.0,0.0,0.0,0.0,-1,1.0,0,302.4,-1.0,0,0,0,0.0,0.0,1065951.189,117365,156232,0.0,0,0,0.0,0.0,0,0,0.0,0.0,0.0,0.0,0.0,None,0.0,0.0,1.0,1.0,0.0,0.0,0.0,0.0,0.0,0.0,0.0,0,0,0,0.0,0,0.0,0.0,0.0,0.0,0.0,1.0,1.0,0,0,0.0,0.0,0,0,0,0,20419.899,399258.656,1.318,0.3391708135604858,0,0,0,0,0,0,0,0,0,0,0,0,0.0,0.0,0,0,0,0,0,0,0,1,0,1,0,0.0,1,0.0,0.8,0,0.0,0,0,0.0,0,0,0,0,0.0,0,0.0,0.0,0.0,30.0,0.05,30.0,111840,0,25258,0
PJMD_landbasedwind_class3_moderate_8_anyQual_0,PJMD,LandbasedWind_Class3_Moderate_,8_anyQual_0,1039,14,1,0,1,0,0,0,0,0,0.0,0.0,0,0,0.0,1233.8,0.0,0.0,0.0,-1,1.0,0,1233.8,-1.0,0,0,0,0.0,0.0,1065951.189,115246,154113,0.0,0,0,0.0,0.0,0,0,0.0,0.0,0.0,0.0,0.0,None,0.0,0.0,1.0,1.0,0.0,0.0,0.0,0.0,0.0,0.0,0.0,0,0,0,0.0,0,0.0,0.0,0.0,0.0,0.0,1.0,1.0,0,0,0.0,0.0,0,0,0,0,18753.737,366682.271,1.318,0.3124629557132721,0,0,0,0,0,0,0,0,0,0,0,0,0.0,0.0,0,0,0,0,0,0,0,1,0,1,0,0.0,1,0.0,0.8,0,0.0,0,0,0.0,0,0,0,0,0.0,0,0.0,0.0,0.0,30.0,0.05,30.0,110174,0,25258,0
PJMD_landbasedwind_class3_moderate_9_anyQual_1,PJMD,LandbasedWind_Class3_Moderate_,9_anyQual_1,1040,14,1,0,1,0,0,0,0,0,0.0,0.0,0,0,0.0,0.0,0.0,0.0,0.0,-1,1.0,0,248.2,-1.0,0,0,0,0.0,0.0,1065951.189,121302,0,0.0,0,0,0.0,0.0,0,0,0.0,0.0,0.0,0.0,0.0,None,0.0,0.0,1.0,1.0,0.0,0.0,0.0,0.0,0.0,0.0,0.0,0,0,0,0.0,0,0.0,0.0,0.0,0.0,0.0,1.0,1.0,0,0,0.0,0.0,0,0,0,0,23515.645,459788.008,1.318,0.2766510844230652,0,0,0,0,0,0,0,0,0,0,0,0,0.0,0.0,0,0,0,0,0,0,0,1,0,1,0,0.0,1,0.0,0.8,0,0.0,0,0,0.0,0,0,0,0,0.0,0,0.0,0.0,0.0,30.0,0.05,30.0,114936,0,25258,0
PJMD_landbasedwind_class3_moderate_10_anyQual_0,PJMD,LandbasedWind_Class3_Moderate_,10_anyQual_0,1041,14,1,0,1,0,0,0,0,0,0.0,0.0,0,0,0.0,0.0,0.0,0.0,0.0,-1,1.0,0,1000.3,-1.0,0,0,0,0.0,0.0,1065951.189,119239,0,0.0,0,0,0.0,0.0,0,0,0.0,0.0,0.0,0.0,0.0,None,0.0,0.0,1.0,1.0,0.0,0.0,0.0,0.0,0.0,0.0,0.0,0,0,0,0.0,0,0.0,0.0,0.0,0.0,0.0,1.0,1.0,0,0,0.0,0.0,0,0,0,0,21893.119,428066.477,1.318,0.2502922713756561,0,0,0,0,0,0,0,0,0,0,0,0,0.0,0.0,0,0,0,0,0,0,0,1,0,1,0,0.0,1,0.0,0.8,0,0.0,0,0,0.0,0,0,0,0,0.0,0,0.0,0.0,0.0,30.0,0.05,30.0,113314,0,25258,0
PJMD_landbasedwind_class3_moderate_11_anyQual_1,PJMD,LandbasedWind_Class3_Moderate_,11_anyQual_1,1042,14,1,0,1,0,0,0,0,0,0.0,0.0,0,0,0.0,0.0,0.0,0.0,0.0,-1,1.0,0,461.2,-1.0,0,0,0,0.0,0.0,1065951.189,135753,0,0.0,0,0,0.0,0.0,0,0,0.0,0.0,0.0,0.0,0.0,None,0.0,0.0,1.0,1.0,0.0,0.0,0.0,0.0,0.0,0.0,0.0,0,0,0,0.0,0,0.0,0.0,0.0,0.0,0.0,1.0,1.0,0,0,0.0,0.0,0,0,0,0,34877.335,681939.147,1.318,0.2446858882904052,0,0,0,0,0,0,0,0,0,0,0,0,0.0,0.0,0,0,0,0,0,0,0,1,0,1,0,0.0,1,0.0,0.8,0,0.0,0,0,0.0,0,0,0,0,0.0,0,0.0,0.0,0.0,30.0,0.05,30.0,126298,0,25258,0
PJMD_utilitypv_class1_moderate_0_anyQual_0,PJMD,UtilityPV_Class1_Moderate_,0_anyQual_0,1043,14,1,0,1,0,0,0,0,0,0.0,0.0,0,0,0.0,16575.0,0.0,0.0,0.0,-1,1.0,0,16576.5,-1.0,0,0,0,0.0,0.0,871935.36,61464,99838,0.0,0,0,0.0,0.0,0,0,0.0,0.0,0.0,0.0,0.0,None,0.0,0.0,1.0,1.0,0.0,0.0,0.0,0.0,0.0,0.0,0.0,0,0,0,0.0,0,0.0,0.0,0.0,0.0,0.0,1.0,1.0,0,0,0.0,0.0,0,0,0,0,4754.794,92967.756,0.977,0.2455665320158004,0,0,0,0,0,0,0,0,0,0,0,0,0.0,0.0,0,0,0,0,0,0,0,1,0,1,0,0.0,1,0.0,0.8,0,0.0,0,0,0.0,0,0,0,0,0.0,0,0.0,0.0,0.0,30.0,0.05,30.0,60196,0,15760,0
PJMD_utilitypv_class1_moderate_1_anyQual_0,PJMD,UtilityPV_Class1_Moderate_,1_anyQual_0,1044,14,1,0,1,0,0,0,0,0,0.0,0.0,0,0,0.0,132.0,0.0,0.0,0.0,-1,1.0,0,21747.9,-1.0,0,0,0,0.0,0.0,871935.36,61151,99526,0.0,0,0,0.0,0.0,0,0,0.0,0.0,0.0,0.0,0.0,None,0.0,0.0,1.0,1.0,0.0,0.0,0.0,0.0,0.0,0.0,0.0,0,0,0,0.0,0,0.0,0.0,0.0,0.0,0.0,1.0,1.0,0,0,0.0,0.0,0,0,0,0,4508.783,88157.633,0.977,0.2440810352563858,0,0,0,0,0,0,0,0,0,0,0,0,0.0,0.0,0,0,0,0,0,0,0,1,0,1,0,0.0,1,0.0,0.8,0,0.0,0,0,0.0,0,0,0,0,0.0,0,0.0,0.0,0.0,30.0,0.05,30.0,59950,0,15760,0
PJMD_utilitypv_class1_moderate_2_anyQual_0,PJMD,UtilityPV_Class1_Moderate_,2_anyQual_0,1045,14,1,0,1,0,0,0,0,0,0.0,0.0,0,0,0.0,541.0,0.0,0.0,0.0,-1,1.0,0,541.4,-1.0,0,0,0,0.0,0.0,871935.36,58859,97234,0.0,0,0,0.0,0.0,0,0,0.0,0.0,0.0,0.0,0.0,None,0.0,0.0,1.0,1.0,0.0,0.0,0.0,0.0,0.0,0.0,0.0,0,0,0,0.0,0,0.0,0.0,0.0,0.0,0.0,1.0,1.0,0,0,0.0,0.0,0,0,0,0,2706.603,52920.646,0.977,0.2494522631168365,0,0,0,0,0,0,0,0,0,0,0,0,0.0,0.0,0,0,0,0,0,0,0,1,0,1,0,0.0,1,0.0,0.8,0,0.0,0,0,0.0,0,0,0,0,0.0,0,0.0,0.0,0.0,30.0,0.05,30.0,58148,0,15760,0
PJMD_utilitypv_class1_moderate_3_anyQual_1,PJMD,UtilityPV_Class1_Moderate_,3_anyQual_1,1046,14,1,0,1,0,0,0,0,0,0.0,0.0,0,0,0.0,1160.0,0.0,0.0,0.0,-1,1.0,0,1160.2,-1.0,0,0,0,0.0,0.0,871935.36,59577,97952,0.0,0,0,0.0,0.0,0,0,0.0,0.0,0.0,0.0,0.0,None,0.0,0.0,1.0,1.0,0.0,0.0,0.0,0.0,0.0,0.0,0.0,0,0,0,0.0,0,0.0,0.0,0.0,0.0,0.0,1.0,1.0,0,0,0.0,0.0,0,0,0,0,3271.071,63957.372,0.977,0.245225727558136,0,0,0,0,0,0,0,0,0,0,0,0,0.0,0.0,0,0,0,0,0,0,0,1,0,1,0,0.0,1,0.0,0.8,0,0.0,0,0,0.0,0,0,0,0,0.0,0,0.0,0.0,0.0,30.0,0.05,30.0,58713,0,15760,0
PJMD_utilitypv_class1_moderate_4_anyQual_0,PJMD,UtilityPV_Class1_Moderate_,4_anyQual_0,1047,14,1,0,1,0,0,0,0,0,0.0,0.0,0,0,0.0,0.0,0.0,0.0,0.0,-1,1.0,0,15601.6,-1.0,0,0,0,0.0,0.0,871935.36,65673,0,0.0,0,0,0.0,0.0,0,0,0.0,0.0,0.0,0.0,0.0,None,0.0,0.0,1.0,1.0,0.0,0.0,0.0,0.0,0.0,0.0,0.0,0,0,0,0.0,0,0.0,0.0,0.0,0.0,0.0,1.0,1.0,0,0,0.0,0.0,0,0,0,0,8064.359,157677.766,0.977,0.2460120022296905,0,0,0,0,0,0,0,0,0,0,0,0,0.0,0.0,0,0,0,0,0,0,0,1,0,1,0,0.0,1,0.0,0.8,0,0.0,0,0,0.0,0,0,0,0,0.0,0,0.0,0.0,0.0,30.0,0.05,30.0,63506,0,15760,0
PJMD_utilitypv_class1_moderate_5_anyQual_0,PJMD,UtilityPV_Class1_Moderate_,5_anyQual_0,1048,14,1,0,1,0,0,0,0,0,0.0,0.0,0,0,0.0,0.0,0.0,0.0,0.0,-1,1.0,0,11824.0,-1.0,0,0,0,0.0,0.0,871935.36,65106,0,0.0,0,0,0.0,0.0,0,0,0.0,0.0,0.0,0.0,0.0,None,0.0,0.0,1.0,1.0,0.0,0.0,0.0,0.0,0.0,0.0,0.0,0,0,0,0.0,0,0.0,0.0,0.0,0.0,0.0,1.0,1.0,0,0,0.0,0.0,0,0,0,0,7618.11,148952.525,0.977,0.2447785437107086,0,0,0,0,0,0,0,0,0,0,0,0,0.0,0.0,0,0,0,0,0,0,0,1,0,1,0,0.0,1,0.0,0.8,0,0.0,0,0,0.0,0,0,0,0,0.0,0,0.0,0.0,0.0,30.0,0.05,30.0,63060,0,15760,0
PJMD_utilitypv_class1_moderate_6_anyQual_0,PJMD,UtilityPV_Class1_Moderate_,6_anyQual_0,1049,14,1,0,1,0,0,0,0,0,0.0,0.0,0,0,0.0,0.0,0.0,0.0,0.0,-1,1.0,0,11894.6,-1.0,0,0,0,0.0,0.0,871935.36,64958,0,0.0,0,0,0.0,0.0,0,0,0.0,0.0,0.0,0.0,0.0,None,0.0,0.0,1.0,1.0,0.0,0.0,0.0,0.0,0.0,0.0,0.0,0,0,0,0.0,0,0.0,0.0,0.0,0.0,0.0,1.0,1.0,0,0,0.0,0.0,0,0,0,0,7502.116,146684.553,0.977,0.2437568753957748,0,0,0,0,0,0,0,0,0,0,0,0,0.0,0.0,0,0,0,0,0,0,0,1,0,1,0,0.0,1,0.0,0.8,0,0.0,0,0,0.0,0,0,0,0,0.0,0,0.0,0.0,0.0,30.0,0.05,30.0,62944,0,15760,0
PJMD_utilitypv_class1_moderate_7_anyQual_1,PJMD,UtilityPV_Class1_Moderate_,7_anyQual_1,1050,14,1,0,1,0,0,0,0,0,0.0,0.0,0,0,0.0,0.0,0.0,0.0,0.0,-1,1.0,0,737.9,-1.0,0,0,0,0.0,0.0,871935.36,62356,0,0.0,0,0,0.0,0.0,0,0,0.0,0.0,0.0,0.0,0.0,None,0.0,0.0,1.0,1.0,0.0,0.0,0.0,0.0,0.0,0.0,0.0,0,0,0,0.0,0,0.0,0.0,0.0,0.0,0.0,1.0,1.0,0,0,0.0,0.0,0,0,0,0,5456.179,106681.522,0.977,0.2459681183099746,0,0,0,0,0,0,0,0,0,0,0,0,0.0,0.0,0,0,0,0,0,0,0,1,0,1,0,0.0,1,0.0,0.8,0,0.0,0,0,0.0,0,0,0,0,0.0,0,0.0,0.0,0.0,30.0,0.05,30.0,60898,0,15760,0
PJMD_utilitypv_class1_moderate_8_anyQual_0,PJMD,UtilityPV_Class1_Moderate_,8_anyQual_0,1051,14,1,0,1,0,0,0,0,0,0.0,0.0,0,0,0.0,0.0,0.0,0.0,0.0,-1,1.0,0,6470.2,-1.0,0,0,0,0.0,0.0,871935.36,69029,0,0.0,0,0,0.0,0.0,0,0,0.0,0.0,0.0,0.0,0.0,None,0.0,0.0,1.0,1.0,0.0,0.0,0.0,0.0,0.0,0.0,0.0,0,0,0,0.0,0,0.0,0.0,0.0,0.0,0.0,1.0,1.0,0,0,0.0,0.0,0,0,0,0,10703.029,209270.16,0.977,0.2469741702079773,0,0,0,0,0,0,0,0,0,0,0,0,0.0,0.0,0,0,0,0,0,0,0,1,0,1,0,0.0,1,0.0,0.8,0,0.0,0,0,0.0,0,0,0,0,0.0,0,0.0,0.0,0.0,30.0,0.05,30.0,66145,0,15760,0
PJMD_utilitypv_class1_moderate_9_anyQual_0,PJMD,UtilityPV_Class1_Moderate_,9_anyQual_0,1052,14,1,0,1,0,0,0,0,0,0.0,0.0,0,0,0.0,0.0,0.0,0.0,0.0,-1,1.0,0,20280.8,-1.0,0,0,0,0.0,0.0,871935.36,68876,0,0.0,0,0,0.0,0.0,0,0,0.0,0.0,0.0,0.0,0.0,None,0.0,0.0,1.0,1.0,0.0,0.0,0.0,0.0,0.0,0.0,0.0,0,0,0,0.0,0,0.0,0.0,0.0,0.0,0.0,1.0,1.0,0,0,0.0,0.0,0,0,0,0,10582.106,206905.837,0.977,0.2451303005218505,0,0,0,0,0,0,0,0,0,0,0,0,0.0,0.0,0,0,0,0,0,0,0,1,0,1,0,0.0,1,0.0,0.8,0,0.0,0,0,0.0,0,0,0,0,0.0,0,0.0,0.0,0.0,30.0,0.05,30.0,66024,0,15760,0
PJMD_utilitypv_class1_moderate_10_anyQual_0,PJMD,UtilityPV_Class1_Moderate_,10_anyQual_0,1053,14,1,0,1,0,0,0,0,0,0.0,0.0,0,0,0.0,0.0,0.0,0.0,0.0,-1,1.0,0,11574.8,-1.0,0,0,0,0.0,0.0,871935.36,68241,0,0.0,0,0,0.0,0.0,0,0,0.0,0.0,0.0,0.0,0.0,None,0.0,0.0,1.0,1.0,0.0,0.0,0.0,0.0,0.0,0.0,0.0,0,0,0,0.0,0,0.0,0.0,0.0,0.0,0.0,1.0,1.0,0,0,0.0,0.0,0,0,0,0,10083.134,197149.713,0.977,0.2435663491487503,0,0,0,0,0,0,0,0,0,0,0,0,0.0,0.0,0,0,0,0,0,0,0,1,0,1,0,0.0,1,0.0,0.8,0,0.0,0,0,0.0,0,0,0,0,0.0,0,0.0,0.0,0.0,30.0,0.05,30.0,65525,0,15760,0
PJMD_utilitypv_class1_moderate_11_anyQual_1,PJMD,UtilityPV_Class1_Moderate_,11_anyQual_1,1054,14,1,0,1,0,0,0,0,0,0.0,0.0,0,0,0.0,0.0,0.0,0.0,0.0,-1,1.0,0,1637.2,-1.0,0,0,0,0.0,0.0,871935.36,65945,0,0.0,0,0,0.0,0.0,0,0,0.0,0.0,0.0,0.0,0.0,None,0.0,0.0,1.0,1.0,0.0,0.0,0.0,0.0,0.0,0.0,0.0,0,0,0,0.0,0,0.0,0.0,0.0,0.0,0.0,1.0,1.0,0,0,0.0,0.0,0,0,0,0,8277.74,161849.893,0.977,0.2460936456918716,0,0,0,0,0,0,0,0,0,0,0,0,0.0,0.0,0,0,0,0,0,0,0,1,0,1,0,0.0,1,0.0,0.8,0,0.0,0,0,0.0,0,0,0,0,0.0,0,0.0,0.0,0.0,30.0,0.05,30.0,63719,0,15760,0
PJMD_utilitypv_class1_moderate_12_anyQual_0,PJMD,UtilityPV_Class1_Moderate_,12_anyQual_0,1055,14,1,0,1,0,0,0,0,0,0.0,0.0,0,0,0.0,0.0,0.0,0.0,0.0,-1,1.0,0,27177.5,-1.0,0,0,0,0.0,0.0,871935.36,71767,0,0.0,0,0,0.0,0.0,0,0,0.0,0.0,0.0,0.0,0.0,None,0.0,0.0,1.0,1.0,0.0,0.0,0.0,0.0,0.0,0.0,0.0,0,0,0,0.0,0,0.0,0.0,0.0,0.0,0.0,1.0,1.0,0,0,0.0,0.0,0,0,0,0,12855.491,251356.025,0.977,0.2441202253103256,0,0,0,0,0,0,0,0,0,0,0,0,0.0,0.0,0,0,0,0,0,0,0,1,0,1,0,0.0,1,0.0,0.8,0,0.0,0,0,0.0,0,0,0,0,0.0,0,0.0,0.0,0.0,30.0,0.05,30.0,68297,0,15760,0
PJMD_utilitypv_class1_moderate_13_anyQual_0,PJMD,UtilityPV_Class1_Moderate_,13_anyQual_0,1056,14,1,0,1,0,0,0,0,0,0.0,0.0,0,0,0.0,0.0,0.0,0.0,0.0,-1,1.0,0,2896.2,-1.0,0,0,0,0.0,0.0,871935.36,73338,0,0.0,0,0,0.0,0.0,0,0,0.0,0.0,0.0,0.0,0.0,None,0.0,0.0,1.0,1.0,0.0,0.0,0.0,0.0,0.0,0.0,0.0,0,0,0,0.0,0,0.0,0.0,0.0,0.0,0.0,1.0,1.0,0,0,0.0,0.0,0,0,0,0,14090.235,275498.25,0.977,0.2476813644170761,0,0,0,0,0,0,0,0,0,0,0,0,0.0,0.0,0,0,0,0,0,0,0,1,0,1,0,0.0,1,0.0,0.8,0,0.0,0,0,0.0,0,0,0,0,0.0,0,0.0,0.0,0.0,30.0,0.05,30.0,69532,0,15760,0
PJMD_utilitypv_class1_moderate_14_anyQual_0,PJMD,UtilityPV_Class1_Moderate_,14_anyQual_0,1057,14,1,0,1,0,0,0,0,0,0.0,0.0,0,0,0.0,0.0,0.0,0.0,0.0,-1,1.0,0,6399.2,-1.0,0,0,0,0.0,0.0,871935.36,72352,0,0.0,0,0,0.0,0.0,0,0,0.0,0.0,0.0,0.0,0.0,None,0.0,0.0,1.0,1.0,0.0,0.0,0.0,0.0,0.0,0.0,0.0,0,0,0,0.0,0,0.0,0.0,0.0,0.0,0.0,1.0,1.0,0,0,0.0,0.0,0,0,0,0,13315.122,260342.918,0.977,0.246031105518341,0,0,0,0,0,0,0,0,0,0,0,0,0.0,0.0,0,0,0,0,0,0,0,1,0,1,0,0.0,1,0.0,0.8,0,0.0,0,0,0.0,0,0,0,0,0.0,0,0.0,0.0,0.0,30.0,0.05,30.0,68757,0,15760,0
PJMD_utilitypv_class1_moderate_15_anyQual_1,PJMD,UtilityPV_Class1_Moderate_,15_anyQual_1,1058,14,1,0,1,0,0,0,0,0,0.0,0.0,0,0,0.0,0.0,0.0,0.0,0.0,-1,1.0,0,3561.5,-1.0,0,0,0,0.0,0.0,871935.36,71284,0,0.0,0,0,0.0,0.0,0,0,0.0,0.0,0.0,0.0,0.0,None,0.0,0.0,1.0,1.0,0.0,0.0,0.0,0.0,0.0,0.0,0.0,0,0,0,0.0,0,0.0,0.0,0.0,0.0,0.0,1.0,1.0,0,0,0.0,0.0,0,0,0,0,12476.004,243936.129,0.977,0.2440763413906097,0,0,0,0,0,0,0,0,0,0,0,0,0.0,0.0,0,0,0,0,0,0,0,1,0,1,0,0.0,1,0.0,0.8,0,0.0,0,0,0.0,0,0,0,0,0.0,0,0.0,0.0,0.0,30.0,0.05,30.0,67918,0,15760,0
PJMD_utilitypv_class1_moderate_16_anyQual_0,PJMD,UtilityPV_Class1_Moderate_,16_anyQual_0,1059,14,1,0,1,0,0,0,0,0,0.0,0.0,0,0,0.0,0.0,0.0,0.0,0.0,-1,1.0,0,14022.3,-1.0,0,0,0,0.0,0.0,871935.36,77073,0,0.0,0,0,0.0,0.0,0,0,0.0,0.0,0.0,0.0,0.0,None,0.0,0.0,1.0,1.0,0.0,0.0,0.0,0.0,0.0,0.0,0.0,0,0,0,0.0,0,0.0,0.0,0.0,0.0,0.0,1.0,1.0,0,0,0.0,0.0,0,0,0,0,17027.031,332919.733,0.977,0.2472407221794128,0,0,0,0,0,0,0,0,0,0,0,0,0.0,0.0,0,0,0,0,0,0,0,1,0,1,0,0.0,1,0.0,0.8,0,0.0,0,0,0.0,0,0,0,0,0.0,0,0.0,0.0,0.0,30.0,0.05,30.0,72469,0,15760,0
PJMD_utilitypv_class1_moderate_17_anyQual_0,PJMD,UtilityPV_Class1_Moderate_,17_anyQual_0,1060,14,1,0,1,0,0,0,0,0,0.0,0.0,0,0,0.0,0.0,0.0,0.0,0.0,-1,1.0,0,22013.7,-1.0,0,0,0,0.0,0.0,871935.36,75052,0,0.0,0,0,0.0,0.0,0,0,0.0,0.0,0.0,0.0,0.0,None,0.0,0.0,1.0,1.0,0.0,0.0,0.0,0.0,0.0,0.0,0.0,0,0,0,0.0,0,0.0,0.0,0.0,0.0,0.0,1.0,1.0,0,0,0.0,0.0,0,0,0,0,15438.093,301852.151,0.977,0.2442190051078796,0,0,0,0,0,0,0,0,0,0,0,0,0.0,0.0,0,0,0,0,0,0,0,1,0,1,0,0.0,1,0.0,0.8,0,0.0,0,0,0.0,0,0,0,0,0.0,0,0.0,0.0,0.0,30.0,0.05,30.0,70880,0,15760,0
PJMD_utilitypv_class1_moderate_18_anyQual_0,PJMD,UtilityPV_Class1_Moderate_,18_anyQual_0,1061,14,1,0,1,0,0,0,0,0,0.0,0.0,0,0,0.0,0.0,0.0,0.0,0.0,-1,1.0,0,491.1,-1.0,0,0,0,0.0,0.0,871935.36,81209,0,0.0,0,0,0.0,0.0,0,0,0.0,0.0,0.0,0.0,0.0,None,0.0,0.0,1.0,1.0,0.0,0.0,0.0,0.0,0.0,0.0,0.0,0,0,0,0.0,0,0.0,0.0,0.0,0.0,0.0,1.0,1.0,0,0,0.0,0.0,0,0,0,0,20278.925,396502.148,0.977,0.2557415962219238,0,0,0,0,0,0,0,0,0,0,0,0,0.0,0.0,0,0,0,0,0,0,0,1,0,1,0,0.0,1,0.0,0.8,0,0.0,0,0,0.0,0,0,0,0,0.0,0,0.0,0.0,0.0,30.0,0.05,30.0,75720,0,15760,0
PJMD_utilitypv_class1_moderate_19_anyQual_1,PJMD,UtilityPV_Class1_Moderate_,19_anyQual_1,1062,14,1,0,1,0,0,0,0,0,0.0,0.0,0,0,0.0,0.0,0.0,0.0,0.0,-1,1.0,0,3472.5,-1.0,0,0,0,0.0,0.0,871935.36,75134,0,0.0,0,0,0.0,0.0,0,0,0.0,0.0,0.0,0.0,0.0,None,0.0,0.0,1.0,1.0,0.0,0.0,0.0,0.0,0.0,0.0,0.0,0,0,0,0.0,0,0.0,0.0,0.0,0.0,0.0,1.0,1.0,0,0,0.0,0.0,0,0,0,0,15502.223,303106.049,0.977,0.2436699867248535,0,0,0,0,0,0,0,0,0,0,0,0,0.0,0.0,0,0,0,0,0,0,0,1,0,1,0,0.0,1,0.0,0.8,0,0.0,0,0,0.0,0,0,0,0,0.0,0,0.0,0.0,0.0,30.0,0.05,30.0,70944,0,15760,0
PJMD_offshorewind_class3_moderate_fixed_1_1,PJMD,OffShoreWind_Class3_Moderate_fixed_1,1,1063,14,1,0,1,0,0,0,0,0,0.0,0.0,0,0,0.0,0.0,0.0,0.0,0.0,-1,1.0,0,6621.3,-1.0,0,0,0,0.0,0.0,2642898.3,258142,0,0.0,0,0,0.0,0.0,0,0,0.0,0.0,0.0,0.0,0.0,None,0.0,0.0,1.0,1.0,0.0,0.0,0.0,0.0,0.0,0.0,0.0,0,0,0,0.0,0,0.0,0.0,0.0,0.0,0.0,1.0,1.0,0,0,0.0,0.0,0,0,0,0,62243.488,1217011.112,1.041,0.4483386278152466,0,0,0,0,0,0,0,0,0,0,0,0,0.0,0.0,0,0,0,1,0,0,0,1,0,1,0,0.0,1,0.0,0.8,0,0.0,0,0,0.0,0,0,0,0,0.0,0,0.0,0.0,0.0,30.0,0.05,30.0,241301,0,82811,0
PJMD_offshorewind_class3_moderate_fixed_1_2,PJMD,OffShoreWind_Class3_Moderate_fixed_1,2,1064,14,1,0,1,0,0,0,0,0,0.0,0.0,0,0,0.0,0.0,0.0,0.0,0.0,-1,1.0,0,6530.6,-1.0,0,0,0,0.0,0.0,2642898.3,260292,0,0.0,0,0,0.0,0.0,0,0,0.0,0.0,0.0,0.0,0.0,None,0.0,0.0,1.0,1.0,0.0,0.0,0.0,0.0,0.0,0.0,0.0,0,0,0,0.0,0,0.0,0.0,0.0,0.0,0.0,1.0,1.0,0,0,0.0,0.0,0,0,0,0,63934.509,1250074.679,1.041,0.4507997035980224,0,0,0,0,0,0,0,0,0,0,0,0,0.0,0.0,0,0,0,1,0,0,0,1,0,1,0,0.0,1,0.0,0.8,0,0.0,0,0,0.0,0,0,0,0,0.0,0,0.0,0.0,0.0,30.0,0.05,30.0,242992,0,82811,0
PJMD_offshorewind_class3_moderate_fixed_1_3,PJMD,OffShoreWind_Class3_Moderate_fixed_1,3,1065,14,1,0,1,0,0,0,0,0,0.0,0.0,0,0,0.0,0.0,0.0,0.0,0.0,-1,1.0,0,6506.4,-1.0,0,0,0,0.0,0.0,2642898.3,263988,0,0.0,0,0,0.0,0.0,0,0,0.0,0.0,0.0,0.0,0.0,None,0.0,0.0,1.0,1.0,0.0,0.0,0.0,0.0,0.0,0.0,0.0,0,0,0,0.0,0,0.0,0.0,0.0,0.0,0.0,1.0,1.0,0,0,0.0,0.0,0,0,0,0,66840.33,1306890.531,1.041,0.4531677663326263,0,0,0,0,0,0,0,0,0,0,0,0,0.0,0.0,0,0,0,1,0,0,0,1,0,1,0,0.0,1,0.0,0.8,0,0.0,0,0,0.0,0,0,0,0,0.0,0,0.0,0.0,0.0,30.0,0.05,30.0,245898,0,82811,0
PJMD_offshorewind_class12_moderate_floating_1_1,PJMD,OffShoreWind_Class12_Moderate_floating_1,1,1066,14,1,0,1,0,0,0,0,0,0.0,0.0,0,0,0.0,0.0,0.0,0.0,0.0,-1,1.0,0,4712.2,-1.0,0,0,0,0.0,0.0,4211164.784,377294,0,0.0,0,0,0.0,0.0,0,0,0.0,0.0,0.0,0.0,0.0,None,0.0,0.0,1.0,1.0,0.0,0.0,0.0,0.0,0.0,0.0,0.0,0,0,0,0.0,0,0.0,0.0,0.0,0.0,0.0,1.0,1.0,0,0,0.0,0.0,0,0,0,0,72426.282,1416109.416,1.041,0.4522208273410797,0,0,0,0,0,0,0,0,0,0,0,0,0.0,0.0,0,0,0,1,0,0,0,1,0,1,0,0.0,1,0.0,0.8,0,0.0,0,0,0.0,0,0,0,0,0.0,0,0.0,0.0,0.0,30.0,0.05,30.0,357736,0,72317,0
PJMD_offshorewind_class12_moderate_floating_1_2,PJMD,OffShoreWind_Class12_Moderate_floating_1,2,1067,14,1,0,1,0,0,0,0,0,0.0,0.0,0,0,0.0,0.0,0.0,0.0,0.0,-1,1.0,0,4653.4,-1.0,0,0,0,0.0,0.0,4211164.784,378758,0,0.0,0,0,0.0,0.0,0,0,0.0,0.0,0.0,0.0,0.0,None,0.0,0.0,1.0,1.0,0.0,0.0,0.0,0.0,0.0,0.0,0.0,0,0,0,0.0,0,0.0,0.0,0.0,0.0,0.0,1.0,1.0,0,0,0.0,0.0,0,0,0,0,73577.463,1438617.803,1.041,0.4530727863311767,0,0,0,0,0,0,0,0,0,0,0,0,0.0,0.0,0,0,0,1,0,0,0,1,0,1,0,0.0,1,0.0,0.8,0,0.0,0,0,0.0,0,0,0,0,0.0,0,0.0,0.0,0.0,30.0,0.05,30.0,358887,0,72317,0
PJMD_offshorewind_class12_moderate_floating_1_3,PJMD,OffShoreWind_Class12_Moderate_floating_1,3,1068,14,1,0,1,0,0,0,0,0,0.0,0.0,0,0,0.0,0.0,0.0,0.0,0.0,-1,1.0,0,4534.3,-1.0,0,0,0,0.0,0.0,4211164.784,380815,0,0.0,0,0,0.0,0.0,0,0,0.0,0.0,0.0,0.0,0.0,None,0.0,0.0,1.0,1.0,0.0,0.0,0.0,0.0,0.0,0.0,0.0,0,0,0,0.0,0,0.0,0.0,0.0,0.0,0.0,1.0,1.0,0,0,0.0,0.0,0,0,0,0,75194.856,1470241.749,1.041,0.4540395438671112,0,0,0,0,0,0,0,0,0,0,0,0,0.0,0.0,0,0,0,1,0,0,0,1,0,1,0,0.0,1,0.0,0.8,0,0.0,0,0,0.0,0,0,0,0,0.0,0,0.0,0.0,0.0,30.0,0.05,30.0,360504,0,72317,0
PJMD_offshorewind_class3_moderate_fixed_0_1,PJMD,OffShoreWind_Class3_Moderate_fixed_0,1,1069,14,1,0,1,0,0,0,0,0,0.0,0.0,0,0,0.0,0.0,0.0,0.0,0.0,-1,1.0,0,32231.5,-1.0,0,0,0,0.0,0.0,2642898.3,254980,0,0.0,0,0,0.0,0.0,0,0,0.0,0.0,0.0,0.0,0.0,None,0.0,0.0,1.0,1.0,0.0,0.0,0.0,0.0,0.0,0.0,0.0,0,0,0,0.0,0,0.0,0.0,0.0,0.0,0.0,1.0,1.0,0,0,0.0,0.0,0,0,0,0,59757.875,1168414.381,1.041,0.4432286322116852,0,0,0,0,0,0,0,0,0,0,0,0,0.0,0.0,0,0,0,1,0,0,0,1,0,1,0,0.0,1,0.0,0.8,0,0.0,0,0,0.0,0,0,0,0,0.0,0,0.0,0.0,0.0,30.0,0.05,30.0,238815,0,82811,0
PJMD_offshorewind_class3_moderate_fixed_0_2,PJMD,OffShoreWind_Class3_Moderate_fixed_0,2,1070,14,1,0,1,0,0,0,0,0,0.0,0.0,0,0,0.0,0.0,0.0,0.0,0.0,-1,1.0,0,32193.0,-1.0,0,0,0,0.0,0.0,2642898.3,263911,0,0.0,0,0,0.0,0.0,0,0,0.0,0.0,0.0,0.0,0.0,None,0.0,0.0,1.0,1.0,0.0,0.0,0.0,0.0,0.0,0.0,0.0,0,0,0,0.0,0,0.0,0.0,0.0,0.0,0.0,1.0,1.0,0,0,0.0,0.0,0,0,0,0,66779.573,1305705.75,1.041,0.4547277987003326,0,0,0,0,0,0,0,0,0,0,0,0,0.0,0.0,0,0,0,1,0,0,0,1,0,1,0,0.0,1,0.0,0.8,0,0.0,0,0,0.0,0,0,0,0,0.0,0,0.0,0.0,0.0,30.0,0.05,30.0,245837,0,82811,0
PJMD_offshorewind_class3_moderate_fixed_0_3,PJMD,OffShoreWind_Class3_Moderate_fixed_0,3,1071,14,1,0,1,0,0,0,0,0,0.0,0.0,0,0,0.0,0.0,0.0,0.0,0.0,-1,1.0,0,32121.4,-1.0,0,0,0,0.0,0.0,2642898.3,272611,0,0.0,0,0,0.0,0.0,0,0,0.0,0.0,0.0,0.0,0.0,None,0.0,0.0,1.0,1.0,0.0,0.0,0.0,0.0,0.0,0.0,0.0,0,0,0,0.0,0,0.0,0.0,0.0,0.0,0.0,1.0,1.0,0,0,0.0,0.0,0,0,0,0,73619.364,1439437.086,1.041,0.4591275453567505,0,0,0,0,0,0,0,0,0,0,0,0,0.0,0.0,0,0,0,1,0,0,0,1,0,1,0,0.0,1,0.0,0.8,0,0.0,0,0,0.0,0,0,0,0,0.0,0,0.0,0.0,0.0,30.0,0.05,30.0,252677,0,82811,0
PJMD_offshorewind_class12_moderate_floating_0_1,PJMD,OffShoreWind_Class12_Moderate_floating_0,1,1072,14,1,0,1,0,0,0,0,0,0.0,0.0,0,0,0.0,0.0,0.0,0.0,0.0,-1,1.0,0,30973.3,-1.0,0,0,0,0.0,0.0,4211164.784,380595,0,0.0,0,0,0.0,0.0,0,0,0.0,0.0,0.0,0.0,0.0,None,0.0,0.0,1.0,1.0,0.0,0.0,0.0,0.0,0.0,0.0,0.0,0,0,0,0.0,0,0.0,0.0,0.0,0.0,0.0,1.0,1.0,0,0,0.0,0.0,0,0,0,0,75021.367,1466852.642,1.041,0.4562811553478241,0,0,0,0,0,0,0,0,0,0,0,0,0.0,0.0,0,0,0,1,0,0,0,1,0,1,0,0.0,1,0.0,0.8,0,0.0,0,0,0.0,0,0,0,0,0.0,0,0.0,0.0,0.0,30.0,0.05,30.0,360331,0,72317,0
PJMD_offshorewind_class12_moderate_floating_0_2,PJMD,OffShoreWind_Class12_Moderate_floating_0,2,1073,14,1,0,1,0,0,0,0,0,0.0,0.0,0,0,0.0,0.0,0.0,0.0,0.0,-1,1.0,0,31023.4,-1.0,0,0,0,0.0,0.0,4211164.784,384581,0,0.0,0,0,0.0,0.0,0,0,0.0,0.0,0.0,0.0,0.0,None,0.0,0.0,1.0,1.0,0.0,0.0,0.0,0.0,0.0,0.0,0.0,0,0,0,0.0,0,0.0,0.0,0.0,0.0,0.0,1.0,1.0,0,0,0.0,0.0,0,0,0,0,78155.356,1528127.005,1.041,0.4622937738895416,0,0,0,0,0,0,0,0,0,0,0,0,0.0,0.0,0,0,0,1,0,0,0,1,0,1,0,0.0,1,0.0,0.8,0,0.0,0,0,0.0,0,0,0,0,0.0,0,0.0,0.0,0.0,30.0,0.05,30.0,363465,0,72317,0
PJMD_offshorewind_class12_moderate_floating_0_3,PJMD,OffShoreWind_Class12_Moderate_floating_0,3,1074,14,1,0,1,0,0,0,0,0,0.0,0.0,0,0,0.0,0.0,0.0,0.0,0.0,-1,1.0,0,30909.9,-1.0,0,0,0,0.0,0.0,4211164.784,391409,0,0.0,0,0,0.0,0.0,0,0,0.0,0.0,0.0,0.0,0.0,None,0.0,0.0,1.0,1.0,0.0,0.0,0.0,0.0,0.0,0.0,0.0,0,0,0,0.0,0,0.0,0.0,0.0,0.0,0.0,1.0,1.0,0,0,0.0,0.0,0,0,0,0,83524.032,1633097.351,1.041,0.4573820531368255,0,0,0,0,0,0,0,0,0,0,0,0,0.0,0.0,0,0,0,1,0,0,0,1,0,1,0,0.0,1,0.0,0.8,0,0.0,0,0,0.0,0,0,0,0,0.0,0,0.0,0.0,0.0,30.0,0.05,30.0,368834,0,72317,0
PJME_naturalgas_hframe_cc_moderate_0,PJME,NaturalGas_H-Frame CC_Moderate,0,1075,15,0,1,0,0,0,0,0,0,0.0,0.0,0,0,0.0,0.0,0.0,0.0,0.0,-1,500.0,0,-1.0,-1.0,0,0,0,0.0,0.0,1096691.96,91381,0,0.0,0,0,1.72,0.0,0,0,106.0,2.0,6.09,0.0,0.0,middle_atlantic_naturalgas,0.3,0.0,1.0,1.0,0.0,0.0,0.0,0.0,0.0,0.0,0.0,0,0,0,0.0,0,0.0,0.0,0.0,0.0,0.0,0.64,0.64,6,6,10.0,97490.0,0,0,0,0,0.0,0.0,1.192,0.0,0,0,0,0,0,0,0,0,0,0,0,0,0.0,0.0,0,0,0,0,0,0,0,0,0,0,0,0.0,0,0.0,0.93,0,0.0,0,0,0.0,0,0,0,0,0.0,0,0.0,0.0,0.0,30.0,0.05,30.0,89665,0,26266,0
PJME_naturalgas_fframe_ct_moderate_0,PJME,NaturalGas_F-Frame CT_Moderate,0,1076,15,0,1,0,0,0,0,0,0,0.0,0.0,0,0,0.0,0.0,0.0,0.0,0.0,-1,100.0,0,-1.0,-1.0,0,0,0,0.0,0.0,977045.463,77718,0,0.0,0,0,6.15,0.0,0,0,137.0,3.5,9.72,0.0,0.0,middle_atlantic_naturalgas,0.3,0.0,1.0,1.0,0.0,0.0,0.0,0.0,0.0,0.0,0.0,0,0,0,0.0,0,0.0,0.0,0.0,0.0,0.0,3.78,3.78,1,1,10.0,97490.0,0,0,0,0,0.0,0.0,1.123,0.0,0,0,0,0,0,0,0,0,0,0,0,0,0.0,0.0,0,0,0,0,0,0,0,0,0,0,0,0.0,0,0.0,0.93,0,0.0,0,0,0.0,0,0,0,0,0.0,0,0.0,0.0,0.0,30.0,0.05,30.0,75985,0,21509,0
PJME_battery_moderate_0,PJME,Battery_*_Moderate,0,1077,15,0,0,0,0,1,0,0,0,0.0,0.0,0,0,0.0,0.0,0.0,0.0,0.0,-1,1.0,0,-1.0,-1.0,0,0,0,0.0,0.0,274910.679,26671,0,205428.952,19930,0,0.15,0.15,0,0,0.0,0.0,0.0,0.0,0.0,None,0.0,0.0,0.92,0.92,0.0,1.0,10.0,0.0,0.0,0.0,0.0,0,0,0,0.0,0,0.0,0.0,0.0,0.0,0.0,1.0,1.0,0,0,0.0,0.0,0,0,0,0,0.0,0.0,1.007,0.0,0,0,0,0,0,0,0,0,0,0,0,0,0.0,0.0,0,0,0,0,0,0,0,0,0,0,0,0.0,0,0.0,0.95,0,0.0,0,0,0.0,0,0,0,0,0.0,0,0.0,0.0,0.0,15.0,0.05,15.0,26657,19920,6872,5135
PJME_nuclear_nuclear_moderate_0,PJME,Nuclear_Nuclear_Moderate,0,1078,15,0,1,0,0,0,0,0,0,0.0,0.0,0,0,0.0,0.0,0.0,0.0,0.0,-1,2000.0,0,-1.0,-1.0,0,0,0,0.0,0.0,7229469.526,494809,0,0.0,0,0,2.36,0.0,0,0,285.0,0.0,10.45,0.0,0.0,middle_atlantic_uranium,0.5,0.0,1.0,1.0,0.0,0.0,0.0,0.041666667,0.083333333,0.0,0.0,0,0,0,0.0,0,0.0,0.0,0.0,0.0,0.0,0.25,0.25,24,24,50.0,487450.0,0,0,0,0,0.0,0.0,1.107,0.0,0,0,0,0,0,0,0,0,0,0,0,0,0.0,0.0,0,0,0,0,0,0,0,0,0,1,0,0.0,0,0.0,0.93,0,0.0,0,0,0.0,0,0,0,0,0.0,0,0.0,0.0,0.0,40.0,0.05,40.0,489539,0,145294,0
PJME_hydrogen_fframe_ct_moderate_0,PJME,Hydrogen_F-Frame CT_Moderate,0,1079,15,0,1,0,0,0,0,0,0,0.0,0.0,0,0,0.0,0.0,0.0,0.0,0.0,-1,100.0,0,-1.0,-1.0,0,0,0,0.0,0.0,1074750.009,78513,0,0.0,0,0,6.15,0.0,0,0,137.0,3.5,9.72,0.0,0.0,hydrogen,0.3,0.0,1.0,1.0,0.0,0.0,0.0,0.0,0.0,0.0,0.0,0,0,0,0.0,0,0.0,0.0,0.0,0.0,0.0,3.78,3.78,1,1,0.0,0.0,0,0,0,0,0.0,0.0,1.123,0.0,0,0,0,0,0,0,0,0,0,0,0,0,0.0,0.0,0,0,0,0,0,0,0,0,0,1,0,0.0,0,0.0,0.93,0,0.0,0,0,0.0,0,0,0,0,0.0,0,0.0,0.0,0.0,30.0,0.05,30.0,78480,0,21509,0
PJME_hydrogen_hframe_cc_moderate_0,PJME,Hydrogen_H-Frame CC_Moderate,0,1080,15,0,1,0,0,0,0,0,0,0.0,0.0,0,0,0.0,0.0,0.0,0.0,0.0,-1,500.0,0,-1.0,-1.0,0,0,0,0.0,0.0,1206361.156,93543,0,0.0,0,0,1.72,0.0,0,0,106.0,2.0,6.09,0.0,0.0,hydrogen,0.3,0.0,1.0,1.0,0.0,0.0,0.0,0.0,0.0,0.0,0.0,0,0,0,0.0,0,0.0,0.0,0.0,0.0,0.0,0.64,0.64,6,6,0.0,0.0,0,0,0,0,0.0,0.0,1.192,0.0,0,0,0,0,0,0,0,0,0,0,0,0,0.0,0.0,0,0,0,0,0,0,0,0,0,1,0,0.0,0,0.0,0.93,0,0.0,0,0,0.0,0,0,0,0,0.0,0,0.0,0.0,0.0,30.0,0.05,30.0,93529,0,26266,0
PJME_landbasedwind_class3_moderate_0_anyQual_0,PJME,LandbasedWind_Class3_Moderate_,0_anyQual_0,1081,15,1,0,1,0,0,0,0,0,0.0,0.0,0,0,0.0,206.0,0.0,0.0,0.0,-1,1.0,0,206.4,-1.0,0,0,0,0.0,0.0,1065951.189,98124,136537,0.0,0,0,0.0,0.0,0,0,0.0,0.0,0.0,0.0,0.0,None,0.0,0.0,1.0,1.0,0.0,0.0,0.0,0.0,0.0,0.0,0.0,0,0,0,0.0,0,0.0,0.0,0.0,0.0,0.0,1.0,1.0,0,0,0.0,0.0,0,0,0,0,8127.319,158908.8,1.266,0.501762866973877,0,0,0,0,0,0,0,0,0,0,0,0,0.0,0.0,0,0,0,0,0,0,0,1,0,1,0,0.0,1,0.0,0.8,0,0.0,0,0,0.0,0,0,0,0,0.0,0,0.0,0.0,0.0,30.0,0.05,30.0,95921,0,25258,0
PJME_landbasedwind_class3_moderate_1_anyQual_0,PJME,LandbasedWind_Class3_Moderate_,1_anyQual_0,1082,15,1,0,1,0,0,0,0,0,0.0,0.0,0,0,0.0,87.0,0.0,0.0,0.0,-1,1.0,0,87.1,-1.0,0,0,0,0.0,0.0,1065951.189,98069,136482,0.0,0,0,0.0,0.0,0,0,0.0,0.0,0.0,0.0,0.0,None,0.0,0.0,1.0,1.0,0.0,0.0,0.0,0.0,0.0,0.0,0.0,0,0,0,0.0,0,0.0,0.0,0.0,0.0,0.0,1.0,1.0,0,0,0.0,0.0,0,0,0,0,8084.136,158064.45,1.266,0.4448485374450683,0,0,0,0,0,0,0,0,0,0,0,0,0.0,0.0,0,0,0,0,0,0,0,1,0,1,0,0.0,1,0.0,0.8,0,0.0,0,0,0.0,0,0,0,0,0.0,0,0.0,0.0,0.0,30.0,0.05,30.0,95878,0,25258,0
PJME_landbasedwind_class3_moderate_2_anyQual_1,PJME,LandbasedWind_Class3_Moderate_,2_anyQual_1,1083,15,1,0,1,0,0,0,0,0,0.0,0.0,0,0,0.0,1663.0,0.0,0.0,0.0,-1,1.0,0,1663.4,-1.0,0,0,0,0.0,0.0,1065951.189,99160,137574,0.0,0,0,0.0,0.0,0,0,0.0,0.0,0.0,0.0,0.0,None,0.0,0.0,1.0,1.0,0.0,0.0,0.0,0.0,0.0,0.0,0.0,0,0,0,0.0,0,0.0,0.0,0.0,0.0,0.0,1.0,1.0,0,0,0.0,0.0,0,0,0,0,8942.275,174843.151,1.266,0.5104542374610901,0,0,0,0,0,0,0,0,0,0,0,0,0.0,0.0,0,0,0,0,0,0,0,1,0,1,0,0.0,1,0.0,0.8,0,0.0,0,0,0.0,0,0,0,0,0.0,0,0.0,0.0,0.0,30.0,0.05,30.0,96736,0,25258,0
PJME_landbasedwind_class3_moderate_3_anyQual_1,PJME,LandbasedWind_Class3_Moderate_,3_anyQual_1,1084,15,1,0,1,0,0,0,0,0,0.0,0.0,0,0,0.0,64.0,0.0,0.0,0.0,-1,1.0,0,64.5,-1.0,0,0,0,0.0,0.0,1065951.189,97749,136162,0.0,0,0,0.0,0.0,0,0,0.0,0.0,0.0,0.0,0.0,None,0.0,0.0,1.0,1.0,0.0,0.0,0.0,0.0,0.0,0.0,0.0,0,0,0,0.0,0,0.0,0.0,0.0,0.0,0.0,1.0,1.0,0,0,0.0,0.0,0,0,0,0,7832.429,153142.971,1.266,0.4183371067047119,0,0,0,0,0,0,0,0,0,0,0,0,0.0,0.0,0,0,0,0,0,0,0,1,0,1,0,0.0,1,0.0,0.8,0,0.0,0,0,0.0,0,0,0,0,0.0,0,0.0,0.0,0.0,30.0,0.05,30.0,95626,0,25258,0
PJME_landbasedwind_class3_moderate_4_anyQual_0,PJME,LandbasedWind_Class3_Moderate_,4_anyQual_0,1085,15,1,0,1,0,0,0,0,0,0.0,0.0,0,0,0.0,376.0,0.0,0.0,0.0,-1,1.0,0,376.0,-1.0,0,0,0,0.0,0.0,1065951.189,106136,144549,0.0,0,0,0.0,0.0,0,0,0.0,0.0,0.0,0.0,0.0,None,0.0,0.0,1.0,1.0,0.0,0.0,0.0,0.0,0.0,0.0,0.0,0,0,0,0.0,0,0.0,0.0,0.0,0.0,0.0,1.0,1.0,0,0,0.0,0.0,0,0,0,0,14426.364,282070.401,1.266,0.4608970880508423,0,0,0,0,0,0,0,0,0,0,0,0,0.0,0.0,0,0,0,0,0,0,0,1,0,1,0,0.0,1,0.0,0.8,0,0.0,0,0,0.0,0,0,0,0,0.0,0,0.0,0.0,0.0,30.0,0.05,30.0,102220,0,25258,0
PJME_landbasedwind_class3_moderate_5_anyQual_0,PJME,LandbasedWind_Class3_Moderate_,5_anyQual_0,1086,15,1,0,1,0,0,0,0,0,0.0,0.0,0,0,0.0,362.6,0.0,0.0,0.0,-1,1.0,0,362.6,-1.0,0,0,0,0.0,0.0,1065951.189,100775,139188,0.0,0,0,0.0,0.0,0,0,0.0,0.0,0.0,0.0,0.0,None,0.0,0.0,1.0,1.0,0.0,0.0,0.0,0.0,0.0,0.0,0.0,0,0,0,0.0,0,0.0,0.0,0.0,0.0,0.0,1.0,1.0,0,0,0.0,0.0,0,0,0,0,10211.322,199656.983,1.266,0.4024562537670135,0,0,0,0,0,0,0,0,0,0,0,0,0.0,0.0,0,0,0,0,0,0,0,1,0,1,0,0.0,1,0.0,0.8,0,0.0,0,0,0.0,0,0,0,0,0.0,0,0.0,0.0,0.0,30.0,0.05,30.0,98005,0,25258,0
PJME_landbasedwind_class3_moderate_6_anyQual_1,PJME,LandbasedWind_Class3_Moderate_,6_anyQual_1,1087,15,1,0,1,0,0,0,0,0,0.0,0.0,0,0,0.0,1013.6,0.0,0.0,0.0,-1,1.0,0,1013.6,-1.0,0,0,0,0.0,0.0,1065951.189,114461,152874,0.0,0,0,0.0,0.0,0,0,0.0,0.0,0.0,0.0,0.0,None,0.0,0.0,1.0,1.0,0.0,0.0,0.0,0.0,0.0,0.0,0.0,0,0,0,0.0,0,0.0,0.0,0.0,0.0,0.0,1.0,1.0,0,0,0.0,0.0,0,0,0,0,20971.656,410050.667,1.266,0.4582130908966064,0,0,0,0,0,0,0,0,0,0,0,0,0.0,0.0,0,0,0,0,0,0,0,1,0,1,0,0.0,1,0.0,0.8,0,0.0,0,0,0.0,0,0,0,0,0.0,0,0.0,0.0,0.0,30.0,0.05,30.0,108765,0,25258,0
PJME_landbasedwind_class3_moderate_7_anyQual_1,PJME,LandbasedWind_Class3_Moderate_,7_anyQual_1,1088,15,1,0,1,0,0,0,0,0,0.0,0.0,0,0,0.0,278.8,0.0,0.0,0.0,-1,1.0,0,278.8,-1.0,0,0,0,0.0,0.0,1065951.189,100870,139284,0.0,0,0,0.0,0.0,0,0,0.0,0.0,0.0,0.0,0.0,None,0.0,0.0,1.0,1.0,0.0,0.0,0.0,0.0,0.0,0.0,0.0,0,0,0,0.0,0,0.0,0.0,0.0,0.0,0.0,1.0,1.0,0,0,0.0,0.0,0,0,0,0,10286.565,201127.631,1.266,0.3956435918807983,0,0,0,0,0,0,0,0,0,0,0,0,0.0,0.0,0,0,0,0,0,0,0,1,0,1,0,0.0,1,0.0,0.8,0,0.0,0,0,0.0,0,0,0,0,0.0,0,0.0,0.0,0.0,30.0,0.05,30.0,98080,0,25258,0
PJME_landbasedwind_class3_moderate_8_anyQual_0,PJME,LandbasedWind_Class3_Moderate_,8_anyQual_0,1089,15,1,0,1,0,0,0,0,0,0.0,0.0,0,0,0.0,1177.7,0.0,0.0,0.0,-1,1.0,0,1177.7,-1.0,0,0,0,0.0,0.0,1065951.189,121884,160297,0.0,0,0,0.0,0.0,0,0,0.0,0.0,0.0,0.0,0.0,None,0.0,0.0,1.0,1.0,0.0,0.0,0.0,0.0,0.0,0.0,0.0,0,0,0,0.0,0,0.0,0.0,0.0,0.0,0.0,1.0,1.0,0,0,0.0,0.0,0,0,0,0,26807.68,524155.208,1.266,0.4170377552509308,0,0,0,0,0,0,0,0,0,0,0,0,0.0,0.0,0,0,0,0,0,0,0,1,0,1,0,0.0,1,0.0,0.8,0,0.0,0,0,0.0,0,0,0,0,0.0,0,0.0,0.0,0.0,30.0,0.05,30.0,114601,0,25258,0
PJME_landbasedwind_class3_moderate_9_anyQual_0,PJME,LandbasedWind_Class3_Moderate_,9_anyQual_0,1090,15,1,0,1,0,0,0,0,0,0.0,0.0,0,0,0.0,139.7,0.0,0.0,0.0,-1,1.0,0,139.7,-1.0,0,0,0,0.0,0.0,1065951.189,111925,150338,0.0,0,0,0.0,0.0,0,0,0.0,0.0,0.0,0.0,0.0,None,0.0,0.0,1.0,1.0,0.0,0.0,0.0,0.0,0.0,0.0,0.0,0,0,0,0.0,0,0.0,0.0,0.0,0.0,0.0,1.0,1.0,0,0,0.0,0.0,0,0,0,0,18977.983,371067.632,1.266,0.2927154898643493,0,0,0,0,0,0,0,0,0,0,0,0,0.0,0.0,0,0,0,0,0,0,0,1,0,1,0,0.0,1,0.0,0.8,0,0.0,0,0,0.0,0,0,0,0,0.0,0,0.0,0.0,0.0,30.0,0.05,30.0,106771,0,25258,0
PJME_landbasedwind_class3_moderate_10_anyQual_1,PJME,LandbasedWind_Class3_Moderate_,10_anyQual_1,1091,15,1,0,1,0,0,0,0,0,0.0,0.0,0,0,0.0,583.0,0.0,0.0,0.0,-1,1.0,0,583.2,-1.0,0,0,0,0.0,0.0,1065951.189,116479,154893,0.0,0,0,0.0,0.0,0,0,0.0,0.0,0.0,0.0,0.0,None,0.0,0.0,1.0,1.0,0.0,0.0,0.0,0.0,0.0,0.0,0.0,0,0,0,0.0,0,0.0,0.0,0.0,0.0,0.0,1.0,1.0,0,0,0.0,0.0,0,0,0,0,22558.65,441080.613,1.266,0.3524702787399292,0,0,0,0,0,0,0,0,0,0,0,0,0.0,0.0,0,0,0,0,0,0,0,1,0,1,0,0.0,1,0.0,0.8,0,0.0,0,0,0.0,0,0,0,0,0.0,0,0.0,0.0,0.0,30.0,0.05,30.0,110352,0,25258,0
PJME_landbasedwind_class3_moderate_11_anyQual_1,PJME,LandbasedWind_Class3_Moderate_,11_anyQual_1,1092,15,1,0,1,0,0,0,0,0,0.0,0.0,0,0,0.0,0.0,0.0,0.0,0.0,-1,1.0,0,97.5,-1.0,0,0,0,0.0,0.0,1065951.189,113380,0,0.0,0,0,0.0,0.0,0,0,0.0,0.0,0.0,0.0,0.0,None,0.0,0.0,1.0,1.0,0.0,0.0,0.0,0.0,0.0,0.0,0.0,0,0,0,0.0,0,0.0,0.0,0.0,0.0,0.0,1.0,1.0,0,0,0.0,0.0,0,0,0,0,20121.641,393432.048,1.266,0.2565537989139557,0,0,0,0,0,0,0,0,0,0,0,0,0.0,0.0,0,0,0,0,0,0,0,1,0,1,0,0.0,1,0.0,0.8,0,0.0,0,0,0.0,0,0,0,0,0.0,0,0.0,0.0,0.0,30.0,0.05,30.0,107915,0,25258,0
PJME_utilitypv_class1_moderate_0_anyQual_0,PJME,UtilityPV_Class1_Moderate_,0_anyQual_0,1093,15,1,0,1,0,0,0,0,0,0.0,0.0,0,0,0.0,9641.0,0.0,0.0,0.0,-1,1.0,0,9642.4,-1.0,0,0,0,0.0,0.0,871935.36,62786,102351,0.0,0,0,0.0,0.0,0,0,0.0,0.0,0.0,0.0,0.0,None,0.0,0.0,1.0,1.0,0.0,0.0,0.0,0.0,0.0,0.0,0.0,0,0,0,0.0,0,0.0,0.0,0.0,0.0,0.0,1.0,1.0,0,0,0.0,0.0,0,0,0,0,3074.415,60112.264,1.038,0.2451538741588592,0,0,0,0,0,0,0,0,0,0,0,0,0.0,0.0,0,0,0,0,0,0,0,1,0,1,0,0.0,1,0.0,0.8,0,0.0,0,0,0.0,0,0,0,0,0.0,0,0.0,0.0,0.0,30.0,0.05,30.0,61925,0,15760,0
PJME_utilitypv_class1_moderate_1_anyQual_1,PJME,UtilityPV_Class1_Moderate_,1_anyQual_1,1094,15,1,0,1,0,0,0,0,0,0.0,0.0,0,0,0.0,7532.0,0.0,0.0,0.0,-1,1.0,0,7532.7,-1.0,0,0,0,0.0,0.0,871935.36,62724,102289,0.0,0,0,0.0,0.0,0,0,0.0,0.0,0.0,0.0,0.0,None,0.0,0.0,1.0,1.0,0.0,0.0,0.0,0.0,0.0,0.0,0.0,0,0,0,0.0,0,0.0,0.0,0.0,0.0,0.0,1.0,1.0,0,0,0.0,0.0,0,0,0,0,3025.246,59150.893,1.038,0.2432974129915237,0,0,0,0,0,0,0,0,0,0,0,0,0.0,0.0,0,0,0,0,0,0,0,1,0,1,0,0.0,1,0.0,0.8,0,0.0,0,0,0.0,0,0,0,0,0.0,0,0.0,0.0,0.0,30.0,0.05,30.0,61876,0,15760,0
PJME_utilitypv_class1_moderate_2_anyQual_0,PJME,UtilityPV_Class1_Moderate_,2_anyQual_0,1095,15,1,0,1,0,0,0,0,0,0.0,0.0,0,0,0.0,8703.0,0.0,0.0,0.0,-1,1.0,0,14909.8,-1.0,0,0,0,0.0,0.0,871935.36,67181,106745,0.0,0,0,0.0,0.0,0,0,0.0,0.0,0.0,0.0,0.0,None,0.0,0.0,1.0,1.0,0.0,0.0,0.0,0.0,0.0,0.0,0.0,0,0,0,0.0,0,0.0,0.0,0.0,0.0,0.0,1.0,1.0,0,0,0.0,0.0,0,0,0,0,6529.884,127675.072,1.038,0.2449854761362075,0,0,0,0,0,0,0,0,0,0,0,0,0.0,0.0,0,0,0,0,0,0,0,1,0,1,0,0.0,1,0.0,0.8,0,0.0,0,0,0.0,0,0,0,0,0.0,0,0.0,0.0,0.0,30.0,0.05,30.0,65380,0,15760,0
PJME_utilitypv_class1_moderate_3_anyQual_1,PJME,UtilityPV_Class1_Moderate_,3_anyQual_1,1096,15,1,0,1,0,0,0,0,0,0.0,0.0,0,0,0.0,2253.0,0.0,0.0,0.0,-1,1.0,0,2253.1,-1.0,0,0,0,0.0,0.0,871935.36,65178,104743,0.0,0,0,0.0,0.0,0,0,0.0,0.0,0.0,0.0,0.0,None,0.0,0.0,1.0,1.0,0.0,0.0,0.0,0.0,0.0,0.0,0.0,0,0,0,0.0,0,0.0,0.0,0.0,0.0,0.0,1.0,1.0,0,0,0.0,0.0,0,0,0,0,4954.828,96878.906,1.038,0.2430716753005981,0,0,0,0,0,0,0,0,0,0,0,0,0.0,0.0,0,0,0,0,0,0,0,1,0,1,0,0.0,1,0.0,0.8,0,0.0,0,0,0.0,0,0,0,0,0.0,0,0.0,0.0,0.0,30.0,0.05,30.0,63805,0,15760,0
PJME_utilitypv_class1_moderate_4_anyQual_0,PJME,UtilityPV_Class1_Moderate_,4_anyQual_0,1097,15,1,0,1,0,0,0,0,0,0.0,0.0,0,0,0.0,0.0,0.0,0.0,0.0,-1,1.0,0,14270.2,-1.0,0,0,0,0.0,0.0,871935.36,74873,0,0.0,0,0,0.0,0.0,0,0,0.0,0.0,0.0,0.0,0.0,None,0.0,0.0,1.0,1.0,0.0,0.0,0.0,0.0,0.0,0.0,0.0,0,0,0,0.0,0,0.0,0.0,0.0,0.0,0.0,1.0,1.0,0,0,0.0,0.0,0,0,0,0,12576.865,245908.398,1.038,0.2456147819757461,0,0,0,0,0,0,0,0,0,0,0,0,0.0,0.0,0,0,0,0,0,0,0,1,0,1,0,0.0,1,0.0,0.8,0,0.0,0,0,0.0,0,0,0,0,0.0,0,0.0,0.0,0.0,30.0,0.05,30.0,71427,0,15760,0
PJME_utilitypv_class1_moderate_5_anyQual_1,PJME,UtilityPV_Class1_Moderate_,5_anyQual_1,1098,15,1,0,1,0,0,0,0,0,0.0,0.0,0,0,0.0,0.0,0.0,0.0,0.0,-1,1.0,0,2863.3,-1.0,0,0,0,0.0,0.0,871935.36,75535,0,0.0,0,0,0.0,0.0,0,0,0.0,0.0,0.0,0.0,0.0,None,0.0,0.0,1.0,1.0,0.0,0.0,0.0,0.0,0.0,0.0,0.0,0,0,0,0.0,0,0.0,0.0,0.0,0.0,0.0,1.0,1.0,0,0,0.0,0.0,0,0,0,0,13097.277,256083.523,1.038,0.2439783364534378,0,0,0,0,0,0,0,0,0,0,0,0,0.0,0.0,0,0,0,0,0,0,0,1,0,1,0,0.0,1,0.0,0.8,0,0.0,0,0,0.0,0,0,0,0,0.0,0,0.0,0.0,0.0,30.0,0.05,30.0,71948,0,15760,0
PJME_utilitypv_class1_moderate_6_anyQual_0,PJME,UtilityPV_Class1_Moderate_,6_anyQual_0,1099,15,1,0,1,0,0,0,0,0,0.0,0.0,0,0,0.0,0.0,0.0,0.0,0.0,-1,1.0,0,9778.7,-1.0,0,0,0,0.0,0.0,871935.36,80929,0,0.0,0,0,0.0,0.0,0,0,0.0,0.0,0.0,0.0,0.0,None,0.0,0.0,1.0,1.0,0.0,0.0,0.0,0.0,0.0,0.0,0.0,0,0,0,0.0,0,0.0,0.0,0.0,0.0,0.0,1.0,1.0,0,0,0.0,0.0,0,0,0,0,17338.224,339007.304,1.038,0.2451313585042953,0,0,0,0,0,0,0,0,0,0,0,0,0.0,0.0,0,0,0,0,0,0,0,1,0,1,0,0.0,1,0.0,0.8,0,0.0,0,0,0.0,0,0,0,0,0.0,0,0.0,0.0,0.0,30.0,0.05,30.0,76189,0,15760,0
PJME_utilitypv_class1_moderate_7_anyQual_1,PJME,UtilityPV_Class1_Moderate_,7_anyQual_1,1100,15,1,0,1,0,0,0,0,0,0.0,0.0,0,0,0.0,0.0,0.0,0.0,0.0,-1,1.0,0,7366.5,-1.0,0,0,0,0.0,0.0,871935.36,79908,0,0.0,0,0,0.0,0.0,0,0,0.0,0.0,0.0,0.0,0.0,None,0.0,0.0,1.0,1.0,0.0,0.0,0.0,0.0,0.0,0.0,0.0,0,0,0,0.0,0,0.0,0.0,0.0,0.0,0.0,1.0,1.0,0,0,0.0,0.0,0,0,0,0,16536.021,323319.496,1.038,0.2449185401201248,0,0,0,0,0,0,0,0,0,0,0,0,0.0,0.0,0,0,0,0,0,0,0,1,0,1,0,0.0,1,0.0,0.8,0,0.0,0,0,0.0,0,0,0,0,0.0,0,0.0,0.0,0.0,30.0,0.05,30.0,75387,0,15760,0
PJME_utilitypv_class1_moderate_8_anyQual_0,PJME,UtilityPV_Class1_Moderate_,8_anyQual_0,1101,15,1,0,1,0,0,0,0,0,0.0,0.0,0,0,0.0,0.0,0.0,0.0,0.0,-1,1.0,0,8322.4,-1.0,0,0,0,0.0,0.0,871935.36,85429,0,0.0,0,0,0.0,0.0,0,0,0.0,0.0,0.0,0.0,0.0,None,0.0,0.0,1.0,1.0,0.0,0.0,0.0,0.0,0.0,0.0,0.0,0,0,0,0.0,0,0.0,0.0,0.0,0.0,0.0,1.0,1.0,0,0,0.0,0.0,0,0,0,0,20876.312,408185.549,1.038,0.2460444420576095,0,0,0,0,0,0,0,0,0,0,0,0,0.0,0.0,0,0,0,0,0,0,0,1,0,1,0,0.0,1,0.0,0.8,0,0.0,0,0,0.0,0,0,0,0,0.0,0,0.0,0.0,0.0,30.0,0.05,30.0,79727,0,15760,0
PJME_utilitypv_class1_moderate_9_anyQual_1,PJME,UtilityPV_Class1_Moderate_,9_anyQual_1,1102,15,1,0,1,0,0,0,0,0,0.0,0.0,0,0,0.0,0.0,0.0,0.0,0.0,-1,1.0,0,8830.0,-1.0,0,0,0,0.0,0.0,871935.36,83456,0,0.0,0,0,0.0,0.0,0,0,0.0,0.0,0.0,0.0,0.0,None,0.0,0.0,1.0,1.0,0.0,0.0,0.0,0.0,0.0,0.0,0.0,0,0,0,0.0,0,0.0,0.0,0.0,0.0,0.0,1.0,1.0,0,0,0.0,0.0,0,0,0,0,19325.07,377853.721,1.038,0.2438647150993347,0,0,0,0,0,0,0,0,0,0,0,0,0.0,0.0,0,0,0,0,0,0,0,1,0,1,0,0.0,1,0.0,0.8,0,0.0,0,0,0.0,0,0,0,0,0.0,0,0.0,0.0,0.0,30.0,0.05,30.0,78176,0,15760,0
PJME_offshorewind_class3_moderate_fixed_1_1,PJME,OffShoreWind_Class3_Moderate_fixed_1,1,1103,15,1,0,1,0,0,0,0,0,0.0,0.0,0,0,0.0,0.0,0.0,0.0,0.0,-1,1.0,0,2882.2,-1.0,0,0,0,0.0,0.0,2642898.3,254450,0,0.0,0,0,0.0,0.0,0,0,0.0,0.0,0.0,0.0,0.0,None,0.0,0.0,1.0,1.0,0.0,0.0,0.0,0.0,0.0,0.0,0.0,0,0,0,0.0,0,0.0,0.0,0.0,0.0,0.0,1.0,1.0,0,0,0.0,0.0,0,0,0,0,64882.921,1268618.417,1.0,0.4598504304885864,0,0,0,0,0,0,0,0,0,1,0,0,0.0,0.0,0,0,0,0,0,0,0,1,0,1,0,0.0,1,0.0,0.8,0,0.0,0,0,0.0,0,0,0,0,0.0,0,0.0,0.0,0.0,30.0,0.05,30.0,236806,0,82811,0
PJME_offshorewind_class3_moderate_fixed_1_2,PJME,OffShoreWind_Class3_Moderate_fixed_1,2,1104,15,1,0,1,0,0,0,0,0,0.0,0.0,0,0,0.0,0.0,0.0,0.0,0.0,-1,1.0,0,2882.4,-1.0,0,0,0,0.0,0.0,2642898.3,258889,0,0.0,0,0,0.0,0.0,0,0,0.0,0.0,0.0,0.0,0.0,None,0.0,0.0,1.0,1.0,0.0,0.0,0.0,0.0,0.0,0.0,0.0,0,0,0,0.0,0,0.0,0.0,0.0,0.0,0.0,1.0,1.0,0,0,0.0,0.0,0,0,0,0,68372.825,1336854.512,1.0,0.4539124667644501,0,0,0,0,0,0,0,0,0,1,0,0,0.0,0.0,0,0,0,0,0,0,0,1,0,1,0,0.0,1,0.0,0.8,0,0.0,0,0,0.0,0,0,0,0,0.0,0,0.0,0.0,0.0,30.0,0.05,30.0,240296,0,82811,0
PJME_offshorewind_class3_moderate_fixed_1_3,PJME,OffShoreWind_Class3_Moderate_fixed_1,3,1105,15,1,0,1,0,0,0,0,0,0.0,0.0,0,0,0.0,0.0,0.0,0.0,0.0,-1,1.0,0,2800.9,-1.0,0,0,0,0.0,0.0,2642898.3,261233,0,0.0,0,0,0.0,0.0,0,0,0.0,0.0,0.0,0.0,0.0,None,0.0,0.0,1.0,1.0,0.0,0.0,0.0,0.0,0.0,0.0,0.0,0,0,0,0.0,0,0.0,0.0,0.0,0.0,0.0,1.0,1.0,0,0,0.0,0.0,0,0,0,0,70216.25,1372897.958,1.0,0.4552284181118011,0,0,0,0,0,0,0,0,0,1,0,0,0.0,0.0,0,0,0,0,0,0,0,1,0,1,0,0.0,1,0.0,0.8,0,0.0,0,0,0.0,0,0,0,0,0.0,0,0.0,0.0,0.0,30.0,0.05,30.0,242140,0,82811,0
PJME_offshorewind_class12_moderate_floating_1_1,PJME,OffShoreWind_Class12_Moderate_floating_1,1,1106,15,1,0,1,0,0,0,0,0,0.0,0.0,0,0,0.0,0.0,0.0,0.0,0.0,-1,1.0,0,256.0,-1.0,0,0,0,0.0,0.0,4211164.784,368575,0,0.0,0,0,0.0,0.0,0,0,0.0,0.0,0.0,0.0,0.0,None,0.0,0.0,1.0,1.0,0.0,0.0,0.0,0.0,0.0,0.0,0.0,0,0,0,0.0,0,0.0,0.0,0.0,0.0,0.0,1.0,1.0,0,0,0.0,0.0,0,0,0,0,74402.039,1454740.15,1.0,0.4723880887031555,0,0,0,0,0,0,0,0,0,1,0,0,0.0,0.0,0,0,0,0,0,0,0,1,0,1,0,0.0,1,0.0,0.8,0,0.0,0,0,0.0,0,0,0,0,0.0,0,0.0,0.0,0.0,30.0,0.05,30.0,348344,0,72317,0
PJME_offshorewind_class12_moderate_floating_1_2,PJME,OffShoreWind_Class12_Moderate_floating_1,2,1107,15,1,0,1,0,0,0,0,0,0.0,0.0,0,0,0.0,0.0,0.0,0.0,0.0,-1,1.0,0,244.9,-1.0,0,0,0,0.0,0.0,4211164.784,369027,0,0.0,0,0,0.0,0.0,0,0,0.0,0.0,0.0,0.0,0.0,None,0.0,0.0,1.0,1.0,0.0,0.0,0.0,0.0,0.0,0.0,0.0,0,0,0,0.0,0,0.0,0.0,0.0,0.0,0.0,1.0,1.0,0,0,0.0,0.0,0,0,0,0,74756.858,1461677.847,1.0,0.4727178514003753,0,0,0,0,0,0,0,0,0,1,0,0,0.0,0.0,0,0,0,0,0,0,0,1,0,1,0,0.0,1,0.0,0.8,0,0.0,0,0,0.0,0,0,0,0,0.0,0,0.0,0.0,0.0,30.0,0.05,30.0,348698,0,72317,0
PJME_offshorewind_class12_moderate_floating_1_3,PJME,OffShoreWind_Class12_Moderate_floating_1,3,1108,15,1,0,1,0,0,0,0,0,0.0,0.0,0,0,0.0,0.0,0.0,0.0,0.0,-1,1.0,0,128.0,-1.0,0,0,0,0.0,0.0,4211164.784,369317,0,0.0,0,0,0.0,0.0,0,0,0.0,0.0,0.0,0.0,0.0,None,0.0,0.0,1.0,1.0,0.0,0.0,0.0,0.0,0.0,0.0,0.0,0,0,0,0.0,0,0.0,0.0,0.0,0.0,0.0,1.0,1.0,0,0,0.0,0.0,0,0,0,0,74985.525,1466148.9,1.0,0.4745950996875763,0,0,0,0,0,0,0,0,0,1,0,0,0.0,0.0,0,0,0,0,0,0,0,1,0,1,0,0.0,1,0.0,0.8,0,0.0,0,0,0.0,0,0,0,0,0.0,0,0.0,0.0,0.0,30.0,0.05,30.0,348927,0,72317,0
PJME_offshorewind_class3_moderate_fixed_0_1,PJME,OffShoreWind_Class3_Moderate_fixed_0,1,1109,15,1,0,1,0,0,0,0,0,0.0,0.0,0,0,0.0,0.0,0.0,0.0,0.0,-1,1.0,0,22293.5,-1.0,0,0,0,0.0,0.0,2642898.3,244711,0,0.0,0,0,0.0,0.0,0,0,0.0,0.0,0.0,0.0,0.0,None,0.0,0.0,1.0,1.0,0.0,0.0,0.0,0.0,0.0,0.0,0.0,0,0,0,0.0,0,0.0,0.0,0.0,0.0,0.0,1.0,1.0,0,0,0.0,0.0,0,0,0,0,57226.126,1118909.531,1.0,0.4568891823291778,0,0,0,0,0,0,0,0,0,1,0,0,0.0,0.0,0,0,0,0,0,0,0,1,0,1,0,0.0,1,0.0,0.8,0,0.0,0,0,0.0,0,0,0,0,0.0,0,0.0,0.0,0.0,30.0,0.05,30.0,229150,0,82811,0
PJME_offshorewind_class3_moderate_fixed_0_2,PJME,OffShoreWind_Class3_Moderate_fixed_0,2,1110,15,1,0,1,0,0,0,0,0,0.0,0.0,0,0,0.0,0.0,0.0,0.0,0.0,-1,1.0,0,22249.8,-1.0,0,0,0,0.0,0.0,2642898.3,250916,0,0.0,0,0,0.0,0.0,0,0,0.0,0.0,0.0,0.0,0.0,None,0.0,0.0,1.0,1.0,0.0,0.0,0.0,0.0,0.0,0.0,0.0,0,0,0,0.0,0,0.0,0.0,0.0,0.0,0.0,1.0,1.0,0,0,0.0,0.0,0,0,0,0,62104.566,1214294.84,1.0,0.458824098110199,0,0,0,0,0,0,0,0,0,1,0,0,0.0,0.0,0,0,0,0,0,0,0,1,0,1,0,0.0,1,0.0,0.8,0,0.0,0,0,0.0,0,0,0,0,0.0,0,0.0,0.0,0.0,30.0,0.05,30.0,234028,0,82811,0
PJME_offshorewind_class3_moderate_fixed_0_3,PJME,OffShoreWind_Class3_Moderate_fixed_0,3,1111,15,1,0,1,0,0,0,0,0,0.0,0.0,0,0,0.0,0.0,0.0,0.0,0.0,-1,1.0,0,22187.5,-1.0,0,0,0,0.0,0.0,2642898.3,256811,0,0.0,0,0,0.0,0.0,0,0,0.0,0.0,0.0,0.0,0.0,None,0.0,0.0,1.0,1.0,0.0,0.0,0.0,0.0,0.0,0.0,0.0,0,0,0,0.0,0,0.0,0.0,0.0,0.0,0.0,1.0,1.0,0,0,0.0,0.0,0,0,0,0,66739.53,1304919.625,1.0,0.4564736783504486,0,0,0,0,0,0,0,0,0,1,0,0,0.0,0.0,0,0,0,0,0,0,0,1,0,1,0,0.0,1,0.0,0.8,0,0.0,0,0,0.0,0,0,0,0,0.0,0,0.0,0.0,0.0,30.0,0.05,30.0,238663,0,82811,0
PJME_offshorewind_class12_moderate_floating_0_1,PJME,OffShoreWind_Class12_Moderate_floating_0,1,1112,15,1,0,1,0,0,0,0,0,0.0,0.0,0,0,0.0,0.0,0.0,0.0,0.0,-1,1.0,0,15296.2,-1.0,0,0,0,0.0,0.0,4211164.784,362772,0,0.0,0,0,0.0,0.0,0,0,0.0,0.0,0.0,0.0,0.0,None,0.0,0.0,1.0,1.0,0.0,0.0,0.0,0.0,0.0,0.0,0.0,0,0,0,0.0,0,0.0,0.0,0.0,0.0,0.0,1.0,1.0,0,0,0.0,0.0,0,0,0,0,69839.157,1365524.865,1.0,0.4665612280368805,0,0,0,0,0,0,0,0,0,1,0,0,0.0,0.0,0,0,0,0,0,0,0,1,0,1,0,0.0,1,0.0,0.8,0,0.0,0,0,0.0,0,0,0,0,0.0,0,0.0,0.0,0.0,30.0,0.05,30.0,343781,0,72317,0
PJME_offshorewind_class12_moderate_floating_0_2,PJME,OffShoreWind_Class12_Moderate_floating_0,2,1113,15,1,0,1,0,0,0,0,0,0.0,0.0,0,0,0.0,0.0,0.0,0.0,0.0,-1,1.0,0,15091.6,-1.0,0,0,0,0.0,0.0,4211164.784,367573,0,0.0,0,0,0.0,0.0,0,0,0.0,0.0,0.0,0.0,0.0,None,0.0,0.0,1.0,1.0,0.0,0.0,0.0,0.0,0.0,0.0,0.0,0,0,0,0.0,0,0.0,0.0,0.0,0.0,0.0,1.0,1.0,0,0,0.0,0.0,0,0,0,0,73614.114,1439334.416,1.0,0.4734416007995605,0,0,0,0,0,0,0,0,0,1,0,0,0.0,0.0,0,0,0,0,0,0,0,1,0,1,0,0.0,1,0.0,0.8,0,0.0,0,0,0.0,0,0,0,0,0.0,0,0.0,0.0,0.0,30.0,0.05,30.0,347556,0,72317,0
PJME_offshorewind_class12_moderate_floating_0_3,PJME,OffShoreWind_Class12_Moderate_floating_0,3,1114,15,1,0,1,0,0,0,0,0,0.0,0.0,0,0,0.0,0.0,0.0,0.0,0.0,-1,1.0,0,15174.2,-1.0,0,0,0,0.0,0.0,4211164.784,373096,0,0.0,0,0,0.0,0.0,0,0,0.0,0.0,0.0,0.0,0.0,None,0.0,0.0,1.0,1.0,0.0,0.0,0.0,0.0,0.0,0.0,0.0,0,0,0,0.0,0,0.0,0.0,0.0,0.0,0.0,1.0,1.0,0,0,0.0,0.0,0,0,0,0,77956.055,1524229.894,1.0,0.467010885477066,0,0,0,0,0,0,0,0,0,1,0,0,0.0,0.0,0,0,0,0,0,0,0,1,0,1,0,0.0,1,0.0,0.8,0,0.0,0,0,0.0,0,0,0,0,0.0,0,0.0,0.0,0.0,30.0,0.05,30.0,351898,0,72317,0
PJMW_naturalgas_hframe_cc_95_ccs_moderate_0,PJMW,NaturalGas_H-Frame CC 95% CCS_Moderate,0,1115,16,0,1,0,0,0,0,0,0,0.0,0.0,0,0,0.0,43275.0,0.0,0.0,0.0,-1,500.0,0,-1.0,-1.0,0,0,0,0.0,0.0,1943268.308,128770,203096,0.0,0,0,8.47,0.0,0,0,106.0,2.0,6.78,0.0,0.0,east_north_central_naturalgas_ccs95,0.6,0.0,1.0,1.0,0.0,0.0,0.0,0.106666667,0.213333333,0.0,0.0,0,0,0,0.95,27,2478.464,29064.657,14.368,0.342,4.911,0.64,0.64,6,6,10.0,97490.0,0,0,0,0,0.0,0.0,0.968,0.0,0,0,0,0,0,0,0,0,0,0,0,0,0.0,0.0,0,0,0,0,0,0,0,0,0,1,0,0.0,0,0.0,0.93,0,0.0,0,0,0.0,0,0,0,0,0.0,0,0.0,0.0,0.0,30.0,0.05,30.0,129544,0,46539,0
PJMW_naturalgas_hframe_cc_moderate_0,PJMW,NaturalGas_H-Frame CC_Moderate,0,1116,16,0,1,0,0,0,0,0,0,0.0,0.0,0,0,0.0,9190.0,0.0,0.0,0.0,-1,500.0,0,-1.0,-1.0,0,0,0,0.0,0.0,1096691.96,75971,109962,0.0,0,0,1.72,0.0,0,0,106.0,2.0,6.09,0.0,0.0,east_north_central_naturalgas,0.3,0.0,1.0,1.0,0.0,0.0,0.0,0.0,0.0,0.0,0.0,0,0,0,0.0,0,0.0,0.0,0.0,0.0,0.0,0.64,0.64,6,6,10.0,97490.0,0,0,0,0,0.0,0.0,0.976,0.0,0,0,0,0,0,0,0,0,0,0,0,0,0.0,0.0,0,0,0,0,0,0,0,0,0,0,0,0.0,0,0.0,0.93,0,0.0,0,0,0.0,0,0,0,0,0.0,0,0.0,0.0,0.0,30.0,0.05,30.0,74260,0,26266,0
PJMW_naturalgas_fframe_ct_moderate_0,PJMW,NaturalGas_F-Frame CT_Moderate,0,1117,16,0,1,0,0,0,0,0,0,0.0,0.0,0,0,0.0,0.0,0.0,0.0,0.0,-1,100.0,0,-1.0,-1.0,0,0,0,0.0,0.0,977045.463,67231,0,0.0,0,0,6.15,0.0,0,0,137.0,3.5,9.72,0.0,0.0,east_north_central_naturalgas,0.3,0.0,1.0,1.0,0.0,0.0,0.0,0.0,0.0,0.0,0.0,0,0,0,0.0,0,0.0,0.0,0.0,0.0,0.0,3.78,3.78,1,1,10.0,97490.0,0,0,0,0,0.0,0.0,0.958,0.0,0,0,0,0,0,0,0,0,0,0,0,0,0.0,0.0,0,0,0,0,0,0,0,0,0,0,0,0.0,0,0.0,0.93,0,0.0,0,0,0.0,0,0,0,0,0.0,0,0.0,0.0,0.0,30.0,0.05,30.0,65511,0,21509,0
PJMW_battery_moderate_0,PJMW,Battery_*_Moderate,0,1118,16,0,0,0,0,1,0,0,0,0.0,0.0,0,0,0.0,0.0,0.0,0.0,0.0,-1,1.0,0,-1.0,-1.0,0,0,0,0.0,0.0,274910.679,26406,0,205428.952,19732,0,0.15,0.15,0,0,0.0,0.0,0.0,0.0,0.0,None,0.0,0.0,0.92,0.92,0.0,1.0,10.0,0.0,0.0,0.0,0.0,0,0,0,0.0,0,0.0,0.0,0.0,0.0,0.0,1.0,1.0,0,0,0.0,0.0,0,0,0,0,0.0,0.0,0.997,0.0,0,0,0,0,0,0,0,0,0,0,0,0,0.0,0.0,0,0,0,0,0,0,0,0,0,0,0,0.0,0,0.0,0.95,0,0.0,0,0,0.0,0,0,0,0,0.0,0,0.0,0.0,0.0,15.0,0.05,15.0,26408,19734,6872,5135
PJMW_nuclear_nuclear_moderate_0,PJMW,Nuclear_Nuclear_Moderate,0,1119,16,0,1,0,0,0,0,0,0,0.0,0.0,0,0,0.0,0.0,0.0,0.0,0.0,-1,2000.0,0,-1.0,-1.0,0,0,0,0.0,0.0,7229469.526,440459,0,0.0,0,0,2.36,0.0,0,0,285.0,0.0,10.45,0.0,0.0,east_north_central_uranium,0.5,0.0,1.0,1.0,0.0,0.0,0.0,0.041666667,0.083333333,0.0,0.0,0,0,0,0.0,0,0.0,0.0,0.0,0.0,0.0,0.25,0.25,24,24,50.0,487450.0,0,0,0,0,0.0,0.0,0.978,0.0,0,0,0,0,0,0,0,0,0,0,0,0,0.0,0.0,0,0,0,0,0,0,0,0,0,1,0,0.0,0,0.0,0.93,0,0.0,0,0,0.0,0,0,0,0,0.0,0,0.0,0.0,0.0,40.0,0.05,40.0,435381,0,145294,0
PJMW_hydrogen_fframe_ct_moderate_0,PJMW,Hydrogen_F-Frame CT_Moderate,0,1120,16,0,1,0,0,0,0,0,0,0.0,0.0,0,0,0.0,0.0,0.0,0.0,0.0,-1,100.0,0,-1.0,-1.0,0,0,0,0.0,0.0,1074750.009,66978,0,0.0,0,0,6.15,0.0,0,0,137.0,3.5,9.72,0.0,0.0,hydrogen,0.3,0.0,1.0,1.0,0.0,0.0,0.0,0.0,0.0,0.0,0.0,0,0,0,0.0,0,0.0,0.0,0.0,0.0,0.0,3.78,3.78,1,1,0.0,0.0,0,0,0,0,0.0,0.0,0.958,0.0,0,0,0,0,0,0,0,0,0,0,0,0,0.0,0.0,0,0,0,0,0,0,0,0,0,1,0,0.0,0,0.0,0.93,0,0.0,0,0,0.0,0,0,0,0,0.0,0,0.0,0.0,0.0,30.0,0.05,30.0,66959,0,21509,0
PJMW_hydrogen_hframe_cc_moderate_0,PJMW,Hydrogen_H-Frame CC_Moderate,0,1121,16,0,1,0,0,0,0,0,0,0.0,0.0,0,0,0.0,0.0,0.0,0.0,0.0,-1,500.0,0,-1.0,-1.0,0,0,0,0.0,0.0,1206361.156,76592,0,0.0,0,0,1.72,0.0,0,0,106.0,2.0,6.09,0.0,0.0,hydrogen,0.3,0.0,1.0,1.0,0.0,0.0,0.0,0.0,0.0,0.0,0.0,0,0,0,0.0,0,0.0,0.0,0.0,0.0,0.0,0.64,0.64,6,6,0.0,0.0,0,0,0,0,0.0,0.0,0.976,0.0,0,0,0,0,0,0,0,0,0,0,0,0,0.0,0.0,0,0,0,0,0,0,0,0,0,1,0,0.0,0,0.0,0.93,0,0.0,0,0,0.0,0,0,0,0,0.0,0,0.0,0.0,0.0,30.0,0.05,30.0,76583,0,26266,0
PJMW_landbasedwind_class3_moderate_0_anyQual_0,PJMW,LandbasedWind_Class3_Moderate_,0_anyQual_0,1122,16,1,0,1,0,0,0,0,0,0.0,0.0,0,0,0.0,1778.0,0.0,0.0,0.0,-1,1.0,0,1778.1,-1.0,0,0,0,0.0,0.0,1065951.189,75132,110831,0.0,0,0,0.0,0.0,0,0,0.0,0.0,0.0,0.0,0.0,None,0.0,0.0,1.0,1.0,0.0,0.0,0.0,0.0,0.0,0.0,0.0,0,0,0,0.0,0,0.0,0.0,0.0,0.0,0.0,1.0,1.0,0,0,0.0,0.0,0,0,0,0,7005.755,136979.492,0.955,0.4410745799541473,0,0,0,0,0,0,0,0,0,0,0,0,0.0,0.0,0,0,0,0,0,0,0,1,0,1,0,0.0,1,0.0,0.8,0,0.0,0,0,0.0,0,0,0,0,0.0,0,0.0,0.0,0.0,30.0,0.05,30.0,73244,0,25258,0
PJMW_landbasedwind_class3_moderate_1_anyQual_1,PJMW,LandbasedWind_Class3_Moderate_,1_anyQual_1,1123,16,1,0,1,0,0,0,0,0,0.0,0.0,0,0,0.0,2617.9,0.0,0.0,0.0,-1,1.0,0,2617.9,-1.0,0,0,0,0.0,0.0,1065951.189,82004,117703,0.0,0,0,0.0,0.0,0,0,0.0,0.0,0.0,0.0,0.0,None,0.0,0.0,1.0,1.0,0.0,0.0,0.0,0.0,0.0,0.0,0.0,0,0,0,0.0,0,0.0,0.0,0.0,0.0,0.0,1.0,1.0,0,0,0.0,0.0,0,0,0,0,12408.638,242619.026,0.955,0.47822305560112,0,0,0,0,0,0,0,0,0,0,0,0,0.0,0.0,0,0,0,0,0,0,0,1,0,1,0,0.0,1,0.0,0.8,0,0.0,0,0,0.0,0,0,0,0,0.0,0,0.0,0.0,0.0,30.0,0.05,30.0,78647,0,25258,0
PJMW_landbasedwind_class3_moderate_2_anyQual_0,PJMW,LandbasedWind_Class3_Moderate_,2_anyQual_0,1124,16,1,0,1,0,0,0,0,0,0.0,0.0,0,0,0.0,752.0,0.0,0.0,0.0,-1,1.0,0,752.3,-1.0,0,0,0,0.0,0.0,1065951.189,78686,114385,0.0,0,0,0.0,0.0,0,0,0.0,0.0,0.0,0.0,0.0,None,0.0,0.0,1.0,1.0,0.0,0.0,0.0,0.0,0.0,0.0,0.0,0,0,0,0.0,0,0.0,0.0,0.0,0.0,0.0,1.0,1.0,0,0,0.0,0.0,0,0,0,0,9800.019,191614.125,0.955,0.3973909318447113,0,0,0,0,0,0,0,0,0,0,0,0,0.0,0.0,0,0,0,0,0,0,0,1,0,1,0,0.0,1,0.0,0.8,0,0.0,0,0,0.0,0,0,0,0,0.0,0,0.0,0.0,0.0,30.0,0.05,30.0,76039,0,25258,0
PJMW_landbasedwind_class3_moderate_3_anyQual_1,PJMW,LandbasedWind_Class3_Moderate_,3_anyQual_1,1125,16,1,0,1,0,0,0,0,0,0.0,0.0,0,0,0.0,3644.0,0.0,0.0,0.0,-1,1.0,0,3644.0,-1.0,0,0,0,0.0,0.0,1065951.189,83587,119286,0.0,0,0,0.0,0.0,0,0,0.0,0.0,0.0,0.0,0.0,None,0.0,0.0,1.0,1.0,0.0,0.0,0.0,0.0,0.0,0.0,0.0,0,0,0,0.0,0,0.0,0.0,0.0,0.0,0.0,1.0,1.0,0,0,0.0,0.0,0,0,0,0,13653.443,266957.929,0.955,0.4191977977752685,0,0,0,0,0,0,0,0,0,0,0,0,0.0,0.0,0,0,0,0,0,0,0,1,0,1,0,0.0,1,0.0,0.8,0,0.0,0,0,0.0,0,0,0,0,0.0,0,0.0,0.0,0.0,30.0,0.05,30.0,79892,0,25258,0
PJMW_landbasedwind_class3_moderate_4_anyQual_0,PJMW,LandbasedWind_Class3_Moderate_,4_anyQual_0,1126,16,1,0,1,0,0,0,0,0,0.0,0.0,0,0,0.0,458.0,0.0,0.0,0.0,-1,1.0,0,458.0,-1.0,0,0,0,0.0,0.0,1065951.189,78985,114684,0.0,0,0,0.0,0.0,0,0,0.0,0.0,0.0,0.0,0.0,None,0.0,0.0,1.0,1.0,0.0,0.0,0.0,0.0,0.0,0.0,0.0,0,0,0,0.0,0,0.0,0.0,0.0,0.0,0.0,1.0,1.0,0,0,0.0,0.0,0,0,0,0,10034.92,196207.021,0.955,0.3559704720973968,0,0,0,0,0,0,0,0,0,0,0,0,0.0,0.0,0,0,0,0,0,0,0,1,0,1,0,0.0,1,0.0,0.8,0,0.0,0,0,0.0,0,0,0,0,0.0,0,0.0,0.0,0.0,30.0,0.05,30.0,76273,0,25258,0
PJMW_landbasedwind_class3_moderate_5_anyQual_1,PJMW,LandbasedWind_Class3_Moderate_,5_anyQual_1,1127,16,1,0,1,0,0,0,0,0,0.0,0.0,0,0,0.0,3933.9,0.0,0.0,0.0,-1,1.0,0,3933.9,-1.0,0,0,0,0.0,0.0,1065951.189,85241,120940,0.0,0,0,0.0,0.0,0,0,0.0,0.0,0.0,0.0,0.0,None,0.0,0.0,1.0,1.0,0.0,0.0,0.0,0.0,0.0,0.0,0.0,0,0,0,0.0,0,0.0,0.0,0.0,0.0,0.0,1.0,1.0,0,0,0.0,0.0,0,0,0,0,14953.609,292379.358,0.955,0.3752870857715606,0,0,0,0,0,0,0,0,0,0,0,0,0.0,0.0,0,0,0,0,0,0,0,1,0,1,0,0.0,1,0.0,0.8,0,0.0,0,0,0.0,0,0,0,0,0.0,0,0.0,0.0,0.0,30.0,0.05,30.0,81192,0,25258,0
PJMW_landbasedwind_class3_moderate_6_anyQual_0,PJMW,LandbasedWind_Class3_Moderate_,6_anyQual_0,1128,16,1,0,1,0,0,0,0,0,0.0,0.0,0,0,0.0,133.0,0.0,0.0,0.0,-1,1.0,0,133.4,-1.0,0,0,0,0.0,0.0,1065951.189,76118,111818,0.0,0,0,0.0,0.0,0,0,0.0,0.0,0.0,0.0,0.0,None,0.0,0.0,1.0,1.0,0.0,0.0,0.0,0.0,0.0,0.0,0.0,0,0,0,0.0,0,0.0,0.0,0.0,0.0,0.0,1.0,1.0,0,0,0.0,0.0,0,0,0,0,7781.363,152144.505,0.955,0.3189345896244049,0,0,0,0,0,0,0,0,0,0,0,0,0.0,0.0,0,0,0,0,0,0,0,1,0,1,0,0.0,1,0.0,0.8,0,0.0,0,0,0.0,0,0,0,0,0.0,0,0.0,0.0,0.0,30.0,0.05,30.0,74020,0,25258,0
PJMW_landbasedwind_class3_moderate_7_anyQual_1,PJMW,LandbasedWind_Class3_Moderate_,7_anyQual_1,1129,16,1,0,1,0,0,0,0,0,0.0,0.0,0,0,0.0,4260.0,0.0,0.0,0.0,-1,1.0,0,4260.5,-1.0,0,0,0,0.0,0.0,1065951.189,89898,125597,0.0,0,0,0.0,0.0,0,0,0.0,0.0,0.0,0.0,0.0,None,0.0,0.0,1.0,1.0,0.0,0.0,0.0,0.0,0.0,0.0,0.0,0,0,0,0.0,0,0.0,0.0,0.0,0.0,0.0,1.0,1.0,0,0,0.0,0.0,0,0,0,0,18615.385,363976.189,0.955,0.3557398915290832,0,0,0,0,0,0,0,0,0,0,0,0,0.0,0.0,0,0,0,0,0,0,0,1,0,1,0,0.0,1,0.0,0.8,0,0.0,0,0,0.0,0,0,0,0,0.0,0,0.0,0.0,0.0,30.0,0.05,30.0,84854,0,25258,0
PJMW_landbasedwind_class3_moderate_8_anyQual_0,PJMW,LandbasedWind_Class3_Moderate_,8_anyQual_0,1130,16,1,0,1,0,0,0,0,0,0.0,0.0,0,0,0.0,0.0,0.0,0.0,0.0,-1,1.0,0,138.6,-1.0,0,0,0,0.0,0.0,1065951.189,89307,0,0.0,0,0,0.0,0.0,0,0,0.0,0.0,0.0,0.0,0.0,None,0.0,0.0,1.0,1.0,0.0,0.0,0.0,0.0,0.0,0.0,0.0,0,0,0,0.0,0,0.0,0.0,0.0,0.0,0.0,1.0,1.0,0,0,0.0,0.0,0,0,0,0,18150.18,354880.05,0.955,0.2557995617389679,0,0,0,0,0,0,0,0,0,0,0,0,0.0,0.0,0,0,0,0,0,0,0,1,0,1,0,0.0,1,0.0,0.8,0,0.0,0,0,0.0,0,0,0,0,0.0,0,0.0,0.0,0.0,30.0,0.05,30.0,84389,0,25258,0
PJMW_landbasedwind_class3_moderate_9_anyQual_1,PJMW,LandbasedWind_Class3_Moderate_,9_anyQual_1,1131,16,1,0,1,0,0,0,0,0,0.0,0.0,0,0,0.0,0.0,0.0,0.0,0.0,-1,1.0,0,4249.8,-1.0,0,0,0,0.0,0.0,1065951.189,98945,0,0.0,0,0,0.0,0.0,0,0,0.0,0.0,0.0,0.0,0.0,None,0.0,0.0,1.0,1.0,0.0,0.0,0.0,0.0,0.0,0.0,0.0,0,0,0,0.0,0,0.0,0.0,0.0,0.0,0.0,1.0,1.0,0,0,0.0,0.0,0,0,0,0,25727.905,503041.983,0.955,0.3123329877853393,0,0,0,0,0,0,0,0,0,0,0,0,0.0,0.0,0,0,0,0,0,0,0,1,0,1,0,0.0,1,0.0,0.8,0,0.0,0,0,0.0,0,0,0,0,0.0,0,0.0,0.0,0.0,30.0,0.05,30.0,91966,0,25258,0
PJMW_utilitypv_class1_moderate_0_anyQual_0,PJMW,UtilityPV_Class1_Moderate_,0_anyQual_0,1132,16,1,0,1,0,0,0,0,0,0.0,0.0,0,0,0.0,14642.0,0.0,0.0,0.0,-1,1.0,0,20982.2,-1.0,0,0,0,0.0,0.0,871935.36,60710,99144,0.0,0,0,0.0,0.0,0,0,0.0,0.0,0.0,0.0,0.0,None,0.0,0.0,1.0,1.0,0.0,0.0,0.0,0.0,0.0,0.0,0.0,0,0,0,0.0,0,0.0,0.0,0.0,0.0,0.0,1.0,1.0,0,0,0.0,0.0,0,0,0,0,4028.333,78763.674,0.98,0.2494005709886551,0,0,0,0,0,0,0,0,0,0,0,0,0.0,0.0,0,0,0,0,0,0,0,1,0,1,0,0.0,1,0.0,0.8,0,0.0,0,0,0.0,0,0,0,0,0.0,0,0.0,0.0,0.0,30.0,0.05,30.0,59598,0,15760,0
PJMW_utilitypv_class1_moderate_1_anyQual_0,PJMW,UtilityPV_Class1_Moderate_,1_anyQual_0,1133,16,1,0,1,0,0,0,0,0,0.0,0.0,0,0,0.0,6499.0,0.0,0.0,0.0,-1,1.0,0,6499.6,-1.0,0,0,0,0.0,0.0,871935.36,59492,97925,0.0,0,0,0.0,0.0,0,0,0.0,0.0,0.0,0.0,0.0,None,0.0,0.0,1.0,1.0,0.0,0.0,0.0,0.0,0.0,0.0,0.0,0,0,0,0.0,0,0.0,0.0,0.0,0.0,0.0,1.0,1.0,0,0,0.0,0.0,0,0,0,0,3070.572,60037.122,0.98,0.2552255690097809,0,0,0,0,0,0,0,0,0,0,0,0,0.0,0.0,0,0,0,0,0,0,0,1,0,1,0,0.0,1,0.0,0.8,0,0.0,0,0,0.0,0,0,0,0,0.0,0,0.0,0.0,0.0,30.0,0.05,30.0,58640,0,15760,0
PJMW_utilitypv_class1_moderate_2_anyQual_0,PJMW,UtilityPV_Class1_Moderate_,2_anyQual_0,1134,16,1,0,1,0,0,0,0,0,0.0,0.0,0,0,0.0,0.0,0.0,0.0,0.0,-1,1.0,0,3451.7,-1.0,0,0,0,0.0,0.0,871935.36,59092,0,0.0,0,0,0.0,0.0,0,0,0.0,0.0,0.0,0.0,0.0,None,0.0,0.0,1.0,1.0,0.0,0.0,0.0,0.0,0.0,0.0,0.0,0,0,0,0.0,0,0.0,0.0,0.0,0.0,0.0,1.0,1.0,0,0,0.0,0.0,0,0,0,0,2756.167,53889.752,0.98,0.2436351925134658,0,0,0,0,0,0,0,0,0,0,0,0,0.0,0.0,0,0,0,0,0,0,0,1,0,1,0,0.0,1,0.0,0.8,0,0.0,0,0,0.0,0,0,0,0,0.0,0,0.0,0.0,0.0,30.0,0.05,30.0,58326,0,15760,0
PJMW_utilitypv_class1_moderate_3_anyQual_1,PJMW,UtilityPV_Class1_Moderate_,3_anyQual_1,1135,16,1,0,1,0,0,0,0,0,0.0,0.0,0,0,0.0,19090.0,0.0,0.0,0.0,-1,1.0,0,19091.4,-1.0,0,0,0,0.0,0.0,871935.36,59447,97879,0.0,0,0,0.0,0.0,0,0,0.0,0.0,0.0,0.0,0.0,None,0.0,0.0,1.0,1.0,0.0,0.0,0.0,0.0,0.0,0.0,0.0,0,0,0,0.0,0,0.0,0.0,0.0,0.0,0.0,1.0,1.0,0,0,0.0,0.0,0,0,0,0,3035.074,59343.058,0.98,0.2463877201080322,0,0,0,0,0,0,0,0,0,0,0,0,0.0,0.0,0,0,0,0,0,0,0,1,0,1,0,0.0,1,0.0,0.8,0,0.0,0,0,0.0,0,0,0,0,0.0,0,0.0,0.0,0.0,30.0,0.05,30.0,58605,0,15760,0
PJMW_utilitypv_class1_moderate_4_anyQual_0,PJMW,UtilityPV_Class1_Moderate_,4_anyQual_0,1136,16,1,0,1,0,0,0,0,0,0.0,0.0,0,0,0.0,0.0,0.0,0.0,0.0,-1,1.0,0,26437.3,-1.0,0,0,0,0.0,0.0,871935.36,64099,0,0.0,0,0,0.0,0.0,0,0,0.0,0.0,0.0,0.0,0.0,None,0.0,0.0,1.0,1.0,0.0,0.0,0.0,0.0,0.0,0.0,0.0,0,0,0,0.0,0,0.0,0.0,0.0,0.0,0.0,1.0,1.0,0,0,0.0,0.0,0,0,0,0,6692.867,130861.772,0.98,0.2496968209743499,0,0,0,0,0,0,0,0,0,0,0,0,0.0,0.0,0,0,0,0,0,0,0,1,0,1,0,0.0,1,0.0,0.8,0,0.0,0,0,0.0,0,0,0,0,0.0,0,0.0,0.0,0.0,30.0,0.05,30.0,62262,0,15760,0
PJMW_utilitypv_class1_moderate_5_anyQual_0,PJMW,UtilityPV_Class1_Moderate_,5_anyQual_0,1137,16,1,0,1,0,0,0,0,0,0.0,0.0,0,0,0.0,0.0,0.0,0.0,0.0,-1,1.0,0,2952.4,-1.0,0,0,0,0.0,0.0,871935.36,62183,0,0.0,0,0,0.0,0.0,0,0,0.0,0.0,0.0,0.0,0.0,None,0.0,0.0,1.0,1.0,0.0,0.0,0.0,0.0,0.0,0.0,0.0,0,0,0,0.0,0,0.0,0.0,0.0,0.0,0.0,1.0,1.0,0,0,0.0,0.0,0,0,0,0,5186.47,101408.071,0.98,0.2443902939558029,0,0,0,0,0,0,0,0,0,0,0,0,0.0,0.0,0,0,0,0,0,0,0,1,0,1,0,0.0,1,0.0,0.8,0,0.0,0,0,0.0,0,0,0,0,0.0,0,0.0,0.0,0.0,30.0,0.05,30.0,60756,0,15760,0
PJMW_utilitypv_class1_moderate_6_anyQual_1,PJMW,UtilityPV_Class1_Moderate_,6_anyQual_1,1138,16,1,0,1,0,0,0,0,0,0.0,0.0,0,0,0.0,0.0,0.0,0.0,0.0,-1,1.0,0,11536.0,-1.0,0,0,0,0.0,0.0,871935.36,62110,0,0.0,0,0,0.0,0.0,0,0,0.0,0.0,0.0,0.0,0.0,None,0.0,0.0,1.0,1.0,0.0,0.0,0.0,0.0,0.0,0.0,0.0,0,0,0,0.0,0,0.0,0.0,0.0,0.0,0.0,1.0,1.0,0,0,0.0,0.0,0,0,0,0,5129.238,100289.038,0.98,0.2443038821220398,0,0,0,0,0,0,0,0,0,0,0,0,0.0,0.0,0,0,0,0,0,0,0,1,0,1,0,0.0,1,0.0,0.8,0,0.0,0,0,0.0,0,0,0,0,0.0,0,0.0,0.0,0.0,30.0,0.05,30.0,60699,0,15760,0
PJMW_utilitypv_class1_moderate_7_anyQual_1,PJMW,UtilityPV_Class1_Moderate_,7_anyQual_1,1139,16,1,0,1,0,0,0,0,0,0.0,0.0,0,0,0.0,0.0,0.0,0.0,0.0,-1,1.0,0,9080.8,-1.0,0,0,0,0.0,0.0,871935.36,64012,0,0.0,0,0,0.0,0.0,0,0,0.0,0.0,0.0,0.0,0.0,None,0.0,0.0,1.0,1.0,0.0,0.0,0.0,0.0,0.0,0.0,0.0,0,0,0,0.0,0,0.0,0.0,0.0,0.0,0.0,1.0,1.0,0,0,0.0,0.0,0,0,0,0,6624.339,129521.884,0.98,0.2486621141433715,0,0,0,0,0,0,0,0,0,0,0,0,0.0,0.0,0,0,0,0,0,0,0,1,0,1,0,0.0,1,0.0,0.8,0,0.0,0,0,0.0,0,0,0,0,0.0,0,0.0,0.0,0.0,30.0,0.05,30.0,62194,0,15760,0
PJMW_utilitypv_class1_moderate_8_anyQual_0,PJMW,UtilityPV_Class1_Moderate_,8_anyQual_0,1140,16,1,0,1,0,0,0,0,0,0.0,0.0,0,0,0.0,0.0,0.0,0.0,0.0,-1,1.0,0,4643.3,-1.0,0,0,0,0.0,0.0,871935.36,65359,0,0.0,0,0,0.0,0.0,0,0,0.0,0.0,0.0,0.0,0.0,None,0.0,0.0,1.0,1.0,0.0,0.0,0.0,0.0,0.0,0.0,0.0,0,0,0,0.0,0,0.0,0.0,0.0,0.0,0.0,1.0,1.0,0,0,0.0,0.0,0,0,0,0,7683.383,150228.769,0.98,0.2460085600614547,0,0,0,0,0,0,0,0,0,0,0,0,0.0,0.0,0,0,0,0,0,0,0,1,0,1,0,0.0,1,0.0,0.8,0,0.0,0,0,0.0,0,0,0,0,0.0,0,0.0,0.0,0.0,30.0,0.05,30.0,63253,0,15760,0
PJMW_utilitypv_class1_moderate_9_anyQual_0,PJMW,UtilityPV_Class1_Moderate_,9_anyQual_0,1141,16,1,0,1,0,0,0,0,0,0.0,0.0,0,0,0.0,0.0,0.0,0.0,0.0,-1,1.0,0,19103.9,-1.0,0,0,0,0.0,0.0,871935.36,66208,0,0.0,0,0,0.0,0.0,0,0,0.0,0.0,0.0,0.0,0.0,None,0.0,0.0,1.0,1.0,0.0,0.0,0.0,0.0,0.0,0.0,0.0,0,0,0,0.0,0,0.0,0.0,0.0,0.0,0.0,1.0,1.0,0,0,0.0,0.0,0,0,0,0,8350.832,163279.02,0.98,0.2510255873203277,0,0,0,0,0,0,0,0,0,0,0,0,0.0,0.0,0,0,0,0,0,0,0,1,0,1,0,0.0,1,0.0,0.8,0,0.0,0,0,0.0,0,0,0,0,0.0,0,0.0,0.0,0.0,30.0,0.05,30.0,63920,0,15760,0
PJMW_utilitypv_class1_moderate_10_anyQual_1,PJMW,UtilityPV_Class1_Moderate_,10_anyQual_1,1142,16,1,0,1,0,0,0,0,0,0.0,0.0,0,0,0.0,0.0,0.0,0.0,0.0,-1,1.0,0,12069.2,-1.0,0,0,0,0.0,0.0,871935.36,64246,0,0.0,0,0,0.0,0.0,0,0,0.0,0.0,0.0,0.0,0.0,None,0.0,0.0,1.0,1.0,0.0,0.0,0.0,0.0,0.0,0.0,0.0,0,0,0,0.0,0,0.0,0.0,0.0,0.0,0.0,1.0,1.0,0,0,0.0,0.0,0,0,0,0,6808.112,133115.102,0.98,0.2441979944705963,0,0,0,0,0,0,0,0,0,0,0,0,0.0,0.0,0,0,0,0,0,0,0,1,0,1,0,0.0,1,0.0,0.8,0,0.0,0,0,0.0,0,0,0,0,0.0,0,0.0,0.0,0.0,30.0,0.05,30.0,62378,0,15760,0
PJMW_utilitypv_class1_moderate_11_anyQual_1,PJMW,UtilityPV_Class1_Moderate_,11_anyQual_1,1143,16,1,0,1,0,0,0,0,0,0.0,0.0,0,0,0.0,0.0,0.0,0.0,0.0,-1,1.0,0,14177.2,-1.0,0,0,0,0.0,0.0,871935.36,66294,0,0.0,0,0,0.0,0.0,0,0,0.0,0.0,0.0,0.0,0.0,None,0.0,0.0,1.0,1.0,0.0,0.0,0.0,0.0,0.0,0.0,0.0,0,0,0,0.0,0,0.0,0.0,0.0,0.0,0.0,1.0,1.0,0,0,0.0,0.0,0,0,0,0,8418.389,164599.913,0.98,0.2484251707792282,0,0,0,0,0,0,0,0,0,0,0,0,0.0,0.0,0,0,0,0,0,0,0,1,0,1,0,0.0,1,0.0,0.8,0,0.0,0,0,0.0,0,0,0,0,0.0,0,0.0,0.0,0.0,30.0,0.05,30.0,63988,0,15760,0
PJMW_utilitypv_class1_moderate_12_anyQual_0,PJMW,UtilityPV_Class1_Moderate_,12_anyQual_0,1144,16,1,0,1,0,0,0,0,0,0.0,0.0,0,0,0.0,0.0,0.0,0.0,0.0,-1,1.0,0,18032.8,-1.0,0,0,0,0.0,0.0,871935.36,67991,0,0.0,0,0,0.0,0.0,0,0,0.0,0.0,0.0,0.0,0.0,None,0.0,0.0,1.0,1.0,0.0,0.0,0.0,0.0,0.0,0.0,0.0,0,0,0,0.0,0,0.0,0.0,0.0,0.0,0.0,1.0,1.0,0,0,0.0,0.0,0,0,0,0,9752.87,190692.251,0.98,0.2499504685401916,0,0,0,0,0,0,0,0,0,0,0,0,0.0,0.0,0,0,0,0,0,0,0,1,0,1,0,0.0,1,0.0,0.8,0,0.0,0,0,0.0,0,0,0,0,0.0,0,0.0,0.0,0.0,30.0,0.05,30.0,65322,0,15760,0
PJMW_utilitypv_class1_moderate_13_anyQual_1,PJMW,UtilityPV_Class1_Moderate_,13_anyQual_1,1145,16,1,0,1,0,0,0,0,0,0.0,0.0,0,0,0.0,0.0,0.0,0.0,0.0,-1,1.0,0,10038.2,-1.0,0,0,0,0.0,0.0,871935.36,65699,0,0.0,0,0,0.0,0.0,0,0,0.0,0.0,0.0,0.0,0.0,None,0.0,0.0,1.0,1.0,0.0,0.0,0.0,0.0,0.0,0.0,0.0,0,0,0,0.0,0,0.0,0.0,0.0,0.0,0.0,1.0,1.0,0,0,0.0,0.0,0,0,0,0,7950.497,155451.488,0.98,0.2431356012821197,0,0,0,0,0,0,0,0,0,0,0,0,0.0,0.0,0,0,0,0,0,0,0,1,0,1,0,0.0,1,0.0,0.8,0,0.0,0,0,0.0,0,0,0,0,0.0,0,0.0,0.0,0.0,30.0,0.05,30.0,63520,0,15760,0
PJMW_utilitypv_class1_moderate_14_anyQual_1,PJMW,UtilityPV_Class1_Moderate_,14_anyQual_1,1146,16,1,0,1,0,0,0,0,0,0.0,0.0,0,0,0.0,0.0,0.0,0.0,0.0,-1,1.0,0,7796.3,-1.0,0,0,0,0.0,0.0,871935.36,68707,0,0.0,0,0,0.0,0.0,0,0,0.0,0.0,0.0,0.0,0.0,None,0.0,0.0,1.0,1.0,0.0,0.0,0.0,0.0,0.0,0.0,0.0,0,0,0,0.0,0,0.0,0.0,0.0,0.0,0.0,1.0,1.0,0,0,0.0,0.0,0,0,0,0,10315.653,201696.024,0.98,0.2490442544221878,0,0,0,0,0,0,0,0,0,0,0,0,0.0,0.0,0,0,0,0,0,0,0,1,0,1,0,0.0,1,0.0,0.8,0,0.0,0,0,0.0,0,0,0,0,0.0,0,0.0,0.0,0.0,30.0,0.05,30.0,65885,0,15760,0
PJMW_utilitypv_class1_moderate_15_anyQual_1,PJMW,UtilityPV_Class1_Moderate_,15_anyQual_1,1147,16,1,0,1,0,0,0,0,0,0.0,0.0,0,0,0.0,0.0,0.0,0.0,0.0,-1,1.0,0,14178.8,-1.0,0,0,0,0.0,0.0,871935.36,67616,0,0.0,0,0,0.0,0.0,0,0,0.0,0.0,0.0,0.0,0.0,None,0.0,0.0,1.0,1.0,0.0,0.0,0.0,0.0,0.0,0.0,0.0,0,0,0,0.0,0,0.0,0.0,0.0,0.0,0.0,1.0,1.0,0,0,0.0,0.0,0,0,0,0,9457.84,184923.698,0.98,0.2469901591539383,0,0,0,0,0,0,0,0,0,0,0,0,0.0,0.0,0,0,0,0,0,0,0,1,0,1,0,0.0,1,0.0,0.8,0,0.0,0,0,0.0,0,0,0,0,0.0,0,0.0,0.0,0.0,30.0,0.05,30.0,65027,0,15760,0
PJMW_utilitypv_class1_moderate_16_anyQual_0,PJMW,UtilityPV_Class1_Moderate_,16_anyQual_0,1148,16,1,0,1,0,0,0,0,0,0.0,0.0,0,0,0.0,0.0,0.0,0.0,0.0,-1,1.0,0,10564.5,-1.0,0,0,0,0.0,0.0,871935.36,70463,0,0.0,0,0,0.0,0.0,0,0,0.0,0.0,0.0,0.0,0.0,None,0.0,0.0,1.0,1.0,0.0,0.0,0.0,0.0,0.0,0.0,0.0,0,0,0,0.0,0,0.0,0.0,0.0,0.0,0.0,1.0,1.0,0,0,0.0,0.0,0,0,0,0,11696.223,228689.527,0.98,0.2500903308391571,0,0,0,0,0,0,0,0,0,0,0,0,0.0,0.0,0,0,0,0,0,0,0,1,0,1,0,0.0,1,0.0,0.8,0,0.0,0,0,0.0,0,0,0,0,0.0,0,0.0,0.0,0.0,30.0,0.05,30.0,67266,0,15760,0
PJMW_utilitypv_class1_moderate_17_anyQual_1,PJMW,UtilityPV_Class1_Moderate_,17_anyQual_1,1149,16,1,0,1,0,0,0,0,0,0.0,0.0,0,0,0.0,0.0,0.0,0.0,0.0,-1,1.0,0,24237.4,-1.0,0,0,0,0.0,0.0,871935.36,69899,0,0.0,0,0,0.0,0.0,0,0,0.0,0.0,0.0,0.0,0.0,None,0.0,0.0,1.0,1.0,0.0,0.0,0.0,0.0,0.0,0.0,0.0,0,0,0,0.0,0,0.0,0.0,0.0,0.0,0.0,1.0,1.0,0,0,0.0,0.0,0,0,0,0,11252.585,220015.316,0.98,0.2477125227451324,0,0,0,0,0,0,0,0,0,0,0,0,0.0,0.0,0,0,0,0,0,0,0,1,0,1,0,0.0,1,0.0,0.8,0,0.0,0,0,0.0,0,0,0,0,0.0,0,0.0,0.0,0.0,30.0,0.05,30.0,66822,0,15760,0
PJMW_utilitypv_class1_moderate_18_anyQual_1,PJMW,UtilityPV_Class1_Moderate_,18_anyQual_1,1150,16,1,0,1,0,0,0,0,0,0.0,0.0,0,0,0.0,0.0,0.0,0.0,0.0,-1,1.0,0,11204.0,-1.0,0,0,0,0.0,0.0,871935.36,67617,0,0.0,0,0,0.0,0.0,0,0,0.0,0.0,0.0,0.0,0.0,None,0.0,0.0,1.0,1.0,0.0,0.0,0.0,0.0,0.0,0.0,0.0,0,0,0,0.0,0,0.0,0.0,0.0,0.0,0.0,1.0,1.0,0,0,0.0,0.0,0,0,0,0,9458.945,184945.318,0.98,0.2439185529947281,0,0,0,0,0,0,0,0,0,0,0,0,0.0,0.0,0,0,0,0,0,0,0,1,0,1,0,0.0,1,0.0,0.8,0,0.0,0,0,0.0,0,0,0,0,0.0,0,0.0,0.0,0.0,30.0,0.05,30.0,65028,0,15760,0
PJMW_utilitypv_class1_moderate_19_anyQual_1,PJMW,UtilityPV_Class1_Moderate_,19_anyQual_1,1151,16,1,0,1,0,0,0,0,0,0.0,0.0,0,0,0.0,0.0,0.0,0.0,0.0,-1,1.0,0,3926.5,-1.0,0,0,0,0.0,0.0,871935.36,67078,0,0.0,0,0,0.0,0.0,0,0,0.0,0.0,0.0,0.0,0.0,None,0.0,0.0,1.0,1.0,0.0,0.0,0.0,0.0,0.0,0.0,0.0,0,0,0,0.0,0,0.0,0.0,0.0,0.0,0.0,1.0,1.0,0,0,0.0,0.0,0,0,0,0,9034.845,176653.137,0.98,0.2411229163408279,0,0,0,0,0,0,0,0,0,0,0,0,0.0,0.0,0,0,0,0,0,0,0,1,0,1,0,0.0,1,0.0,0.8,0,0.0,0,0,0.0,0,0,0,0,0.0,0,0.0,0.0,0.0,30.0,0.05,30.0,64604,0,15760,0
PJMW_offshorewind_class3_moderate_fixed_0_1,PJMW,OffShoreWind_Class3_Moderate_fixed_0,1,1152,16,1,0,1,0,0,0,0,0,0.0,0.0,0,0,0.0,0.0,0.0,0.0,0.0,-1,1.0,0,6794.3,-1.0,0,0,0,0.0,0.0,2642898.3,227109,0,0.0,0,0,0.0,0.0,0,0,0.0,0.0,0.0,0.0,0.0,None,0.0,0.0,1.0,1.0,0.0,0.0,0.0,0.0,0.0,0.0,0.0,0,0,0,0.0,0,0.0,0.0,0.0,0.0,0.0,1.0,1.0,0,0,0.0,0.0,0,0,0,0,43387.25,848325.935,1.0,0.4333418309688568,0,0,0,0,0,0,0,0,0,0,0,0,0.0,0.0,0,0,0,0,0,0,0,1,0,1,0,0.0,1,0.0,0.8,0,0.0,0,0,0.0,0,0,0,0,0.0,0,0.0,0.0,0.0,30.0,0.05,30.0,215311,0,82811,0
PJMW_offshorewind_class3_moderate_fixed_0_2,PJMW,OffShoreWind_Class3_Moderate_fixed_0,2,1153,16,1,0,1,0,0,0,0,0,0.0,0.0,0,0,0.0,0.0,0.0,0.0,0.0,-1,1.0,0,6792.0,-1.0,0,0,0,0.0,0.0,2642898.3,231633,0,0.0,0,0,0.0,0.0,0,0,0.0,0.0,0.0,0.0,0.0,None,0.0,0.0,1.0,1.0,0.0,0.0,0.0,0.0,0.0,0.0,0.0,0,0,0,0.0,0,0.0,0.0,0.0,0.0,0.0,1.0,1.0,0,0,0.0,0.0,0,0,0,0,46944.373,917876.325,1.0,0.4325777888298034,0,0,0,0,0,0,0,0,0,0,0,0,0.0,0.0,0,0,0,0,0,0,0,1,0,1,0,0.0,1,0.0,0.8,0,0.0,0,0,0.0,0,0,0,0,0.0,0,0.0,0.0,0.0,30.0,0.05,30.0,218868,0,82811,0
PJMW_offshorewind_class3_moderate_fixed_0_3,PJMW,OffShoreWind_Class3_Moderate_fixed_0,3,1154,16,1,0,1,0,0,0,0,0,0.0,0.0,0,0,0.0,0.0,0.0,0.0,0.0,-1,1.0,0,6697.5,-1.0,0,0,0,0.0,0.0,2642898.3,241717,0,0.0,0,0,0.0,0.0,0,0,0.0,0.0,0.0,0.0,0.0,None,0.0,0.0,1.0,1.0,0.0,0.0,0.0,0.0,0.0,0.0,0.0,0,0,0,0.0,0,0.0,0.0,0.0,0.0,0.0,1.0,1.0,0,0,0.0,0.0,0,0,0,0,54872.376,1072888.006,1.0,0.4467719197273254,0,0,0,0,0,0,0,0,0,0,0,0,0.0,0.0,0,0,0,0,0,0,0,1,0,1,0,0.0,1,0.0,0.8,0,0.0,0,0,0.0,0,0,0,0,0.0,0,0.0,0.0,0.0,30.0,0.05,30.0,226796,0,82811,0
RMRG_naturalgas_hframe_cc_95_ccs_moderate_0,RMRG,NaturalGas_H-Frame CC 95% CCS_Moderate,0,1155,17,0,1,0,0,0,0,0,0,0.0,0.0,0,0,0.0,0.0,0.0,0.0,0.0,-1,500.0,0,-1.0,-1.0,0,0,0,0.0,0.0,1943268.308,105929,0,0.0,0,0,8.14,0.0,0,0,106.0,2.0,6.78,0.0,0.0,mountain_naturalgas_ccs95,0.6,0.0,1.0,1.0,0.0,0.0,0.0,0.106666667,0.213333333,0.0,0.0,0,0,0,0.95,27,5785.664,67847.813,13.376,0.342,4.572,0.64,0.64,6,6,10.0,43330.0,0,0,0,0,0.0,0.0,0.809,0.0,0,0,0,0,0,0,0,0,0,0,0,0,0.0,0.0,0,0,0,0,0,0,0,0,0,0,0,0.0,0,0.0,0.0,0,0.0,0,0,0.93,0,0,0,1,0.0,0,0.0,0.0,0.0,30.0,0.05,30.0,110148,0,47382,0
RMRG_naturalgas_hframe_cc_moderate_0,RMRG,NaturalGas_H-Frame CC_Moderate,0,1156,17,0,1,0,0,0,0,0,0,0.0,0.0,0,0,0.0,0.0,0.0,0.0,0.0,-1,500.0,0,-1.0,-1.0,0,0,0,0.0,0.0,1096691.96,61889,0,0.0,0,0,1.72,0.0,0,0,106.0,2.0,6.09,0.0,0.0,mountain_naturalgas,0.3,0.0,1.0,1.0,0.0,0.0,0.0,0.0,0.0,0.0,0.0,0,0,0,0.0,0,0.0,0.0,0.0,0.0,0.0,0.64,0.64,6,6,10.0,43330.0,0,0,0,0,0.0,0.0,0.828,0.0,0,0,0,0,0,0,0,0,0,0,0,0,0.0,0.0,0,0,0,0,0,0,0,0,0,0,0,0.0,0,0.0,0.0,0,0.0,0,0,0.93,0,0,0,0,0.0,0,0.0,0.0,0.0,30.0,0.05,30.0,61139,0,26266,0
RMRG_naturalgas_fframe_ct_moderate_0,RMRG,NaturalGas_F-Frame CT_Moderate,0,1157,17,0,1,0,0,0,0,0,0,0.0,0.0,0,0,0.0,0.0,0.0,0.0,0.0,-1,100.0,0,-1.0,-1.0,0,0,0,0.0,0.0,977045.463,54301,0,0.0,0,0,6.15,0.0,0,0,137.0,3.5,9.72,0.0,0.0,mountain_naturalgas,0.3,0.0,1.0,1.0,0.0,0.0,0.0,0.0,0.0,0.0,0.0,0,0,0,0.0,0,0.0,0.0,0.0,0.0,0.0,3.78,3.78,1,1,10.0,43330.0,0,0,0,0,0.0,0.0,0.81,0.0,0,0,0,0,0,0,0,0,0,0,0,0,0.0,0.0,0,0,0,0,0,0,0,0,0,0,0,0.0,0,0.0,0.0,0,0.0,0,0,0.93,0,0,0,0,0.0,0,0.0,0.0,0.0,30.0,0.05,30.0,53535,0,21509,0
RMRG_battery_moderate_0,RMRG,Battery_*_Moderate,0,1158,17,0,0,0,0,1,0,0,0,0.0,0.0,0,0,0.0,0.0,0.0,0.0,0.0,-1,1.0,0,-1.0,-1.0,0,0,0,0.0,0.0,274910.679,26247,0,205428.952,19613,0,0.15,0.15,0,0,0.0,0.0,0.0,0.0,0.0,None,0.0,0.0,0.92,0.92,0.0,1.0,10.0,0.0,0.0,0.0,0.0,0,0,0,0.0,0,0.0,0.0,0.0,0.0,0.0,1.0,1.0,0,0,0.0,0.0,0,0,0,0,0.0,0.0,0.991,0.0,0,0,0,0,0,0,0,0,0,0,0,0,0.0,0.0,0,0,0,0,0,0,0,0,0,0,0,0.0,0,0.0,0.0,0,0.0,0,0,0.95,0,0,0,0,0.0,0,0.0,0.0,0.0,15.0,0.05,15.0,26255,19619,6872,5135
RMRG_nuclear_nuclear_moderate_0,RMRG,Nuclear_Nuclear_Moderate,0,1159,17,0,1,0,0,0,0,0,0,0.0,0.0,0,0,0.0,0.0,0.0,0.0,0.0,-1,2000.0,0,-1.0,-1.0,0,0,0,0.0,0.0,7229469.526,422149,0,0.0,0,0,2.36,0.0,0,0,285.0,0.0,10.45,0.0,0.0,mountain_uranium,0.5,0.0,1.0,1.0,0.0,0.0,0.0,0.041666667,0.083333333,0.0,0.0,0,0,0,0.0,0,0.0,0.0,0.0,0.0,0.0,0.25,0.25,24,24,50.0,216650.0,0,0,0,0,0.0,0.0,0.972,0.0,0,0,0,0,0,0,0,0,0,0,0,0,0.0,0.0,0,0,0,0,0,0,0,0,0,0,0,0.0,0,0.0,0.0,0,0.0,0,0,0.93,0,0,0,1,0.0,0,0.0,0.0,0.0,40.0,0.05,40.0,420026,0,145294,0
RMRG_hydrogen_fframe_ct_moderate_0,RMRG,Hydrogen_F-Frame CT_Moderate,0,1160,17,0,1,0,0,0,0,0,0,0.0,0.0,0,0,0.0,0.0,0.0,0.0,0.0,-1,100.0,0,-1.0,-1.0,0,0,0,0.0,0.0,1074750.009,56630,0,0.0,0,0,6.15,0.0,0,0,137.0,3.5,9.72,0.0,0.0,hydrogen,0.3,0.0,1.0,1.0,0.0,0.0,0.0,0.0,0.0,0.0,0.0,0,0,0,0.0,0,0.0,0.0,0.0,0.0,0.0,3.78,3.78,1,1,0.0,0.0,0,0,0,0,0.0,0.0,0.81,0.0,0,0,0,0,0,0,0,0,0,0,0,0,0.0,0.0,0,0,0,0,0,0,0,0,0,0,0,0.0,0,0.0,0.0,0,0.0,0,0,0.93,0,0,0,1,0.0,0,0.0,0.0,0.0,30.0,0.05,30.0,56620,0,21509,0
RMRG_hydrogen_hframe_cc_moderate_0,RMRG,Hydrogen_H-Frame CC_Moderate,0,1161,17,0,1,0,0,0,0,0,0,0.0,0.0,0,0,0.0,0.0,0.0,0.0,0.0,-1,500.0,0,-1.0,-1.0,0,0,0,0.0,0.0,1206361.156,64978,0,0.0,0,0,1.72,0.0,0,0,106.0,2.0,6.09,0.0,0.0,hydrogen,0.3,0.0,1.0,1.0,0.0,0.0,0.0,0.0,0.0,0.0,0.0,0,0,0,0.0,0,0.0,0.0,0.0,0.0,0.0,0.64,0.64,6,6,0.0,0.0,0,0,0,0,0.0,0.0,0.828,0.0,0,0,0,0,0,0,0,0,0,0,0,0,0.0,0.0,0,0,0,0,0,0,0,0,0,0,0,0.0,0,0.0,0.0,0,0.0,0,0,0.93,0,0,0,1,0.0,0,0.0,0.0,0.0,30.0,0.05,30.0,64984,0,26266,0
RMRG_landbasedwind_class3_moderate_0_anyQual_0,RMRG,LandbasedWind_Class3_Moderate_,0_anyQual_0,1162,17,1,0,1,0,0,0,0,0,0.0,0.0,0,0,0.0,0.0,0.0,0.0,0.0,-1,1.0,0,14472.9,-1.0,0,0,0,0.0,0.0,1065951.189,92658,0,0.0,0,0,0.0,0.0,0,0,0.0,0.0,0.0,0.0,0.0,None,0.0,0.0,1.0,1.0,0.0,0.0,0.0,0.0,0.0,0.0,0.0,0,0,0,0.0,0,0.0,0.0,0.0,0.0,0.0,1.0,1.0,0,0,0.0,0.0,0,0,0,0,20784.551,406391.386,0.955,0.4712064564228058,0,0,0,0,0,0,0,0,0,0,0,0,0.0,0.0,0,0,0,0,0,1,0,1,0,0,0,0.0,0,0.0,0.0,0,0.0,0,0,0.8,0,0,0,1,0.0,0,0.0,0.0,0.0,30.0,0.05,30.0,87023,0,25258,0
RMRG_landbasedwind_class3_moderate_1_anyQual_0,RMRG,LandbasedWind_Class3_Moderate_,1_anyQual_0,1163,17,1,0,1,0,0,0,0,0,0.0,0.0,0,0,0.0,3297.0,0.0,0.0,0.0,-1,1.0,0,3297.0,-1.0,0,0,0,0.0,0.0,1065951.189,91499,127198,0.0,0,0,0.0,0.0,0,0,0.0,0.0,0.0,0.0,0.0,None,0.0,0.0,1.0,1.0,0.0,0.0,0.0,0.0,0.0,0.0,0.0,0,0,0,0.0,0,0.0,0.0,0.0,0.0,0.0,1.0,1.0,0,0,0.0,0.0,0,0,0,0,19873.521,388579.373,0.955,0.5262409448623657,0,0,0,0,0,0,0,0,0,0,0,0,0.0,0.0,0,0,0,0,0,1,0,1,0,0,0,0.0,0,0.0,0.0,0,0.0,0,0,0.8,0,0,0,1,0.0,0,0.0,0.0,0.0,30.0,0.05,30.0,86112,0,25258,0
RMRG_landbasedwind_class3_moderate_2_anyQual_0,RMRG,LandbasedWind_Class3_Moderate_,2_anyQual_0,1164,17,1,0,1,0,0,0,0,0,0.0,0.0,0,0,0.0,6673.0,0.0,0.0,0.0,-1,1.0,0,6673.6,-1.0,0,0,0,0.0,0.0,1065951.189,94077,129776,0.0,0,0,0.0,0.0,0,0,0.0,0.0,0.0,0.0,0.0,None,0.0,0.0,1.0,1.0,0.0,0.0,0.0,0.0,0.0,0.0,0.0,0,0,0,0.0,0,0.0,0.0,0.0,0.0,0.0,1.0,1.0,0,0,0.0,0.0,0,0,0,0,21900.568,428212.35,0.955,0.5001839399337769,0,0,0,0,0,0,0,0,0,0,0,0,0.0,0.0,0,0,0,0,0,1,0,1,0,0,0,0.0,0,0.0,0.0,0,0.0,0,0,0.8,0,0,0,1,0.0,0,0.0,0.0,0.0,30.0,0.05,30.0,88139,0,25258,0
RMRG_landbasedwind_class3_moderate_3_anyQual_0,RMRG,LandbasedWind_Class3_Moderate_,3_anyQual_0,1165,17,1,0,1,0,0,0,0,0,0.0,0.0,0,0,0.0,0.0,0.0,0.0,0.0,-1,1.0,0,2275.8,-1.0,0,0,0,0.0,0.0,1065951.189,86320,0,0.0,0,0,0.0,0.0,0,0,0.0,0.0,0.0,0.0,0.0,None,0.0,0.0,1.0,1.0,0.0,0.0,0.0,0.0,0.0,0.0,0.0,0,0,0,0.0,0,0.0,0.0,0.0,0.0,0.0,1.0,1.0,0,0,0.0,0.0,0,0,0,0,15801.909,308965.801,0.955,0.4449463188648224,0,0,0,0,0,0,0,0,0,0,0,0,0.0,0.0,0,0,0,0,0,1,0,1,0,0,0,0.0,0,0.0,0.0,0,0.0,0,0,0.8,0,0,0,1,0.0,0,0.0,0.0,0.0,30.0,0.05,30.0,82040,0,25258,0
RMRG_landbasedwind_class3_moderate_4_anyQual_0,RMRG,LandbasedWind_Class3_Moderate_,4_anyQual_0,1166,17,1,0,1,0,0,0,0,0,0.0,0.0,0,0,0.0,408.8,0.0,0.0,0.0,-1,1.0,0,408.8,-1.0,0,0,0,0.0,0.0,1065951.189,82873,118572,0.0,0,0,0.0,0.0,0,0,0.0,0.0,0.0,0.0,0.0,None,0.0,0.0,1.0,1.0,0.0,0.0,0.0,0.0,0.0,0.0,0.0,0,0,0,0.0,0,0.0,0.0,0.0,0.0,0.0,1.0,1.0,0,0,0.0,0.0,0,0,0,0,13092.023,255980.788,0.955,0.5741478800773621,0,0,0,0,0,0,0,0,0,0,0,0,0.0,0.0,0,0,0,0,0,1,0,1,0,0,0,0.0,0,0.0,0.0,0,0.0,0,0,0.8,0,0,0,1,0.0,0,0.0,0.0,0.0,30.0,0.05,30.0,79331,0,25258,0
RMRG_landbasedwind_class3_moderate_5_anyQual_1,RMRG,LandbasedWind_Class3_Moderate_,5_anyQual_1,1167,17,1,0,1,0,0,0,0,0,0.0,0.0,0,0,0.0,11269.0,0.0,0.0,0.0,-1,1.0,0,11270.0,-1.0,0,0,0,0.0,0.0,1065951.189,104652,140350,0.0,0,0,0.0,0.0,0,0,0.0,0.0,0.0,0.0,0.0,None,0.0,0.0,1.0,1.0,0.0,0.0,0.0,0.0,0.0,0.0,0.0,0,0,0,0.0,0,0.0,0.0,0.0,0.0,0.0,1.0,1.0,0,0,0.0,0.0,0,0,0,0,30214.452,590772.593,0.955,0.5007182955741882,0,0,0,0,0,0,0,0,0,0,0,0,0.0,0.0,0,0,0,0,0,1,0,1,0,0,0,0.0,0,0.0,0.0,0,0.0,0,0,0.8,0,0,0,1,0.0,0,0.0,0.0,0.0,30.0,0.05,30.0,96453,0,25258,0
RMRG_landbasedwind_class3_moderate_6_anyQual_1,RMRG,LandbasedWind_Class3_Moderate_,6_anyQual_1,1168,17,1,0,1,0,0,0,0,0,0.0,0.0,0,0,0.0,5720.0,0.0,0.0,0.0,-1,1.0,0,5721.0,-1.0,0,0,0,0.0,0.0,1065951.189,100913,136612,0.0,0,0,0.0,0.0,0,0,0.0,0.0,0.0,0.0,0.0,None,0.0,0.0,1.0,1.0,0.0,0.0,0.0,0.0,0.0,0.0,0.0,0,0,0,0.0,0,0.0,0.0,0.0,0.0,0.0,1.0,1.0,0,0,0.0,0.0,0,0,0,0,27275.122,533299.523,0.955,0.5362247824668884,0,0,0,0,0,0,0,0,0,0,0,0,0.0,0.0,0,0,0,0,0,1,0,1,0,0,0,0.0,0,0.0,0.0,0,0.0,0,0,0.8,0,0,0,1,0.0,0,0.0,0.0,0.0,30.0,0.05,30.0,93514,0,25258,0
RMRG_landbasedwind_class3_moderate_7_anyQual_1,RMRG,LandbasedWind_Class3_Moderate_,7_anyQual_1,1169,17,1,0,1,0,0,0,0,0,0.0,0.0,0,0,0.0,2679.0,0.0,0.0,0.0,-1,1.0,0,2679.1,-1.0,0,0,0,0.0,0.0,1065951.189,93430,129129,0.0,0,0,0.0,0.0,0,0,0.0,0.0,0.0,0.0,0.0,None,0.0,0.0,1.0,1.0,0.0,0.0,0.0,0.0,0.0,0.0,0.0,0,0,0,0.0,0,0.0,0.0,0.0,0.0,0.0,1.0,1.0,0,0,0.0,0.0,0,0,0,0,21391.515,418257.651,0.955,0.571053147315979,0,0,0,0,0,0,0,0,0,0,0,0,0.0,0.0,0,0,0,0,0,1,0,1,0,0,0,0.0,0,0.0,0.0,0,0.0,0,0,0.8,0,0,0,1,0.0,0,0.0,0.0,0.0,30.0,0.05,30.0,87630,0,25258,0
RMRG_landbasedwind_class3_moderate_8_anyQual_0,RMRG,LandbasedWind_Class3_Moderate_,8_anyQual_0,1170,17,1,0,1,0,0,0,0,0,0.0,0.0,0,0,0.0,0.0,0.0,0.0,0.0,-1,1.0,0,9701.1,-1.0,0,0,0,0.0,0.0,1065951.189,109705,0,0.0,0,0,0.0,0.0,0,0,0.0,0.0,0.0,0.0,0.0,None,0.0,0.0,1.0,1.0,0.0,0.0,0.0,0.0,0.0,0.0,0.0,0,0,0,0.0,0,0.0,0.0,0.0,0.0,0.0,1.0,1.0,0,0,0.0,0.0,0,0,0,0,34187.154,668448.412,0.955,0.483018010854721,0,0,0,0,0,0,0,0,0,0,0,0,0.0,0.0,0,0,0,0,0,1,0,1,0,0,0,0.0,0,0.0,0.0,0,0.0,0,0,0.8,0,0,0,1,0.0,0,0.0,0.0,0.0,30.0,0.05,30.0,100426,0,25258,0
RMRG_landbasedwind_class3_moderate_9_anyQual_0,RMRG,LandbasedWind_Class3_Moderate_,9_anyQual_0,1171,17,1,0,1,0,0,0,0,0,0.0,0.0,0,0,0.0,0.0,0.0,0.0,0.0,-1,1.0,0,7240.5,-1.0,0,0,0,0.0,0.0,1065951.189,92410,0,0.0,0,0,0.0,0.0,0,0,0.0,0.0,0.0,0.0,0.0,None,0.0,0.0,1.0,1.0,0.0,0.0,0.0,0.0,0.0,0.0,0.0,0,0,0,0.0,0,0.0,0.0,0.0,0.0,0.0,1.0,1.0,0,0,0.0,0.0,0,0,0,0,20589.91,402583.419,0.955,0.4418562352657318,0,0,0,0,0,0,0,0,0,0,0,0,0.0,0.0,0,0,0,0,0,1,0,1,0,0,0,0.0,0,0.0,0.0,0,0.0,0,0,0.8,0,0,0,1,0.0,0,0.0,0.0,0.0,30.0,0.05,30.0,86828,0,25258,0
RMRG_landbasedwind_class3_moderate_10_anyQual_0,RMRG,LandbasedWind_Class3_Moderate_,10_anyQual_0,1172,17,1,0,1,0,0,0,0,0,0.0,0.0,0,0,0.0,0.0,0.0,0.0,0.0,-1,1.0,0,8723.0,-1.0,0,0,0,0.0,0.0,1065951.189,98927,0,0.0,0,0,0.0,0.0,0,0,0.0,0.0,0.0,0.0,0.0,None,0.0,0.0,1.0,1.0,0.0,0.0,0.0,0.0,0.0,0.0,0.0,0,0,0,0.0,0,0.0,0.0,0.0,0.0,0.0,1.0,1.0,0,0,0.0,0.0,0,0,0,0,25713.871,502774.155,0.955,0.459095299243927,0,0,0,0,0,0,0,0,0,0,0,0,0.0,0.0,0,0,0,0,0,1,0,1,0,0,0,0.0,0,0.0,0.0,0,0.0,0,0,0.8,0,0,0,1,0.0,0,0.0,0.0,0.0,30.0,0.05,30.0,91952,0,25258,0
RMRG_landbasedwind_class3_moderate_11_anyQual_0,RMRG,LandbasedWind_Class3_Moderate_,11_anyQual_0,1173,17,1,0,1,0,0,0,0,0,0.0,0.0,0,0,0.0,0.0,0.0,0.0,0.0,-1,1.0,0,4589.7,-1.0,0,0,0,0.0,0.0,1065951.189,87510,0,0.0,0,0,0.0,0.0,0,0,0.0,0.0,0.0,0.0,0.0,None,0.0,0.0,1.0,1.0,0.0,0.0,0.0,0.0,0.0,0.0,0.0,0,0,0,0.0,0,0.0,0.0,0.0,0.0,0.0,1.0,1.0,0,0,0.0,0.0,0,0,0,0,16737.854,327265.631,0.955,0.4288600087165832,0,0,0,0,0,0,0,0,0,0,0,0,0.0,0.0,0,0,0,0,0,1,0,1,0,0,0,0.0,0,0.0,0.0,0,0.0,0,0,0.8,0,0,0,1,0.0,0,0.0,0.0,0.0,30.0,0.05,30.0,82976,0,25258,0
RMRG_landbasedwind_class3_moderate_12_anyQual_0,RMRG,LandbasedWind_Class3_Moderate_,12_anyQual_0,1174,17,1,0,1,0,0,0,0,0,0.0,0.0,0,0,0.0,0.0,0.0,0.0,0.0,-1,1.0,0,3407.7,-1.0,0,0,0,0.0,0.0,1065951.189,116875,0,0.0,0,0,0.0,0.0,0,0,0.0,0.0,0.0,0.0,0.0,None,0.0,0.0,1.0,1.0,0.0,0.0,0.0,0.0,0.0,0.0,0.0,0,0,0,0.0,0,0.0,0.0,0.0,0.0,0.0,1.0,1.0,0,0,0.0,0.0,0,0,0,0,39824.215,778667.128,0.955,0.5001220703125,0,0,0,0,0,0,0,0,0,0,0,0,0.0,0.0,0,0,0,0,0,1,0,1,0,0,0,0.0,0,0.0,0.0,0,0.0,0,0,0.8,0,0,0,1,0.0,0,0.0,0.0,0.0,30.0,0.05,30.0,106063,0,25258,0
RMRG_landbasedwind_class3_moderate_13_anyQual_0,RMRG,LandbasedWind_Class3_Moderate_,13_anyQual_0,1175,17,1,0,1,0,0,0,0,0,0.0,0.0,0,0,0.0,928.0,0.0,0.0,0.0,-1,1.0,0,928.4,-1.0,0,0,0,0.0,0.0,1065951.189,81230,116929,0.0,0,0,0.0,0.0,0,0,0.0,0.0,0.0,0.0,0.0,None,0.0,0.0,1.0,1.0,0.0,0.0,0.0,0.0,0.0,0.0,0.0,0,0,0,0.0,0,0.0,0.0,0.0,0.0,0.0,1.0,1.0,0,0,0.0,0.0,0,0,0,0,11800.247,230723.444,0.955,0.4119938313961029,0,0,0,0,0,0,0,0,0,0,0,0,0.0,0.0,0,0,0,0,0,1,0,1,0,0,0,0.0,0,0.0,0.0,0,0.0,0,0,0.8,0,0,0,1,0.0,0,0.0,0.0,0.0,30.0,0.05,30.0,78039,0,25258,0
RMRG_landbasedwind_class3_moderate_14_anyQual_1,RMRG,LandbasedWind_Class3_Moderate_,14_anyQual_1,1176,17,1,0,1,0,0,0,0,0,0.0,0.0,0,0,0.0,0.0,0.0,0.0,0.0,-1,1.0,0,9950.4,-1.0,0,0,0,0.0,0.0,1065951.189,111275,0,0.0,0,0,0.0,0.0,0,0,0.0,0.0,0.0,0.0,0.0,None,0.0,0.0,1.0,1.0,0.0,0.0,0.0,0.0,0.0,0.0,0.0,0,0,0,0.0,0,0.0,0.0,0.0,0.0,0.0,1.0,1.0,0,0,0.0,0.0,0,0,0,0,35421.373,692580.323,0.955,0.4891655445098877,0,0,0,0,0,0,0,0,0,0,0,0,0.0,0.0,0,0,0,0,0,1,0,1,0,0,0,0.0,0,0.0,0.0,0,0.0,0,0,0.8,0,0,0,1,0.0,0,0.0,0.0,0.0,30.0,0.05,30.0,101660,0,25258,0
RMRG_landbasedwind_class3_moderate_15_anyQual_1,RMRG,LandbasedWind_Class3_Moderate_,15_anyQual_1,1177,17,1,0,1,0,0,0,0,0,0.0,0.0,0,0,0.0,0.0,0.0,0.0,0.0,-1,1.0,0,2226.7,-1.0,0,0,0,0.0,0.0,1065951.189,101814,0,0.0,0,0,0.0,0.0,0,0,0.0,0.0,0.0,0.0,0.0,None,0.0,0.0,1.0,1.0,0.0,0.0,0.0,0.0,0.0,0.0,0.0,0,0,0,0.0,0,0.0,0.0,0.0,0.0,0.0,1.0,1.0,0,0,0.0,0.0,0,0,0,0,27983.489,547150.401,0.955,0.4646700024604797,0,0,0,0,0,0,0,0,0,0,0,0,0.0,0.0,0,0,0,0,0,1,0,1,0,0,0,0.0,0,0.0,0.0,0,0.0,0,0,0.8,0,0,0,1,0.0,0,0.0,0.0,0.0,30.0,0.05,30.0,94222,0,25258,0
RMRG_landbasedwind_class3_moderate_16_anyQual_0,RMRG,LandbasedWind_Class3_Moderate_,16_anyQual_0,1178,17,1,0,1,0,0,0,0,0,0.0,0.0,0,0,0.0,0.0,0.0,0.0,0.0,-1,1.0,0,8103.9,-1.0,0,0,0,0.0,0.0,1065951.189,113104,0,0.0,0,0,0.0,0.0,0,0,0.0,0.0,0.0,0.0,0.0,None,0.0,0.0,1.0,1.0,0.0,0.0,0.0,0.0,0.0,0.0,0.0,0,0,0,0.0,0,0.0,0.0,0.0,0.0,0.0,1.0,1.0,0,0,0.0,0.0,0,0,0,0,36859.331,720696.822,0.955,0.4789417684078216,0,0,0,0,0,0,0,0,0,0,0,0,0.0,0.0,0,0,0,0,0,1,0,1,0,0,0,0.0,0,0.0,0.0,0,0.0,0,0,0.8,0,0,0,1,0.0,0,0.0,0.0,0.0,30.0,0.05,30.0,103098,0,25258,0
RMRG_landbasedwind_class3_moderate_17_anyQual_0,RMRG,LandbasedWind_Class3_Moderate_,17_anyQual_0,1179,17,1,0,1,0,0,0,0,0,0.0,0.0,0,0,0.0,0.0,0.0,0.0,0.0,-1,1.0,0,2934.2,-1.0,0,0,0,0.0,0.0,1065951.189,85506,0,0.0,0,0,0.0,0.0,0,0,0.0,0.0,0.0,0.0,0.0,None,0.0,0.0,1.0,1.0,0.0,0.0,0.0,0.0,0.0,0.0,0.0,0,0,0,0.0,0,0.0,0.0,0.0,0.0,0.0,1.0,1.0,0,0,0.0,0.0,0,0,0,0,15162.182,296457.419,0.955,0.4135748147964477,0,0,0,0,0,0,0,0,0,0,0,0,0.0,0.0,0,0,0,0,0,1,0,1,0,0,0,0.0,0,0.0,0.0,0,0.0,0,0,0.8,0,0,0,1,0.0,0,0.0,0.0,0.0,30.0,0.05,30.0,81401,0,25258,0
RMRG_landbasedwind_class3_moderate_18_anyQual_0,RMRG,LandbasedWind_Class3_Moderate_,18_anyQual_0,1180,17,1,0,1,0,0,0,0,0,0.0,0.0,0,0,0.0,0.0,0.0,0.0,0.0,-1,1.0,0,5593.7,-1.0,0,0,0,0.0,0.0,1065951.189,92830,0,0.0,0,0,0.0,0.0,0,0,0.0,0.0,0.0,0.0,0.0,None,0.0,0.0,1.0,1.0,0.0,0.0,0.0,0.0,0.0,0.0,0.0,0,0,0,0.0,0,0.0,0.0,0.0,0.0,0.0,1.0,1.0,0,0,0.0,0.0,0,0,0,0,20919.917,409036.607,0.955,0.4309807121753692,0,0,0,0,0,0,0,0,0,0,0,0,0.0,0.0,0,0,0,0,0,1,0,1,0,0,0,0.0,0,0.0,0.0,0,0.0,0,0,0.8,0,0,0,1,0.0,0,0.0,0.0,0.0,30.0,0.05,30.0,87158,0,25258,0
RMRG_landbasedwind_class3_moderate_19_anyQual_0,RMRG,LandbasedWind_Class3_Moderate_,19_anyQual_0,1181,17,1,0,1,0,0,0,0,0,0.0,0.0,0,0,0.0,0.0,0.0,0.0,0.0,-1,1.0,0,6787.1,-1.0,0,0,0,0.0,0.0,1065951.189,103343,0,0.0,0,0,0.0,0.0,0,0,0.0,0.0,0.0,0.0,0.0,None,0.0,0.0,1.0,1.0,0.0,0.0,0.0,0.0,0.0,0.0,0.0,0,0,0,0.0,0,0.0,0.0,0.0,0.0,0.0,1.0,1.0,0,0,0.0,0.0,0,0,0,0,29185.571,570656.049,0.955,0.4556868076324463,0,0,0,0,0,0,0,0,0,0,0,0,0.0,0.0,0,0,0,0,0,1,0,1,0,0,0,0.0,0,0.0,0.0,0,0.0,0,0,0.8,0,0,0,1,0.0,0,0.0,0.0,0.0,30.0,0.05,30.0,95424,0,25258,0
RMRG_landbasedwind_class3_moderate_20_anyQual_0,RMRG,LandbasedWind_Class3_Moderate_,20_anyQual_0,1182,17,1,0,1,0,0,0,0,0,0.0,0.0,0,0,0.0,0.0,0.0,0.0,0.0,-1,1.0,0,2866.2,-1.0,0,0,0,0.0,0.0,1065951.189,123014,0,0.0,0,0,0.0,0.0,0,0,0.0,0.0,0.0,0.0,0.0,None,0.0,0.0,1.0,1.0,0.0,0.0,0.0,0.0,0.0,0.0,0.0,0,0,0,0.0,0,0.0,0.0,0.0,0.0,0.0,1.0,1.0,0,0,0.0,0.0,0,0,0,0,44651.012,873047.451,0.955,0.50063556432724,0,0,0,0,0,0,0,0,0,0,0,0,0.0,0.0,0,0,0,0,0,1,0,1,0,0,0,0.0,0,0.0,0.0,0,0.0,0,0,0.8,0,0,0,1,0.0,0,0.0,0.0,0.0,30.0,0.05,30.0,110890,0,25258,0
RMRG_landbasedwind_class3_moderate_21_anyQual_0,RMRG,LandbasedWind_Class3_Moderate_,21_anyQual_0,1183,17,1,0,1,0,0,0,0,0,0.0,0.0,0,0,0.0,0.0,0.0,0.0,0.0,-1,1.0,0,4336.7,-1.0,0,0,0,0.0,0.0,1065951.189,98648,0,0.0,0,0,0.0,0.0,0,0,0.0,0.0,0.0,0.0,0.0,None,0.0,0.0,1.0,1.0,0.0,0.0,0.0,0.0,0.0,0.0,0.0,0,0,0,0.0,0,0.0,0.0,0.0,0.0,0.0,1.0,1.0,0,0,0.0,0.0,0,0,0,0,25494.612,498485.078,0.955,0.4446825087070465,0,0,0,0,0,0,0,0,0,0,0,0,0.0,0.0,0,0,0,0,0,1,0,1,0,0,0,0.0,0,0.0,0.0,0,0.0,0,0,0.8,0,0,0,1,0.0,0,0.0,0.0,0.0,30.0,0.05,30.0,91733,0,25258,0
RMRG_landbasedwind_class3_moderate_22_anyQual_0,RMRG,LandbasedWind_Class3_Moderate_,22_anyQual_0,1184,17,1,0,1,0,0,0,0,0,0.0,0.0,0,0,0.0,0.0,0.0,0.0,0.0,-1,1.0,0,5082.9,-1.0,0,0,0,0.0,0.0,1065951.189,107477,0,0.0,0,0,0.0,0.0,0,0,0.0,0.0,0.0,0.0,0.0,None,0.0,0.0,1.0,1.0,0.0,0.0,0.0,0.0,0.0,0.0,0.0,0,0,0,0.0,0,0.0,0.0,0.0,0.0,0.0,1.0,1.0,0,0,0.0,0.0,0,0,0,0,32435.897,634208.454,0.955,0.465321809053421,0,0,0,0,0,0,0,0,0,0,0,0,0.0,0.0,0,0,0,0,0,1,0,1,0,0,0,0.0,0,0.0,0.0,0,0.0,0,0,0.8,0,0,0,1,0.0,0,0.0,0.0,0.0,30.0,0.05,30.0,98674,0,25258,0
RMRG_landbasedwind_class3_moderate_23_anyQual_1,RMRG,LandbasedWind_Class3_Moderate_,23_anyQual_1,1185,17,1,0,1,0,0,0,0,0,0.0,0.0,0,0,0.0,0.0,0.0,0.0,0.0,-1,1.0,0,4761.0,-1.0,0,0,0,0.0,0.0,1065951.189,108302,0,0.0,0,0,0.0,0.0,0,0,0.0,0.0,0.0,0.0,0.0,None,0.0,0.0,1.0,1.0,0.0,0.0,0.0,0.0,0.0,0.0,0.0,0,0,0,0.0,0,0.0,0.0,0.0,0.0,0.0,1.0,1.0,0,0,0.0,0.0,0,0,0,0,33084.141,646882.782,0.955,0.466578871011734,0,0,0,0,0,0,0,0,0,0,0,0,0.0,0.0,0,0,0,0,0,1,0,1,0,0,0,0.0,0,0.0,0.0,0,0.0,0,0,0.8,0,0,0,1,0.0,0,0.0,0.0,0.0,30.0,0.05,30.0,99323,0,25258,0
RMRG_landbasedwind_class3_moderate_24_anyQual_1,RMRG,LandbasedWind_Class3_Moderate_,24_anyQual_1,1186,17,1,0,1,0,0,0,0,0,0.0,0.0,0,0,0.0,0.0,0.0,0.0,0.0,-1,1.0,0,6315.6,-1.0,0,0,0,0.0,0.0,1065951.189,114224,0,0.0,0,0,0.0,0.0,0,0,0.0,0.0,0.0,0.0,0.0,None,0.0,0.0,1.0,1.0,0.0,0.0,0.0,0.0,0.0,0.0,0.0,0,0,0,0.0,0,0.0,0.0,0.0,0.0,0.0,1.0,1.0,0,0,0.0,0.0,0,0,0,0,37740.335,737922.132,0.955,0.4815556108951568,0,0,0,0,0,0,0,0,0,0,0,0,0.0,0.0,0,0,0,0,0,1,0,1,0,0,0,0.0,0,0.0,0.0,0,0.0,0,0,0.8,0,0,0,1,0.0,0,0.0,0.0,0.0,30.0,0.05,30.0,103979,0,25258,0
RMRG_landbasedwind_class3_moderate_25_anyQual_0,RMRG,LandbasedWind_Class3_Moderate_,25_anyQual_0,1187,17,1,0,1,0,0,0,0,0,0.0,0.0,0,0,0.0,0.0,0.0,0.0,0.0,-1,1.0,0,3679.8,-1.0,0,0,0,0.0,0.0,1065951.189,128606,0,0.0,0,0,0.0,0.0,0,0,0.0,0.0,0.0,0.0,0.0,None,0.0,0.0,1.0,1.0,0.0,0.0,0.0,0.0,0.0,0.0,0.0,0,0,0,0.0,0,0.0,0.0,0.0,0.0,0.0,1.0,1.0,0,0,0.0,0.0,0,0,0,0,49046.155,958998.831,0.955,0.5027090907096863,0,0,0,0,0,0,0,0,0,0,0,0,0.0,0.0,0,0,0,0,0,1,0,1,0,0,0,0.0,0,0.0,0.0,0,0.0,0,0,0.8,0,0,0,1,0.0,0,0.0,0.0,0.0,30.0,0.05,30.0,115285,0,25258,0
RMRG_landbasedwind_class3_moderate_26_anyQual_0,RMRG,LandbasedWind_Class3_Moderate_,26_anyQual_0,1188,17,1,0,1,0,0,0,0,0,0.0,0.0,0,0,0.0,0.0,0.0,0.0,0.0,-1,1.0,0,8914.6,-1.0,0,0,0,0.0,0.0,1065951.189,96312,0,0.0,0,0,0.0,0.0,0,0,0.0,0.0,0.0,0.0,0.0,None,0.0,0.0,1.0,1.0,0.0,0.0,0.0,0.0,0.0,0.0,0.0,0,0,0,0.0,0,0.0,0.0,0.0,0.0,0.0,1.0,1.0,0,0,0.0,0.0,0,0,0,0,23657.933,462571.341,0.955,0.4297736883163452,0,0,0,0,0,0,0,0,0,0,0,0,0.0,0.0,0,0,0,0,0,1,0,1,0,0,0,0.0,0,0.0,0.0,0,0.0,0,0,0.8,0,0,0,1,0.0,0,0.0,0.0,0.0,30.0,0.05,30.0,89896,0,25258,0
RMRG_landbasedwind_class3_moderate_27_anyQual_0,RMRG,LandbasedWind_Class3_Moderate_,27_anyQual_0,1189,17,1,0,1,0,0,0,0,0,0.0,0.0,0,0,0.0,0.0,0.0,0.0,0.0,-1,1.0,0,9465.5,-1.0,0,0,0,0.0,0.0,1065951.189,111921,0,0.0,0,0,0.0,0.0,0,0,0.0,0.0,0.0,0.0,0.0,None,0.0,0.0,1.0,1.0,0.0,0.0,0.0,0.0,0.0,0.0,0.0,0,0,0,0.0,0,0.0,0.0,0.0,0.0,0.0,1.0,1.0,0,0,0.0,0.0,0,0,0,0,35929.389,702514.064,0.955,0.4649663269519806,0,0,0,0,0,0,0,0,0,0,0,0,0.0,0.0,0,0,0,0,0,1,0,1,0,0,0,0.0,0,0.0,0.0,0,0.0,0,0,0.8,0,0,0,1,0.0,0,0.0,0.0,0.0,30.0,0.05,30.0,102168,0,25258,0
RMRG_landbasedwind_class3_moderate_28_anyQual_0,RMRG,LandbasedWind_Class3_Moderate_,28_anyQual_0,1190,17,1,0,1,0,0,0,0,0,0.0,0.0,0,0,0.0,0.0,0.0,0.0,0.0,-1,1.0,0,1344.5,-1.0,0,0,0,0.0,0.0,1065951.189,81831,0,0.0,0,0,0.0,0.0,0,0,0.0,0.0,0.0,0.0,0.0,None,0.0,0.0,1.0,1.0,0.0,0.0,0.0,0.0,0.0,0.0,0.0,0,0,0,0.0,0,0.0,0.0,0.0,0.0,0.0,1.0,1.0,0,0,0.0,0.0,0,0,0,0,12272.297,239953.17,0.955,0.3962287902832031,0,0,0,0,0,0,0,0,0,0,0,0,0.0,0.0,0,0,0,0,0,1,0,1,0,0,0,0.0,0,0.0,0.0,0,0.0,0,0,0.8,0,0,0,1,0.0,0,0.0,0.0,0.0,30.0,0.05,30.0,78511,0,25258,0
RMRG_landbasedwind_class3_moderate_29_anyQual_0,RMRG,LandbasedWind_Class3_Moderate_,29_anyQual_0,1191,17,1,0,1,0,0,0,0,0,0.0,0.0,0,0,0.0,0.0,0.0,0.0,0.0,-1,1.0,0,5300.8,-1.0,0,0,0,0.0,0.0,1065951.189,103802,0,0.0,0,0,0.0,0.0,0,0,0.0,0.0,0.0,0.0,0.0,None,0.0,0.0,1.0,1.0,0.0,0.0,0.0,0.0,0.0,0.0,0.0,0,0,0,0.0,0,0.0,0.0,0.0,0.0,0.0,1.0,1.0,0,0,0.0,0.0,0,0,0,0,29546.147,577706.666,0.955,0.4472563564777374,0,0,0,0,0,0,0,0,0,0,0,0,0.0,0.0,0,0,0,0,0,1,0,1,0,0,0,0.0,0,0.0,0.0,0,0.0,0,0,0.8,0,0,0,1,0.0,0,0.0,0.0,0.0,30.0,0.05,30.0,95785,0,25258,0
RMRG_landbasedwind_class3_moderate_30_anyQual_0,RMRG,LandbasedWind_Class3_Moderate_,30_anyQual_0,1192,17,1,0,1,0,0,0,0,0,0.0,0.0,0,0,0.0,0.0,0.0,0.0,0.0,-1,1.0,0,2780.7,-1.0,0,0,0,0.0,0.0,1065951.189,120291,0,0.0,0,0,0.0,0.0,0,0,0.0,0.0,0.0,0.0,0.0,None,0.0,0.0,1.0,1.0,0.0,0.0,0.0,0.0,0.0,0.0,0.0,0,0,0,0.0,0,0.0,0.0,0.0,0.0,0.0,1.0,1.0,0,0,0.0,0.0,0,0,0,0,42509.107,831177.201,0.955,0.4843130707740783,0,0,0,0,0,0,0,0,0,0,0,0,0.0,0.0,0,0,0,0,0,1,0,1,0,0,0,0.0,0,0.0,0.0,0,0.0,0,0,0.8,0,0,0,1,0.0,0,0.0,0.0,0.0,30.0,0.05,30.0,108748,0,25258,0
RMRG_landbasedwind_class3_moderate_31_anyQual_0,RMRG,LandbasedWind_Class3_Moderate_,31_anyQual_0,1193,17,1,0,1,0,0,0,0,0,0.0,0.0,0,0,0.0,0.0,0.0,0.0,0.0,-1,1.0,0,3645.4,-1.0,0,0,0,0.0,0.0,1065951.189,89906,0,0.0,0,0,0.0,0.0,0,0,0.0,0.0,0.0,0.0,0.0,None,0.0,0.0,1.0,1.0,0.0,0.0,0.0,0.0,0.0,0.0,0.0,0,0,0,0.0,0,0.0,0.0,0.0,0.0,0.0,1.0,1.0,0,0,0.0,0.0,0,0,0,0,18621.595,364097.408,0.955,0.4140734672546386,0,0,0,0,0,0,0,0,0,0,0,0,0.0,0.0,0,0,0,0,0,1,0,1,0,0,0,0.0,0,0.0,0.0,0,0.0,0,0,0.8,0,0,0,1,0.0,0,0.0,0.0,0.0,30.0,0.05,30.0,84860,0,25258,0
RMRG_landbasedwind_class3_moderate_32_anyQual_1,RMRG,LandbasedWind_Class3_Moderate_,32_anyQual_1,1194,17,1,0,1,0,0,0,0,0,0.0,0.0,0,0,0.0,0.0,0.0,0.0,0.0,-1,1.0,0,7984.4,-1.0,0,0,0,0.0,0.0,1065951.189,109912,0,0.0,0,0,0.0,0.0,0,0,0.0,0.0,0.0,0.0,0.0,None,0.0,0.0,1.0,1.0,0.0,0.0,0.0,0.0,0.0,0.0,0.0,0,0,0,0.0,0,0.0,0.0,0.0,0.0,0.0,1.0,1.0,0,0,0.0,0.0,0,0,0,0,34350.233,671638.846,0.955,0.4603331089019775,0,0,0,0,0,0,0,0,0,0,0,0,0.0,0.0,0,0,0,0,0,1,0,1,0,0,0,0.0,0,0.0,0.0,0,0.0,0,0,0.8,0,0,0,1,0.0,0,0.0,0.0,0.0,30.0,0.05,30.0,100589,0,25258,0
RMRG_landbasedwind_class3_moderate_33_anyQual_1,RMRG,LandbasedWind_Class3_Moderate_,33_anyQual_1,1195,17,1,0,1,0,0,0,0,0,0.0,0.0,0,0,0.0,0.0,0.0,0.0,0.0,-1,1.0,0,3612.2,-1.0,0,0,0,0.0,0.0,1065951.189,118788,0,0.0,0,0,0.0,0.0,0,0,0.0,0.0,0.0,0.0,0.0,None,0.0,0.0,1.0,1.0,0.0,0.0,0.0,0.0,0.0,0.0,0.0,0,0,0,0.0,0,0.0,0.0,0.0,0.0,0.0,1.0,1.0,0,0,0.0,0.0,0,0,0,0,41328.831,808085.802,0.955,0.4809657633304596,0,0,0,0,0,0,0,0,0,0,0,0,0.0,0.0,0,0,0,0,0,1,0,1,0,0,0,0.0,0,0.0,0.0,0,0.0,0,0,0.8,0,0,0,1,0.0,0,0.0,0.0,0.0,30.0,0.05,30.0,107567,0,25258,0
RMRG_landbasedwind_class3_moderate_34_anyQual_0,RMRG,LandbasedWind_Class3_Moderate_,34_anyQual_0,1196,17,1,0,1,0,0,0,0,0,0.0,0.0,0,0,0.0,0.0,0.0,0.0,0.0,-1,1.0,0,7412.2,-1.0,0,0,0,0.0,0.0,1065951.189,108073,0,0.0,0,0,0.0,0.0,0,0,0.0,0.0,0.0,0.0,0.0,None,0.0,0.0,1.0,1.0,0.0,0.0,0.0,0.0,0.0,0.0,0.0,0,0,0,0.0,0,0.0,0.0,0.0,0.0,0.0,1.0,1.0,0,0,0.0,0.0,0,0,0,0,32904.247,643365.092,0.955,0.4455899000167846,0,0,0,0,0,0,0,0,0,0,0,0,0.0,0.0,0,0,0,0,0,1,0,1,0,0,0,0.0,0,0.0,0.0,0,0.0,0,0,0.8,0,0,0,1,0.0,0,0.0,0.0,0.0,30.0,0.05,30.0,99143,0,25258,0
RMRG_landbasedwind_class3_moderate_35_anyQual_0,RMRG,LandbasedWind_Class3_Moderate_,35_anyQual_0,1197,17,1,0,1,0,0,0,0,0,0.0,0.0,0,0,0.0,0.0,0.0,0.0,0.0,-1,1.0,0,8579.1,-1.0,0,0,0,0.0,0.0,1065951.189,126422,0,0.0,0,0,0.0,0.0,0,0,0.0,0.0,0.0,0.0,0.0,None,0.0,0.0,1.0,1.0,0.0,0.0,0.0,0.0,0.0,0.0,0.0,0,0,0,0.0,0,0.0,0.0,0.0,0.0,0.0,1.0,1.0,0,0,0.0,0.0,0,0,0,0,47329.454,925429.21,0.955,0.4842492640018463,0,0,0,0,0,0,0,0,0,0,0,0,0.0,0.0,0,0,0,0,0,1,0,1,0,0,0,0.0,0,0.0,0.0,0,0.0,0,0,0.8,0,0,0,1,0.0,0,0.0,0.0,0.0,30.0,0.05,30.0,113568,0,25258,0
RMRG_landbasedwind_class3_moderate_36_anyQual_0,RMRG,LandbasedWind_Class3_Moderate_,36_anyQual_0,1198,17,1,0,1,0,0,0,0,0,0.0,0.0,0,0,0.0,0.0,0.0,0.0,0.0,-1,1.0,0,3986.0,-1.0,0,0,0,0.0,0.0,1065951.189,92746,0,0.0,0,0,0.0,0.0,0,0,0.0,0.0,0.0,0.0,0.0,None,0.0,0.0,1.0,1.0,0.0,0.0,0.0,0.0,0.0,0.0,0.0,0,0,0,0.0,0,0.0,0.0,0.0,0.0,0.0,1.0,1.0,0,0,0.0,0.0,0,0,0,0,20854.181,407751.201,0.955,0.4107358753681183,0,0,0,0,0,0,0,0,0,0,0,0,0.0,0.0,0,0,0,0,0,1,0,1,0,0,0,0.0,0,0.0,0.0,0,0.0,0,0,0.8,0,0,0,1,0.0,0,0.0,0.0,0.0,30.0,0.05,30.0,87093,0,25258,0
RMRG_landbasedwind_class3_moderate_37_anyQual_0,RMRG,LandbasedWind_Class3_Moderate_,37_anyQual_0,1199,17,1,0,1,0,0,0,0,0,0.0,0.0,0,0,0.0,0.0,0.0,0.0,0.0,-1,1.0,0,1200.7,-1.0,0,0,0,0.0,0.0,1065951.189,82347,0,0.0,0,0,0.0,0.0,0,0,0.0,0.0,0.0,0.0,0.0,None,0.0,0.0,1.0,1.0,0.0,0.0,0.0,0.0,0.0,0.0,0.0,0,0,0,0.0,0,0.0,0.0,0.0,0.0,0.0,1.0,1.0,0,0,0.0,0.0,0,0,0,0,12678.008,247885.803,0.955,0.3868608176708221,0,0,0,0,0,0,0,0,0,0,0,0,0.0,0.0,0,0,0,0,0,1,0,1,0,0,0,0.0,0,0.0,0.0,0,0.0,0,0,0.8,0,0,0,1,0.0,0,0.0,0.0,0.0,30.0,0.05,30.0,78917,0,25258,0
RMRG_landbasedwind_class3_moderate_38_anyQual_0,RMRG,LandbasedWind_Class3_Moderate_,38_anyQual_0,1200,17,1,0,1,0,0,0,0,0,0.0,0.0,0,0,0.0,0.0,0.0,0.0,0.0,-1,1.0,0,9064.7,-1.0,0,0,0,0.0,0.0,1065951.189,115023,0,0.0,0,0,0.0,0.0,0,0,0.0,0.0,0.0,0.0,0.0,None,0.0,0.0,1.0,1.0,0.0,0.0,0.0,0.0,0.0,0.0,0.0,0,0,0,0.0,0,0.0,0.0,0.0,0.0,0.0,1.0,1.0,0,0,0.0,0.0,0,0,0,0,38368.102,750200.327,0.955,0.4617232978343963,0,0,0,0,0,0,0,0,0,0,0,0,0.0,0.0,0,0,0,0,0,1,0,1,0,0,0,0.0,0,0.0,0.0,0,0.0,0,0,0.8,0,0,0,1,0.0,0,0.0,0.0,0.0,30.0,0.05,30.0,104607,0,25258,0
RMRG_landbasedwind_class3_moderate_39_anyQual_0,RMRG,LandbasedWind_Class3_Moderate_,39_anyQual_0,1201,17,1,0,1,0,0,0,0,0,0.0,0.0,0,0,0.0,0.0,0.0,0.0,0.0,-1,1.0,0,4352.8,-1.0,0,0,0,0.0,0.0,1065951.189,100127,0,0.0,0,0,0.0,0.0,0,0,0.0,0.0,0.0,0.0,0.0,None,0.0,0.0,1.0,1.0,0.0,0.0,0.0,0.0,0.0,0.0,0.0,0,0,0,0.0,0,0.0,0.0,0.0,0.0,0.0,1.0,1.0,0,0,0.0,0.0,0,0,0,0,26657.376,521221.008,0.955,0.427460253238678,0,0,0,0,0,0,0,0,0,0,0,0,0.0,0.0,0,0,0,0,0,1,0,1,0,0,0,0.0,0,0.0,0.0,0,0.0,0,0,0.8,0,0,0,1,0.0,0,0.0,0.0,0.0,30.0,0.05,30.0,92896,0,25258,0
RMRG_landbasedwind_class3_moderate_40_anyQual_0,RMRG,LandbasedWind_Class3_Moderate_,40_anyQual_0,1202,17,1,0,1,0,0,0,0,0,0.0,0.0,0,0,0.0,0.0,0.0,0.0,0.0,-1,1.0,0,2327.4,-1.0,0,0,0,0.0,0.0,1065951.189,133308,0,0.0,0,0,0.0,0.0,0,0,0.0,0.0,0.0,0.0,0.0,None,0.0,0.0,1.0,1.0,0.0,0.0,0.0,0.0,0.0,0.0,0.0,0,0,0,0.0,0,0.0,0.0,0.0,0.0,0.0,1.0,1.0,0,0,0.0,0.0,0,0,0,0,52742.418,1031288.432,0.955,0.5023667216300964,0,0,0,0,0,0,0,0,0,0,0,0,0.0,0.0,0,0,0,0,0,1,0,1,0,0,0,0.0,0,0.0,0.0,0,0.0,0,0,0.8,0,0,0,1,0.0,0,0.0,0.0,0.0,30.0,0.05,30.0,118981,0,25258,0
RMRG_landbasedwind_class3_moderate_41_anyQual_1,RMRG,LandbasedWind_Class3_Moderate_,41_anyQual_1,1203,17,1,0,1,0,0,0,0,0,0.0,0.0,0,0,0.0,0.0,0.0,0.0,0.0,-1,1.0,0,9876.8,-1.0,0,0,0,0.0,0.0,1065951.189,113339,0,0.0,0,0,0.0,0.0,0,0,0.0,0.0,0.0,0.0,0.0,None,0.0,0.0,1.0,1.0,0.0,0.0,0.0,0.0,0.0,0.0,0.0,0,0,0,0.0,0,0.0,0.0,0.0,0.0,0.0,1.0,1.0,0,0,0.0,0.0,0,0,0,0,37043.996,724308.827,0.955,0.4568777084350586,0,0,0,0,0,0,0,0,0,0,0,0,0.0,0.0,0,0,0,0,0,1,0,1,0,0,0,0.0,0,0.0,0.0,0,0.0,0,0,0.8,0,0,0,1,0.0,0,0.0,0.0,0.0,30.0,0.05,30.0,103282,0,25258,0
RMRG_landbasedwind_class3_moderate_42_anyQual_0,RMRG,LandbasedWind_Class3_Moderate_,42_anyQual_0,1204,17,1,0,1,0,0,0,0,0,0.0,0.0,0,0,0.0,0.0,0.0,0.0,0.0,-1,1.0,0,13699.3,-1.0,0,0,0,0.0,0.0,1065951.189,126360,0,0.0,0,0,0.0,0.0,0,0,0.0,0.0,0.0,0.0,0.0,None,0.0,0.0,1.0,1.0,0.0,0.0,0.0,0.0,0.0,0.0,0.0,0,0,0,0.0,0,0.0,0.0,0.0,0.0,0.0,1.0,1.0,0,0,0.0,0.0,0,0,0,0,47280.671,924480.371,0.955,0.4711324870586395,0,0,0,0,0,0,0,0,0,0,0,0,0.0,0.0,0,0,0,0,0,1,0,1,0,0,0,0.0,0,0.0,0.0,0,0.0,0,0,0.8,0,0,0,1,0.0,0,0.0,0.0,0.0,30.0,0.05,30.0,113519,0,25258,0
RMRG_landbasedwind_class3_moderate_43_anyQual_0,RMRG,LandbasedWind_Class3_Moderate_,43_anyQual_0,1205,17,1,0,1,0,0,0,0,0,0.0,0.0,0,0,0.0,0.0,0.0,0.0,0.0,-1,1.0,0,4401.3,-1.0,0,0,0,0.0,0.0,1065951.189,96426,0,0.0,0,0,0.0,0.0,0,0,0.0,0.0,0.0,0.0,0.0,None,0.0,0.0,1.0,1.0,0.0,0.0,0.0,0.0,0.0,0.0,0.0,0,0,0,0.0,0,0.0,0.0,0.0,0.0,0.0,1.0,1.0,0,0,0.0,0.0,0,0,0,0,23747.697,464328.25,0.955,0.4070056080818176,0,0,0,0,0,0,0,0,0,0,0,0,0.0,0.0,0,0,0,0,0,1,0,1,0,0,0,0.0,0,0.0,0.0,0,0.0,0,0,0.8,0,0,0,1,0.0,0,0.0,0.0,0.0,30.0,0.05,30.0,89986,0,25258,0
RMRG_landbasedwind_class3_moderate_44_anyQual_0,RMRG,LandbasedWind_Class3_Moderate_,44_anyQual_0,1206,17,1,0,1,0,0,0,0,0,0.0,0.0,0,0,0.0,0.0,0.0,0.0,0.0,-1,1.0,0,4758.2,-1.0,0,0,0,0.0,0.0,1065951.189,107130,0,0.0,0,0,0.0,0.0,0,0,0.0,0.0,0.0,0.0,0.0,None,0.0,0.0,1.0,1.0,0.0,0.0,0.0,0.0,0.0,0.0,0.0,0,0,0,0.0,0,0.0,0.0,0.0,0.0,0.0,1.0,1.0,0,0,0.0,0.0,0,0,0,0,32162.207,628860.334,0.955,0.4304712414741516,0,0,0,0,0,0,0,0,0,0,0,0,0.0,0.0,0,0,0,0,0,1,0,1,0,0,0,0.0,0,0.0,0.0,0,0.0,0,0,0.8,0,0,0,1,0.0,0,0.0,0.0,0.0,30.0,0.05,30.0,98401,0,25258,0
RMRG_landbasedwind_class3_moderate_45_anyQual_0,RMRG,LandbasedWind_Class3_Moderate_,45_anyQual_0,1207,17,1,0,1,0,0,0,0,0,0.0,0.0,0,0,0.0,0.0,0.0,0.0,0.0,-1,1.0,0,2915.2,-1.0,0,0,0,0.0,0.0,1065951.189,81883,0,0.0,0,0,0.0,0.0,0,0,0.0,0.0,0.0,0.0,0.0,None,0.0,0.0,1.0,1.0,0.0,0.0,0.0,0.0,0.0,0.0,0.0,0,0,0,0.0,0,0.0,0.0,0.0,0.0,0.0,1.0,1.0,0,0,0.0,0.0,0,0,0,0,12313.391,240756.646,0.955,0.3748970329761505,0,0,0,0,0,0,0,0,0,0,0,0,0.0,0.0,0,0,0,0,0,1,0,1,0,0,0,0.0,0,0.0,0.0,0,0.0,0,0,0.8,0,0,0,1,0.0,0,0.0,0.0,0.0,30.0,0.05,30.0,78552,0,25258,0
RMRG_landbasedwind_class3_moderate_46_anyQual_0,RMRG,LandbasedWind_Class3_Moderate_,46_anyQual_0,1208,17,1,0,1,0,0,0,0,0,0.0,0.0,0,0,0.0,0.0,0.0,0.0,0.0,-1,1.0,0,3924.4,-1.0,0,0,0,0.0,0.0,1065951.189,133974,0,0.0,0,0,0.0,0.0,0,0,0.0,0.0,0.0,0.0,0.0,None,0.0,0.0,1.0,1.0,0.0,0.0,0.0,0.0,0.0,0.0,0.0,0,0,0,0.0,0,0.0,0.0,0.0,0.0,0.0,1.0,1.0,0,0,0.0,0.0,0,0,0,0,53266.413,1041526.491,0.955,0.4892648160457611,0,0,0,0,0,0,0,0,0,0,0,0,0.0,0.0,0,0,0,0,0,1,0,1,0,0,0,0.0,0,0.0,0.0,0,0.0,0,0,0.8,0,0,0,1,0.0,0,0.0,0.0,0.0,30.0,0.05,30.0,119505,0,25258,0
RMRG_landbasedwind_class3_moderate_47_anyQual_0,RMRG,LandbasedWind_Class3_Moderate_,47_anyQual_0,1209,17,1,0,1,0,0,0,0,0,0.0,0.0,0,0,0.0,0.0,0.0,0.0,0.0,-1,1.0,0,4833.8,-1.0,0,0,0,0.0,0.0,1065951.189,114491,0,0.0,0,0,0.0,0.0,0,0,0.0,0.0,0.0,0.0,0.0,None,0.0,0.0,1.0,1.0,0.0,0.0,0.0,0.0,0.0,0.0,0.0,0,0,0,0.0,0,0.0,0.0,0.0,0.0,0.0,1.0,1.0,0,0,0.0,0.0,0,0,0,0,37949.233,742016.546,0.955,0.4475263953208923,0,0,0,0,0,0,0,0,0,0,0,0,0.0,0.0,0,0,0,0,0,1,0,1,0,0,0,0.0,0,0.0,0.0,0,0.0,0,0,0.8,0,0,0,1,0.0,0,0.0,0.0,0.0,30.0,0.05,30.0,104188,0,25258,0
RMRG_landbasedwind_class3_moderate_48_anyQual_1,RMRG,LandbasedWind_Class3_Moderate_,48_anyQual_1,1210,17,1,0,1,0,0,0,0,0,0.0,0.0,0,0,0.0,0.0,0.0,0.0,0.0,-1,1.0,0,9011.1,-1.0,0,0,0,0.0,0.0,1065951.189,117456,0,0.0,0,0,0.0,0.0,0,0,0.0,0.0,0.0,0.0,0.0,None,0.0,0.0,1.0,1.0,0.0,0.0,0.0,0.0,0.0,0.0,0.0,0,0,0,0.0,0,0.0,0.0,0.0,0.0,0.0,1.0,1.0,0,0,0.0,0.0,0,0,0,0,40281.146,787602.704,0.955,0.4525936245918274,0,0,0,0,0,0,0,0,0,0,0,0,0.0,0.0,0,0,0,0,0,1,0,1,0,0,0,0.0,0,0.0,0.0,0,0.0,0,0,0.8,0,0,0,1,0.0,0,0.0,0.0,0.0,30.0,0.05,30.0,106520,0,25258,0
RMRG_landbasedwind_class3_moderate_49_anyQual_1,RMRG,LandbasedWind_Class3_Moderate_,49_anyQual_1,1211,17,1,0,1,0,0,0,0,0,0.0,0.0,0,0,0.0,0.0,0.0,0.0,0.0,-1,1.0,0,3146.8,-1.0,0,0,0,0.0,0.0,1065951.189,102597,0,0.0,0,0,0.0,0.0,0,0,0.0,0.0,0.0,0.0,0.0,None,0.0,0.0,1.0,1.0,0.0,0.0,0.0,0.0,0.0,0.0,0.0,0,0,0,0.0,0,0.0,0.0,0.0,0.0,0.0,1.0,1.0,0,0,0.0,0.0,0,0,0,0,28599.091,559188.366,0.955,0.4195365011692047,0,0,0,0,0,0,0,0,0,0,0,0,0.0,0.0,0,0,0,0,0,1,0,1,0,0,0,0.0,0,0.0,0.0,0,0.0,0,0,0.8,0,0,0,1,0.0,0,0.0,0.0,0.0,30.0,0.05,30.0,94838,0,25258,0
RMRG_utilitypv_class1_moderate_0_anyQual_0,RMRG,UtilityPV_Class1_Moderate_,0_anyQual_0,1212,17,1,0,1,0,0,0,0,0,0.0,0.0,0,0,0.0,0.0,0.0,0.0,0.0,-1,1.0,0,7243.6,-1.0,0,0,0,0.0,0.0,871935.36,59130,0,0.0,0,0,0.0,0.0,0,0,0.0,0.0,0.0,0.0,0.0,None,0.0,0.0,1.0,1.0,0.0,0.0,0.0,0.0,0.0,0.0,0.0,0,0,0,0.0,0,0.0,0.0,0.0,0.0,0.0,1.0,1.0,0,0,0.0,0.0,0,0,0,0,2919.601,57085.275,0.977,0.2687102854251861,0,0,0,0,0,0,0,0,0,0,0,0,0.0,0.0,0,0,0,0,0,1,0,1,0,0,0,0.0,0,0.0,0.0,0,0.0,0,0,0.8,0,0,0,1,0.0,0,0.0,0.0,0.0,30.0,0.05,30.0,58318,0,15760,0
RMRG_utilitypv_class1_moderate_1_anyQual_0,RMRG,UtilityPV_Class1_Moderate_,1_anyQual_0,1213,17,1,0,1,0,0,0,0,0,0.0,0.0,0,0,0.0,0.0,0.0,0.0,0.0,-1,1.0,0,12388.7,-1.0,0,0,0,0.0,0.0,871935.36,60484,0,0.0,0,0,0.0,0.0,0,0,0.0,0.0,0.0,0.0,0.0,None,0.0,0.0,1.0,1.0,0.0,0.0,0.0,0.0,0.0,0.0,0.0,0,0,0,0.0,0,0.0,0.0,0.0,0.0,0.0,1.0,1.0,0,0,0.0,0.0,0,0,0,0,3984.523,77907.086,0.977,0.2727987170219421,0,0,0,0,0,0,0,0,0,0,0,0,0.0,0.0,0,0,0,0,0,1,0,1,0,0,0,0.0,0,0.0,0.0,0,0.0,0,0,0.8,0,0,0,1,0.0,0,0.0,0.0,0.0,30.0,0.05,30.0,59383,0,15760,0
RMRG_utilitypv_class1_moderate_2_anyQual_0,RMRG,UtilityPV_Class1_Moderate_,2_anyQual_0,1214,17,1,0,1,0,0,0,0,0,0.0,0.0,0,0,0.0,0.0,0.0,0.0,0.0,-1,1.0,0,26931.8,-1.0,0,0,0,0.0,0.0,871935.36,63015,0,0.0,0,0,0.0,0.0,0,0,0.0,0.0,0.0,0.0,0.0,None,0.0,0.0,1.0,1.0,0.0,0.0,0.0,0.0,0.0,0.0,0.0,0,0,0,0.0,0,0.0,0.0,0.0,0.0,0.0,1.0,1.0,0,0,0.0,0.0,0,0,0,0,5974.73,116820.464,0.977,0.2757004797458648,0,0,0,0,0,0,0,0,0,0,0,0,0.0,0.0,0,0,0,0,0,1,0,1,0,0,0,0.0,0,0.0,0.0,0,0.0,0,0,0.8,0,0,0,1,0.0,0,0.0,0.0,0.0,30.0,0.05,30.0,61373,0,15760,0
RMRG_utilitypv_class1_moderate_3_anyQual_0,RMRG,UtilityPV_Class1_Moderate_,3_anyQual_0,1215,17,1,0,1,0,0,0,0,0,0.0,0.0,0,0,0.0,0.0,0.0,0.0,0.0,-1,1.0,0,8087.7,-1.0,0,0,0,0.0,0.0,871935.36,64833,0,0.0,0,0,0.0,0.0,0,0,0.0,0.0,0.0,0.0,0.0,None,0.0,0.0,1.0,1.0,0.0,0.0,0.0,0.0,0.0,0.0,0.0,0,0,0,0.0,0,0.0,0.0,0.0,0.0,0.0,1.0,1.0,0,0,0.0,0.0,0,0,0,0,7403.665,144759.602,0.977,0.2829004526138305,0,0,0,0,0,0,0,0,0,0,0,0,0.0,0.0,0,0,0,0,0,1,0,1,0,0,0,0.0,0,0.0,0.0,0,0.0,0,0,0.8,0,0,0,1,0.0,0,0.0,0.0,0.0,30.0,0.05,30.0,62802,0,15760,0
RMRG_utilitypv_class1_moderate_4_anyQual_0,RMRG,UtilityPV_Class1_Moderate_,4_anyQual_0,1216,17,1,0,1,0,0,0,0,0,0.0,0.0,0,0,0.0,0.0,0.0,0.0,0.0,-1,1.0,0,3582.9,-1.0,0,0,0,0.0,0.0,871935.36,64369,0,0.0,0,0,0.0,0.0,0,0,0.0,0.0,0.0,0.0,0.0,None,0.0,0.0,1.0,1.0,0.0,0.0,0.0,0.0,0.0,0.0,0.0,0,0,0,0.0,0,0.0,0.0,0.0,0.0,0.0,1.0,1.0,0,0,0.0,0.0,0,0,0,0,7039.07,137630.883,0.977,0.2896551787853241,0,0,0,0,0,0,0,0,0,0,0,0,0.0,0.0,0,0,0,0,0,1,0,1,0,0,0,0.0,0,0.0,0.0,0,0.0,0,0,0.8,0,0,0,1,0.0,0,0.0,0.0,0.0,30.0,0.05,30.0,62438,0,15760,0
RMRG_utilitypv_class1_moderate_5_anyQual_0,RMRG,UtilityPV_Class1_Moderate_,5_anyQual_0,1217,17,1,0,1,0,0,0,0,0,0.0,0.0,0,0,0.0,0.0,0.0,0.0,0.0,-1,1.0,0,8745.6,-1.0,0,0,0,0.0,0.0,871935.36,64488,0,0.0,0,0,0.0,0.0,0,0,0.0,0.0,0.0,0.0,0.0,None,0.0,0.0,1.0,1.0,0.0,0.0,0.0,0.0,0.0,0.0,0.0,0,0,0,0.0,0,0.0,0.0,0.0,0.0,0.0,1.0,1.0,0,0,0.0,0.0,0,0,0,0,7132.284,139453.454,0.977,0.2784087359905243,0,0,0,0,0,0,0,0,0,0,0,0,0.0,0.0,0,0,0,0,0,1,0,1,0,0,0,0.0,0,0.0,0.0,0,0.0,0,0,0.8,0,0,0,1,0.0,0,0.0,0.0,0.0,30.0,0.05,30.0,62531,0,15760,0
RMRG_utilitypv_class1_moderate_6_anyQual_0,RMRG,UtilityPV_Class1_Moderate_,6_anyQual_0,1218,17,1,0,1,0,0,0,0,0,0.0,0.0,0,0,0.0,0.0,0.0,0.0,0.0,-1,1.0,0,7467.7,-1.0,0,0,0,0.0,0.0,871935.36,66937,0,0.0,0,0,0.0,0.0,0,0,0.0,0.0,0.0,0.0,0.0,None,0.0,0.0,1.0,1.0,0.0,0.0,0.0,0.0,0.0,0.0,0.0,0,0,0,0.0,0,0.0,0.0,0.0,0.0,0.0,1.0,1.0,0,0,0.0,0.0,0,0,0,0,9057.627,177098.565,0.977,0.2858887910842895,0,0,0,0,0,0,0,0,0,0,0,0,0.0,0.0,0,0,0,0,0,1,0,1,0,0,0,0.0,0,0.0,0.0,0,0.0,0,0,0.8,0,0,0,1,0.0,0,0.0,0.0,0.0,30.0,0.05,30.0,64456,0,15760,0
RMRG_utilitypv_class1_moderate_7_anyQual_1,RMRG,UtilityPV_Class1_Moderate_,7_anyQual_1,1219,17,1,0,1,0,0,0,0,0,0.0,0.0,0,0,0.0,5636.0,0.0,0.0,0.0,-1,1.0,0,5637.0,-1.0,0,0,0,0.0,0.0,871935.36,58305,96679,0.0,0,0,0.0,0.0,0,0,0.0,0.0,0.0,0.0,0.0,None,0.0,0.0,1.0,1.0,0.0,0.0,0.0,0.0,0.0,0.0,0.0,0,0,0,0.0,0,0.0,0.0,0.0,0.0,0.0,1.0,1.0,0,0,0.0,0.0,0,0,0,0,2271.22,44407.867,0.977,0.2752169966697693,0,0,0,0,0,0,0,0,0,0,0,0,0.0,0.0,0,0,0,0,0,1,0,1,0,0,0,0.0,0,0.0,0.0,0,0.0,0,0,0.8,0,0,0,1,0.0,0,0.0,0.0,0.0,30.0,0.05,30.0,57670,0,15760,0
RMRG_utilitypv_class1_moderate_8_anyQual_0,RMRG,UtilityPV_Class1_Moderate_,8_anyQual_0,1220,17,1,0,1,0,0,0,0,0,0.0,0.0,0,0,0.0,0.0,0.0,0.0,0.0,-1,1.0,0,11434.5,-1.0,0,0,0,0.0,0.0,871935.36,72209,0,0.0,0,0,0.0,0.0,0,0,0.0,0.0,0.0,0.0,0.0,None,0.0,0.0,1.0,1.0,0.0,0.0,0.0,0.0,0.0,0.0,0.0,0,0,0,0.0,0,0.0,0.0,0.0,0.0,0.0,1.0,1.0,0,0,0.0,0.0,0,0,0,0,13202.94,258149.484,0.977,0.2888830900192261,0,0,0,0,0,0,0,0,0,0,0,0,0.0,0.0,0,0,0,0,0,1,0,1,0,0,0,0.0,0,0.0,0.0,0,0.0,0,0,0.8,0,0,0,1,0.0,0,0.0,0.0,0.0,30.0,0.05,30.0,68601,0,15760,0
RMRG_utilitypv_class1_moderate_9_anyQual_0,RMRG,UtilityPV_Class1_Moderate_,9_anyQual_0,1221,17,1,0,1,0,0,0,0,0,0.0,0.0,0,0,0.0,0.0,0.0,0.0,0.0,-1,1.0,0,20025.7,-1.0,0,0,0,0.0,0.0,871935.36,70228,0,0.0,0,0,0.0,0.0,0,0,0.0,0.0,0.0,0.0,0.0,None,0.0,0.0,1.0,1.0,0.0,0.0,0.0,0.0,0.0,0.0,0.0,0,0,0,0.0,0,0.0,0.0,0.0,0.0,0.0,1.0,1.0,0,0,0.0,0.0,0,0,0,0,11645.4,227695.802,0.977,0.2815859913825989,0,0,0,0,0,0,0,0,0,0,0,0,0.0,0.0,0,0,0,0,0,1,0,1,0,0,0,0.0,0,0.0,0.0,0,0.0,0,0,0.8,0,0,0,1,0.0,0,0.0,0.0,0.0,30.0,0.05,30.0,67044,0,15760,0
RMRG_utilitypv_class1_moderate_10_anyQual_0,RMRG,UtilityPV_Class1_Moderate_,10_anyQual_0,1222,17,1,0,1,0,0,0,0,0,0.0,0.0,0,0,0.0,0.0,0.0,0.0,0.0,-1,1.0,0,2864.0,-1.0,0,0,0,0.0,0.0,871935.36,66364,0,0.0,0,0,0.0,0.0,0,0,0.0,0.0,0.0,0.0,0.0,None,0.0,0.0,1.0,1.0,0.0,0.0,0.0,0.0,0.0,0.0,0.0,0,0,0,0.0,0,0.0,0.0,0.0,0.0,0.0,1.0,1.0,0,0,0.0,0.0,0,0,0,0,8607.658,168300.594,0.977,0.2716589868068695,0,0,0,0,0,0,0,0,0,0,0,0,0.0,0.0,0,0,0,0,0,1,0,1,0,0,0,0.0,0,0.0,0.0,0,0.0,0,0,0.8,0,0,0,1,0.0,0,0.0,0.0,0.0,30.0,0.05,30.0,64006,0,15760,0
RMRG_utilitypv_class1_moderate_11_anyQual_0,RMRG,UtilityPV_Class1_Moderate_,11_anyQual_0,1223,17,1,0,1,0,0,0,0,0,0.0,0.0,0,0,0.0,0.0,0.0,0.0,0.0,-1,1.0,0,22097.5,-1.0,0,0,0,0.0,0.0,871935.36,68685,0,0.0,0,0,0.0,0.0,0,0,0.0,0.0,0.0,0.0,0.0,None,0.0,0.0,1.0,1.0,0.0,0.0,0.0,0.0,0.0,0.0,0.0,0,0,0,0.0,0,0.0,0.0,0.0,0.0,0.0,1.0,1.0,0,0,0.0,0.0,0,0,0,0,10432.516,203980.994,0.977,0.2785029709339142,0,0,0,0,0,0,0,0,0,0,0,0,0.0,0.0,0,0,0,0,0,1,0,1,0,0,0,0.0,0,0.0,0.0,0,0.0,0,0,0.8,0,0,0,1,0.0,0,0.0,0.0,0.0,30.0,0.05,30.0,65831,0,15760,0
RMRG_utilitypv_class1_moderate_12_anyQual_0,RMRG,UtilityPV_Class1_Moderate_,12_anyQual_0,1224,17,1,0,1,0,0,0,0,0,0.0,0.0,0,0,0.0,0.0,0.0,0.0,0.0,-1,1.0,0,1187.8,-1.0,0,0,0,0.0,0.0,871935.36,64672,0,0.0,0,0,0.0,0.0,0,0,0.0,0.0,0.0,0.0,0.0,None,0.0,0.0,1.0,1.0,0.0,0.0,0.0,0.0,0.0,0.0,0.0,0,0,0,0.0,0,0.0,0.0,0.0,0.0,0.0,1.0,1.0,0,0,0.0,0.0,0,0,0,0,7276.813,142279.346,0.977,0.265854924917221,0,0,0,0,0,0,0,0,0,0,0,0,0.0,0.0,0,0,0,0,0,1,0,1,0,0,0,0.0,0,0.0,0.0,0,0.0,0,0,0.8,0,0,0,1,0.0,0,0.0,0.0,0.0,30.0,0.05,30.0,62675,0,15760,0
RMRG_utilitypv_class1_moderate_13_anyQual_0,RMRG,UtilityPV_Class1_Moderate_,13_anyQual_0,1225,17,1,0,1,0,0,0,0,0,0.0,0.0,0,0,0.0,0.0,0.0,0.0,0.0,-1,1.0,0,15333.7,-1.0,0,0,0,0.0,0.0,871935.36,67659,0,0.0,0,0,0.0,0.0,0,0,0.0,0.0,0.0,0.0,0.0,None,0.0,0.0,1.0,1.0,0.0,0.0,0.0,0.0,0.0,0.0,0.0,0,0,0,0.0,0,0.0,0.0,0.0,0.0,0.0,1.0,1.0,0,0,0.0,0.0,0,0,0,0,9625.433,188200.554,0.977,0.2761927843093872,0,0,0,0,0,0,0,0,0,0,0,0,0.0,0.0,0,0,0,0,0,1,0,1,0,0,0,0.0,0,0.0,0.0,0,0.0,0,0,0.8,0,0,0,1,0.0,0,0.0,0.0,0.0,30.0,0.05,30.0,65024,0,15760,0
RMRG_utilitypv_class1_moderate_14_anyQual_0,RMRG,UtilityPV_Class1_Moderate_,14_anyQual_0,1226,17,1,0,1,0,0,0,0,0,0.0,0.0,0,0,0.0,0.0,0.0,0.0,0.0,-1,1.0,0,7034.8,-1.0,0,0,0,0.0,0.0,871935.36,74076,0,0.0,0,0,0.0,0.0,0,0,0.0,0.0,0.0,0.0,0.0,None,0.0,0.0,1.0,1.0,0.0,0.0,0.0,0.0,0.0,0.0,0.0,0,0,0,0.0,0,0.0,0.0,0.0,0.0,0.0,1.0,1.0,0,0,0.0,0.0,0,0,0,0,14670.517,286844.18,0.977,0.2925321757793426,0,0,0,0,0,0,0,0,0,0,0,0,0.0,0.0,0,0,0,0,0,1,0,1,0,0,0,0.0,0,0.0,0.0,0,0.0,0,0,0.8,0,0,0,1,0.0,0,0.0,0.0,0.0,30.0,0.05,30.0,70069,0,15760,0
RMRG_utilitypv_class1_moderate_15_anyQual_1,RMRG,UtilityPV_Class1_Moderate_,15_anyQual_1,1227,17,1,0,1,0,0,0,0,0,0.0,0.0,0,0,0.0,43.9,0.0,0.0,0.0,-1,1.0,0,43.9,-1.0,0,0,0,0.0,0.0,871935.36,60533,98908,0.0,0,0,0.0,0.0,0,0,0.0,0.0,0.0,0.0,0.0,None,0.0,0.0,1.0,1.0,0.0,0.0,0.0,0.0,0.0,0.0,0.0,0,0,0,0.0,0,0.0,0.0,0.0,0.0,0.0,1.0,1.0,0,0,0.0,0.0,0,0,0,0,4022.627,78652.104,0.977,0.2602730691432953,0,0,0,0,0,0,0,0,0,0,0,0,0.0,0.0,0,0,0,0,0,1,0,1,0,0,0,0.0,0,0.0,0.0,0,0.0,0,0,0.8,0,0,0,1,0.0,0,0.0,0.0,0.0,30.0,0.05,30.0,59421,0,15760,0
RMRG_utilitypv_class1_moderate_16_anyQual_0,RMRG,UtilityPV_Class1_Moderate_,16_anyQual_0,1228,17,1,0,1,0,0,0,0,0,0.0,0.0,0,0,0.0,0.0,0.0,0.0,0.0,-1,1.0,0,13602.2,-1.0,0,0,0,0.0,0.0,871935.36,74139,0,0.0,0,0,0.0,0.0,0,0,0.0,0.0,0.0,0.0,0.0,None,0.0,0.0,1.0,1.0,0.0,0.0,0.0,0.0,0.0,0.0,0.0,0,0,0,0.0,0,0.0,0.0,0.0,0.0,0.0,1.0,1.0,0,0,0.0,0.0,0,0,0,0,14720.562,287822.671,0.977,0.283020406961441,0,0,0,0,0,0,0,0,0,0,0,0,0.0,0.0,0,0,0,0,0,1,0,1,0,0,0,0.0,0,0.0,0.0,0,0.0,0,0,0.8,0,0,0,1,0.0,0,0.0,0.0,0.0,30.0,0.05,30.0,70119,0,15760,0
RMRG_utilitypv_class1_moderate_17_anyQual_0,RMRG,UtilityPV_Class1_Moderate_,17_anyQual_0,1229,17,1,0,1,0,0,0,0,0,0.0,0.0,0,0,0.0,0.0,0.0,0.0,0.0,-1,1.0,0,21895.3,-1.0,0,0,0,0.0,0.0,871935.36,71696,0,0.0,0,0,0.0,0.0,0,0,0.0,0.0,0.0,0.0,0.0,None,0.0,0.0,1.0,1.0,0.0,0.0,0.0,0.0,0.0,0.0,0.0,0,0,0,0.0,0,0.0,0.0,0.0,0.0,0.0,1.0,1.0,0,0,0.0,0.0,0,0,0,0,12799.856,250268.22,0.977,0.2766109704971313,0,0,0,0,0,0,0,0,0,0,0,0,0.0,0.0,0,0,0,0,0,1,0,1,0,0,0,0.0,0,0.0,0.0,0,0.0,0,0,0.8,0,0,0,1,0.0,0,0.0,0.0,0.0,30.0,0.05,30.0,68198,0,15760,0
RMRG_utilitypv_class1_moderate_18_anyQual_0,RMRG,UtilityPV_Class1_Moderate_,18_anyQual_0,1230,17,1,0,1,0,0,0,0,0,0.0,0.0,0,0,0.0,0.0,0.0,0.0,0.0,-1,1.0,0,1387.9,-1.0,0,0,0,0.0,0.0,871935.36,67738,0,0.0,0,0,0.0,0.0,0,0,0.0,0.0,0.0,0.0,0.0,None,0.0,0.0,1.0,1.0,0.0,0.0,0.0,0.0,0.0,0.0,0.0,0,0,0,0.0,0,0.0,0.0,0.0,0.0,0.0,1.0,1.0,0,0,0.0,0.0,0,0,0,0,9687.64,189420.228,0.977,0.2658727467060089,0,0,0,0,0,0,0,0,0,0,0,0,0.0,0.0,0,0,0,0,0,1,0,1,0,0,0,0.0,0,0.0,0.0,0,0.0,0,0,0.8,0,0,0,1,0.0,0,0.0,0.0,0.0,30.0,0.05,30.0,65086,0,15760,0
RMRG_utilitypv_class1_moderate_19_anyQual_0,RMRG,UtilityPV_Class1_Moderate_,19_anyQual_0,1231,17,1,0,1,0,0,0,0,0,0.0,0.0,0,0,0.0,0.0,0.0,0.0,0.0,-1,1.0,0,8857.6,-1.0,0,0,0,0.0,0.0,871935.36,77235,0,0.0,0,0,0.0,0.0,0,0,0.0,0.0,0.0,0.0,0.0,None,0.0,0.0,1.0,1.0,0.0,0.0,0.0,0.0,0.0,0.0,0.0,0,0,0,0.0,0,0.0,0.0,0.0,0.0,0.0,1.0,1.0,0,0,0.0,0.0,0,0,0,0,17154.716,335416.286,0.977,0.2912349998950958,0,0,0,0,0,0,0,0,0,0,0,0,0.0,0.0,0,0,0,0,0,1,0,1,0,0,0,0.0,0,0.0,0.0,0,0.0,0,0,0.8,0,0,0,1,0.0,0,0.0,0.0,0.0,30.0,0.05,30.0,72553,0,15760,0
RMRG_utilitypv_class1_moderate_20_anyQual_0,RMRG,UtilityPV_Class1_Moderate_,20_anyQual_0,1232,17,1,0,1,0,0,0,0,0,0.0,0.0,0,0,0.0,0.0,0.0,0.0,0.0,-1,1.0,0,5033.6,-1.0,0,0,0,0.0,0.0,871935.36,70153,0,0.0,0,0,0.0,0.0,0,0,0.0,0.0,0.0,0.0,0.0,None,0.0,0.0,1.0,1.0,0.0,0.0,0.0,0.0,0.0,0.0,0.0,0,0,0,0.0,0,0.0,0.0,0.0,0.0,0.0,1.0,1.0,0,0,0.0,0.0,0,0,0,0,11586.025,226538.209,0.977,0.2719943225383758,0,0,0,0,0,0,0,0,0,0,0,0,0.0,0.0,0,0,0,0,0,1,0,1,0,0,0,0.0,0,0.0,0.0,0,0.0,0,0,0.8,0,0,0,1,0.0,0,0.0,0.0,0.0,30.0,0.05,30.0,66985,0,15760,0
RMRG_utilitypv_class1_moderate_21_anyQual_0,RMRG,UtilityPV_Class1_Moderate_,21_anyQual_0,1233,17,1,0,1,0,0,0,0,0,0.0,0.0,0,0,0.0,0.0,0.0,0.0,0.0,-1,1.0,0,13634.1,-1.0,0,0,0,0.0,0.0,871935.36,73109,0,0.0,0,0,0.0,0.0,0,0,0.0,0.0,0.0,0.0,0.0,None,0.0,0.0,1.0,1.0,0.0,0.0,0.0,0.0,0.0,0.0,0.0,0,0,0,0.0,0,0.0,0.0,0.0,0.0,0.0,1.0,1.0,0,0,0.0,0.0,0,0,0,0,13910.873,271991.298,0.977,0.2797916233539581,0,0,0,0,0,0,0,0,0,0,0,0,0.0,0.0,0,0,0,0,0,1,0,1,0,0,0,0.0,0,0.0,0.0,0,0.0,0,0,0.8,0,0,0,1,0.0,0,0.0,0.0,0.0,30.0,0.05,30.0,69309,0,15760,0
RMRG_utilitypv_class1_moderate_22_anyQual_0,RMRG,UtilityPV_Class1_Moderate_,22_anyQual_0,1234,17,1,0,1,0,0,0,0,0,0.0,0.0,0,0,0.0,0.0,0.0,0.0,0.0,-1,1.0,0,15294.3,-1.0,0,0,0,0.0,0.0,871935.36,78140,0,0.0,0,0,0.0,0.0,0,0,0.0,0.0,0.0,0.0,0.0,None,0.0,0.0,1.0,1.0,0.0,0.0,0.0,0.0,0.0,0.0,0.0,0,0,0,0.0,0,0.0,0.0,0.0,0.0,0.0,1.0,1.0,0,0,0.0,0.0,0,0,0,0,17865.847,349320.628,0.977,0.2935949862003326,0,0,0,0,0,0,0,0,0,0,0,0,0.0,0.0,0,0,0,0,0,1,0,1,0,0,0,0.0,0,0.0,0.0,0,0.0,0,0,0.8,0,0,0,1,0.0,0,0.0,0.0,0.0,30.0,0.05,30.0,73264,0,15760,0
RMRG_utilitypv_class1_moderate_23_anyQual_1,RMRG,UtilityPV_Class1_Moderate_,23_anyQual_1,1235,17,1,0,1,0,0,0,0,0,0.0,0.0,0,0,0.0,0.0,0.0,0.0,0.0,-1,1.0,0,251.3,-1.0,0,0,0,0.0,0.0,871935.36,74648,0,0.0,0,0,0.0,0.0,0,0,0.0,0.0,0.0,0.0,0.0,None,0.0,0.0,1.0,1.0,0.0,0.0,0.0,0.0,0.0,0.0,0.0,0,0,0,0.0,0,0.0,0.0,0.0,0.0,0.0,1.0,1.0,0,0,0.0,0.0,0,0,0,0,15120.281,295638.154,0.977,0.2810457348823547,0,0,0,0,0,0,0,0,0,0,0,0,0.0,0.0,0,0,0,0,0,1,0,1,0,0,0,0.0,0,0.0,0.0,0,0.0,0,0,0.8,0,0,0,1,0.0,0,0.0,0.0,0.0,30.0,0.05,30.0,70519,0,15760,0
RMRG_utilitypv_class1_moderate_24_anyQual_0,RMRG,UtilityPV_Class1_Moderate_,24_anyQual_0,1236,17,1,0,1,0,0,0,0,0,0.0,0.0,0,0,0.0,0.0,0.0,0.0,0.0,-1,1.0,0,3373.2,-1.0,0,0,0,0.0,0.0,871935.36,72141,0,0.0,0,0,0.0,0.0,0,0,0.0,0.0,0.0,0.0,0.0,None,0.0,0.0,1.0,1.0,0.0,0.0,0.0,0.0,0.0,0.0,0.0,0,0,0,0.0,0,0.0,0.0,0.0,0.0,0.0,1.0,1.0,0,0,0.0,0.0,0,0,0,0,13149.497,257106.22,0.977,0.2692371904850006,0,0,0,0,0,0,0,0,0,0,0,0,0.0,0.0,0,0,0,0,0,1,0,1,0,0,0,0.0,0,0.0,0.0,0,0.0,0,0,0.8,0,0,0,1,0.0,0,0.0,0.0,0.0,30.0,0.05,30.0,68548,0,15760,0
RMRG_utilitypv_class1_moderate_25_anyQual_0,RMRG,UtilityPV_Class1_Moderate_,25_anyQual_0,1237,17,1,0,1,0,0,0,0,0,0.0,0.0,0,0,0.0,0.0,0.0,0.0,0.0,-1,1.0,0,14491.1,-1.0,0,0,0,0.0,0.0,871935.36,74330,0,0.0,0,0,0.0,0.0,0,0,0.0,0.0,0.0,0.0,0.0,None,0.0,0.0,1.0,1.0,0.0,0.0,0.0,0.0,0.0,0.0,0.0,0,0,0,0.0,0,0.0,0.0,0.0,0.0,0.0,1.0,1.0,0,0,0.0,0.0,0,0,0,0,14870.413,290753.46,0.977,0.2746310234069824,0,0,0,0,0,0,0,0,0,0,0,0,0.0,0.0,0,0,0,0,0,1,0,1,0,0,0,0.0,0,0.0,0.0,0,0.0,0,0,0.8,0,0,0,1,0.0,0,0.0,0.0,0.0,30.0,0.05,30.0,70269,0,15760,0
RMRG_utilitypv_class1_moderate_26_anyQual_0,RMRG,UtilityPV_Class1_Moderate_,26_anyQual_0,1238,17,1,0,1,0,0,0,0,0,0.0,0.0,0,0,0.0,0.0,0.0,0.0,0.0,-1,1.0,0,6815.5,-1.0,0,0,0,0.0,0.0,871935.36,79683,0,0.0,0,0,0.0,0.0,0,0,0.0,0.0,0.0,0.0,0.0,None,0.0,0.0,1.0,1.0,0.0,0.0,0.0,0.0,0.0,0.0,0.0,0,0,0,0.0,0,0.0,0.0,0.0,0.0,0.0,1.0,1.0,0,0,0.0,0.0,0,0,0,0,19079.08,373042.283,0.977,0.2871379852294922,0,0,0,0,0,0,0,0,0,0,0,0,0.0,0.0,0,0,0,0,0,1,0,1,0,0,0,0.0,0,0.0,0.0,0,0.0,0,0,0.8,0,0,0,1,0.0,0,0.0,0.0,0.0,30.0,0.05,30.0,74478,0,15760,0
RMRG_utilitypv_class1_moderate_27_anyQual_0,RMRG,UtilityPV_Class1_Moderate_,27_anyQual_0,1239,17,1,0,1,0,0,0,0,0,0.0,0.0,0,0,0.0,0.0,0.0,0.0,0.0,-1,1.0,0,8988.3,-1.0,0,0,0,0.0,0.0,871935.36,81104,0,0.0,0,0,0.0,0.0,0,0,0.0,0.0,0.0,0.0,0.0,None,0.0,0.0,1.0,1.0,0.0,0.0,0.0,0.0,0.0,0.0,0.0,0,0,0,0.0,0,0.0,0.0,0.0,0.0,0.0,1.0,1.0,0,0,0.0,0.0,0,0,0,0,20196.465,394889.862,0.977,0.2922030389308929,0,0,0,0,0,0,0,0,0,0,0,0,0.0,0.0,0,0,0,0,0,1,0,1,0,0,0,0.0,0,0.0,0.0,0,0.0,0,0,0.8,0,0,0,1,0.0,0,0.0,0.0,0.0,30.0,0.05,30.0,75595,0,15760,0
RMRG_utilitypv_class1_moderate_28_anyQual_0,RMRG,UtilityPV_Class1_Moderate_,28_anyQual_0,1240,17,1,0,1,0,0,0,0,0,0.0,0.0,0,0,0.0,0.0,0.0,0.0,0.0,-1,1.0,0,15312.9,-1.0,0,0,0,0.0,0.0,871935.36,75721,0,0.0,0,0,0.0,0.0,0,0,0.0,0.0,0.0,0.0,0.0,None,0.0,0.0,1.0,1.0,0.0,0.0,0.0,0.0,0.0,0.0,0.0,0,0,0,0.0,0,0.0,0.0,0.0,0.0,0.0,1.0,1.0,0,0,0.0,0.0,0,0,0,0,15964.137,312137.586,0.977,0.2777513563632965,0,0,0,0,0,0,0,0,0,0,0,0,0.0,0.0,0,0,0,0,0,1,0,1,0,0,0,0.0,0,0.0,0.0,0,0.0,0,0,0.8,0,0,0,1,0.0,0,0.0,0.0,0.0,30.0,0.05,30.0,71363,0,15760,0
RMRG_utilitypv_class1_moderate_29_anyQual_0,RMRG,UtilityPV_Class1_Moderate_,29_anyQual_0,1241,17,1,0,1,0,0,0,0,0,0.0,0.0,0,0,0.0,0.0,0.0,0.0,0.0,-1,1.0,0,10843.7,-1.0,0,0,0,0.0,0.0,871935.36,78128,0,0.0,0,0,0.0,0.0,0,0,0.0,0.0,0.0,0.0,0.0,None,0.0,0.0,1.0,1.0,0.0,0.0,0.0,0.0,0.0,0.0,0.0,0,0,0,0.0,0,0.0,0.0,0.0,0.0,0.0,1.0,1.0,0,0,0.0,0.0,0,0,0,0,17856.255,349133.079,0.977,0.283200204372406,0,0,0,0,0,0,0,0,0,0,0,0,0.0,0.0,0,0,0,0,0,1,0,1,0,0,0,0.0,0,0.0,0.0,0,0.0,0,0,0.8,0,0,0,1,0.0,0,0.0,0.0,0.0,30.0,0.05,30.0,73255,0,15760,0
RMRG_utilitypv_class1_moderate_30_anyQual_0,RMRG,UtilityPV_Class1_Moderate_,30_anyQual_0,1242,17,1,0,1,0,0,0,0,0,0.0,0.0,0,0,0.0,0.0,0.0,0.0,0.0,-1,1.0,0,14779.6,-1.0,0,0,0,0.0,0.0,871935.36,76637,0,0.0,0,0,0.0,0.0,0,0,0.0,0.0,0.0,0.0,0.0,None,0.0,0.0,1.0,1.0,0.0,0.0,0.0,0.0,0.0,0.0,0.0,0,0,0,0.0,0,0.0,0.0,0.0,0.0,0.0,1.0,1.0,0,0,0.0,0.0,0,0,0,0,16684.17,326215.993,0.977,0.2800409197807312,0,0,0,0,0,0,0,0,0,0,0,0,0.0,0.0,0,0,0,0,0,1,0,1,0,0,0,0.0,0,0.0,0.0,0,0.0,0,0,0.8,0,0,0,1,0.0,0,0.0,0.0,0.0,30.0,0.05,30.0,72083,0,15760,0
RMRG_utilitypv_class1_moderate_31_anyQual_1,RMRG,UtilityPV_Class1_Moderate_,31_anyQual_1,1243,17,1,0,1,0,0,0,0,0,0.0,0.0,0,0,0.0,0.0,0.0,0.0,0.0,-1,1.0,0,5512.1,-1.0,0,0,0,0.0,0.0,871935.36,81612,0,0.0,0,0,0.0,0.0,0,0,0.0,0.0,0.0,0.0,0.0,None,0.0,0.0,1.0,1.0,0.0,0.0,0.0,0.0,0.0,0.0,0.0,0,0,0,0.0,0,0.0,0.0,0.0,0.0,0.0,1.0,1.0,0,0,0.0,0.0,0,0,0,0,20595.538,402692.712,0.977,0.2925646603107452,0,0,0,0,0,0,0,0,0,0,0,0,0.0,0.0,0,0,0,0,0,1,0,1,0,0,0,0.0,0,0.0,0.0,0,0.0,0,0,0.8,0,0,0,1,0.0,0,0.0,0.0,0.0,30.0,0.05,30.0,75994,0,15760,0
RMRG_utilitypv_class1_moderate_32_anyQual_0,RMRG,UtilityPV_Class1_Moderate_,32_anyQual_0,1244,17,1,0,1,0,0,0,0,0,0.0,0.0,0,0,0.0,0.0,0.0,0.0,0.0,-1,1.0,0,11055.2,-1.0,0,0,0,0.0,0.0,871935.36,82991,0,0.0,0,0,0.0,0.0,0,0,0.0,0.0,0.0,0.0,0.0,None,0.0,0.0,1.0,1.0,0.0,0.0,0.0,0.0,0.0,0.0,0.0,0,0,0,0.0,0,0.0,0.0,0.0,0.0,0.0,1.0,1.0,0,0,0.0,0.0,0,0,0,0,21680.044,423898.843,0.977,0.290648341178894,0,0,0,0,0,0,0,0,0,0,0,0,0.0,0.0,0,0,0,0,0,1,0,1,0,0,0,0.0,0,0.0,0.0,0,0.0,0,0,0.8,0,0,0,1,0.0,0,0.0,0.0,0.0,30.0,0.05,30.0,77079,0,15760,0
RMRG_utilitypv_class1_moderate_33_anyQual_0,RMRG,UtilityPV_Class1_Moderate_,33_anyQual_0,1245,17,1,0,1,0,0,0,0,0,0.0,0.0,0,0,0.0,0.0,0.0,0.0,0.0,-1,1.0,0,16396.9,-1.0,0,0,0,0.0,0.0,871935.36,77905,0,0.0,0,0,0.0,0.0,0,0,0.0,0.0,0.0,0.0,0.0,None,0.0,0.0,1.0,1.0,0.0,0.0,0.0,0.0,0.0,0.0,0.0,0,0,0,0.0,0,0.0,0.0,0.0,0.0,0.0,1.0,1.0,0,0,0.0,0.0,0,0,0,0,17680.872,345703.922,0.977,0.2774313986301422,0,0,0,0,0,0,0,0,0,0,0,0,0.0,0.0,0,0,0,0,0,1,0,1,0,0,0,0.0,0,0.0,0.0,0,0.0,0,0,0.8,0,0,0,1,0.0,0,0.0,0.0,0.0,30.0,0.05,30.0,73079,0,15760,0
RMRG_utilitypv_class1_moderate_34_anyQual_0,RMRG,UtilityPV_Class1_Moderate_,34_anyQual_0,1246,17,1,0,1,0,0,0,0,0,0.0,0.0,0,0,0.0,0.0,0.0,0.0,0.0,-1,1.0,0,12655.9,-1.0,0,0,0,0.0,0.0,871935.36,76262,0,0.0,0,0,0.0,0.0,0,0,0.0,0.0,0.0,0.0,0.0,None,0.0,0.0,1.0,1.0,0.0,0.0,0.0,0.0,0.0,0.0,0.0,0,0,0,0.0,0,0.0,0.0,0.0,0.0,0.0,1.0,1.0,0,0,0.0,0.0,0,0,0,0,16389.261,320451.241,0.977,0.274345189332962,0,0,0,0,0,0,0,0,0,0,0,0,0.0,0.0,0,0,0,0,0,1,0,1,0,0,0,0.0,0,0.0,0.0,0,0.0,0,0,0.8,0,0,0,1,0.0,0,0.0,0.0,0.0,30.0,0.05,30.0,71788,0,15760,0
RMRG_utilitypv_class1_moderate_35_anyQual_0,RMRG,UtilityPV_Class1_Moderate_,35_anyQual_0,1247,17,1,0,1,0,0,0,0,0,0.0,0.0,0,0,0.0,0.0,0.0,0.0,0.0,-1,1.0,0,13121.5,-1.0,0,0,0,0.0,0.0,871935.36,79996,0,0.0,0,0,0.0,0.0,0,0,0.0,0.0,0.0,0.0,0.0,None,0.0,0.0,1.0,1.0,0.0,0.0,0.0,0.0,0.0,0.0,0.0,0,0,0,0.0,0,0.0,0.0,0.0,0.0,0.0,1.0,1.0,0,0,0.0,0.0,0,0,0,0,19325.213,377855.891,0.977,0.283266007900238,0,0,0,0,0,0,0,0,0,0,0,0,0.0,0.0,0,0,0,0,0,1,0,1,0,0,0,0.0,0,0.0,0.0,0,0.0,0,0,0.8,0,0,0,1,0.0,0,0.0,0.0,0.0,30.0,0.05,30.0,74724,0,15760,0
RMRG_utilitypv_class1_moderate_36_anyQual_0,RMRG,UtilityPV_Class1_Moderate_,36_anyQual_0,1248,17,1,0,1,0,0,0,0,0,0.0,0.0,0,0,0.0,0.0,0.0,0.0,0.0,-1,1.0,0,7898.8,-1.0,0,0,0,0.0,0.0,871935.36,81257,0,0.0,0,0,0.0,0.0,0,0,0.0,0.0,0.0,0.0,0.0,None,0.0,0.0,1.0,1.0,0.0,0.0,0.0,0.0,0.0,0.0,0.0,0,0,0,0.0,0,0.0,0.0,0.0,0.0,0.0,1.0,1.0,0,0,0.0,0.0,0,0,0,0,20316.574,397238.507,0.977,0.2864697277545929,0,0,0,0,0,0,0,0,0,0,0,0,0.0,0.0,0,0,0,0,0,1,0,1,0,0,0,0.0,0,0.0,0.0,0,0.0,0,0,0.8,0,0,0,1,0.0,0,0.0,0.0,0.0,30.0,0.05,30.0,75715,0,15760,0
RMRG_utilitypv_class1_moderate_37_anyQual_0,RMRG,UtilityPV_Class1_Moderate_,37_anyQual_0,1249,17,1,0,1,0,0,0,0,0,0.0,0.0,0,0,0.0,0.0,0.0,0.0,0.0,-1,1.0,0,916.5,-1.0,0,0,0,0.0,0.0,871935.36,74593,0,0.0,0,0,0.0,0.0,0,0,0.0,0.0,0.0,0.0,0.0,None,0.0,0.0,1.0,1.0,0.0,0.0,0.0,0.0,0.0,0.0,0.0,0,0,0,0.0,0,0.0,0.0,0.0,0.0,0.0,1.0,1.0,0,0,0.0,0.0,0,0,0,0,15076.851,294789.001,0.977,0.2692456841468811,0,0,0,0,0,0,0,0,0,0,0,0,0.0,0.0,0,0,0,0,0,1,0,1,0,0,0,0.0,0,0.0,0.0,0,0.0,0,0,0.8,0,0,0,1,0.0,0,0.0,0.0,0.0,30.0,0.05,30.0,70475,0,15760,0
RMRG_utilitypv_class1_moderate_38_anyQual_0,RMRG,UtilityPV_Class1_Moderate_,38_anyQual_0,1250,17,1,0,1,0,0,0,0,0,0.0,0.0,0,0,0.0,0.0,0.0,0.0,0.0,-1,1.0,0,9349.9,-1.0,0,0,0,0.0,0.0,871935.36,78864,0,0.0,0,0,0.0,0.0,0,0,0.0,0.0,0.0,0.0,0.0,None,0.0,0.0,1.0,1.0,0.0,0.0,0.0,0.0,0.0,0.0,0.0,0,0,0,0.0,0,0.0,0.0,0.0,0.0,0.0,1.0,1.0,0,0,0.0,0.0,0,0,0,0,18434.931,360447.623,0.977,0.2804317772388458,0,0,0,0,0,0,0,0,0,0,0,0,0.0,0.0,0,0,0,0,0,1,0,1,0,0,0,0.0,0,0.0,0.0,0,0.0,0,0,0.8,0,0,0,1,0.0,0,0.0,0.0,0.0,30.0,0.05,30.0,73833,0,15760,0
RMRG_utilitypv_class1_moderate_39_anyQual_1,RMRG,UtilityPV_Class1_Moderate_,39_anyQual_1,1251,17,1,0,1,0,0,0,0,0,0.0,0.0,0,0,0.0,0.0,0.0,0.0,0.0,-1,1.0,0,8483.0,-1.0,0,0,0,0.0,0.0,871935.36,83311,0,0.0,0,0,0.0,0.0,0,0,0.0,0.0,0.0,0.0,0.0,None,0.0,0.0,1.0,1.0,0.0,0.0,0.0,0.0,0.0,0.0,0.0,0,0,0,0.0,0,0.0,0.0,0.0,0.0,0.0,1.0,1.0,0,0,0.0,0.0,0,0,0,0,21931.573,428815.682,0.977,0.2917440235614776,0,0,0,0,0,0,0,0,0,0,0,0,0.0,0.0,0,0,0,0,0,1,0,1,0,0,0,0.0,0,0.0,0.0,0,0.0,0,0,0.8,0,0,0,1,0.0,0,0.0,0.0,0.0,30.0,0.05,30.0,77330,0,15760,0
SPPC_naturalgas_hframe_cc_95_ccs_moderate_0,SPPC,NaturalGas_H-Frame CC 95% CCS_Moderate,0,1252,18,0,1,0,0,0,0,0,0,0.0,0.0,0,0,0.0,0.0,0.0,0.0,0.0,-1,500.0,0,-1.0,-1.0,0,0,0,0.0,0.0,1943268.308,126152,0,0.0,0,0,8.14,0.0,0,0,106.0,2.0,6.78,0.0,0.0,west_north_central_naturalgas_ccs95,0.6,0.0,1.0,1.0,0.0,0.0,0.0,0.106666667,0.213333333,0.0,0.0,0,0,0,0.95,27,1469.015,17226.965,13.376,0.342,4.572,0.64,0.64,6,6,10.0,42220.0,0,0,0,0,0.0,0.0,0.976,0.0,0,0,0,0,0,0,0,0,0,0,0,0,0.0,0.0,0,1,0,0,0,0,0,0,0,0,0,0.0,0,0.93,0.0,0,0.0,0,0,0.0,0,0,0,0,0.0,0,0.0,0.0,0.0,30.0,0.05,30.0,126888,0,46282,0
SPPC_naturalgas_hframe_cc_moderate_0,SPPC,NaturalGas_H-Frame CC_Moderate,0,1253,18,0,1,0,0,0,0,0,0,0.0,0.0,0,0,0.0,0.0,0.0,0.0,0.0,-1,500.0,0,-1.0,-1.0,0,0,0,0.0,0.0,1096691.96,73374,0,0.0,0,0,1.72,0.0,0,0,106.0,2.0,6.09,0.0,0.0,west_north_central_naturalgas,0.3,0.0,1.0,1.0,0.0,0.0,0.0,0.0,0.0,0.0,0.0,0,0,0,0.0,0,0.0,0.0,0.0,0.0,0.0,0.64,0.64,6,6,10.0,42220.0,0,0,0,0,0.0,0.0,0.99,0.0,0,0,0,0,0,0,0,0,0,0,0,0,0.0,0.0,0,0,0,0,0,0,0,0,0,0,0,0.0,0,0.93,0.0,0,0.0,0,0,0.0,0,0,0,0,0.0,0,0.0,0.0,0.0,30.0,0.05,30.0,72602,0,26266,0
SPPC_naturalgas_fframe_ct_moderate_0,SPPC,NaturalGas_F-Frame CT_Moderate,0,1254,18,0,1,0,0,0,0,0,0,0.0,0.0,0,0,0.0,0.0,0.0,0.0,0.0,-1,100.0,0,-1.0,-1.0,0,0,0,0.0,0.0,977045.463,65606,0,0.0,0,0,6.15,0.0,0,0,137.0,3.5,9.72,0.0,0.0,west_north_central_naturalgas,0.3,0.0,1.0,1.0,0.0,0.0,0.0,0.0,0.0,0.0,0.0,0,0,0,0.0,0,0.0,0.0,0.0,0.0,0.0,3.78,3.78,1,1,10.0,42220.0,0,0,0,0,0.0,0.0,0.989,0.0,0,0,0,0,0,0,0,0,0,0,0,0,0.0,0.0,0,0,0,0,0,0,0,0,0,0,0,0.0,0,0.93,0.0,0,0.0,0,0,0.0,0,0,0,0,0.0,0,0.0,0.0,0.0,30.0,0.05,30.0,64851,0,21509,0
SPPC_battery_moderate_0,SPPC,Battery_*_Moderate,0,1255,18,0,0,0,0,1,0,0,0,0.0,0.0,0,0,0.0,0.0,0.0,0.0,0.0,-1,1.0,0,-1.0,-1.0,0,0,0,0.0,0.0,274910.679,26512,0,205428.952,19811,0,0.15,0.15,0,0,0.0,0.0,0.0,0.0,0.0,None,0.0,0.0,0.92,0.92,0.0,1.0,10.0,0.0,0.0,0.0,0.0,0,0,0,0.0,0,0.0,0.0,0.0,0.0,0.0,1.0,1.0,0,0,0.0,0.0,0,0,0,0,0.0,0.0,1.001,0.0,0,0,0,0,0,0,0,0,0,0,0,0,0.0,0.0,0,0,0,0,0,0,0,0,0,0,0,0.0,0,0.95,0.0,0,0.0,0,0,0.0,0,0,0,0,0.0,0,0.0,0.0,0.0,15.0,0.05,15.0,26523,19820,6872,5135
SPPC_nuclear_nuclear_moderate_0,SPPC,Nuclear_Nuclear_Moderate,0,1256,18,0,1,0,0,0,0,0,0,0.0,0.0,0,0,0.0,0.0,0.0,0.0,0.0,-1,2000.0,0,-1.0,-1.0,0,0,0,0.0,0.0,7229469.526,443734,0,0.0,0,0,2.36,0.0,0,0,285.0,0.0,10.45,0.0,0.0,west_north_central_uranium,0.5,0.0,1.0,1.0,0.0,0.0,0.0,0.041666667,0.083333333,0.0,0.0,0,0,0,0.0,0,0.0,0.0,0.0,0.0,0.0,0.25,0.25,24,24,50.0,211100.0,0,0,0,0,0.0,0.0,1.024,0.0,0,0,0,0,0,0,0,0,0,0,0,0,0.0,0.0,0,1,0,0,0,0,0,0,0,0,0,0.0,0,0.93,0.0,0,0.0,0,0,0.0,0,0,0,0,0.0,0,0.0,0.0,0.0,40.0,0.05,40.0,441437,0,145294,0
SPPC_hydrogen_fframe_ct_moderate_0,SPPC,Hydrogen_F-Frame CT_Moderate,0,1257,18,0,1,0,0,0,0,0,0,0.0,0.0,0,0,0.0,0.0,0.0,0.0,0.0,-1,100.0,0,-1.0,-1.0,0,0,0,0.0,0.0,1074750.009,69145,0,0.0,0,0,6.15,0.0,0,0,137.0,3.5,9.72,0.0,0.0,hydrogen,0.3,0.0,1.0,1.0,0.0,0.0,0.0,0.0,0.0,0.0,0.0,0,0,0,0.0,0,0.0,0.0,0.0,0.0,0.0,3.78,3.78,1,1,0.0,0.0,0,0,0,0,0.0,0.0,0.989,0.0,0,0,0,0,0,0,0,0,0,0,0,0,0.0,0.0,0,1,0,0,0,0,0,0,0,0,0,0.0,0,0.93,0.0,0,0.0,0,0,0.0,0,0,0,0,0.0,0,0.0,0.0,0.0,30.0,0.05,30.0,69126,0,21509,0
SPPC_hydrogen_hframe_cc_moderate_0,SPPC,Hydrogen_H-Frame CC_Moderate,0,1258,18,0,1,0,0,0,0,0,0,0.0,0.0,0,0,0.0,0.0,0.0,0.0,0.0,-1,500.0,0,-1.0,-1.0,0,0,0,0.0,0.0,1206361.156,77691,0,0.0,0,0,1.72,0.0,0,0,106.0,2.0,6.09,0.0,0.0,hydrogen,0.3,0.0,1.0,1.0,0.0,0.0,0.0,0.0,0.0,0.0,0.0,0,0,0,0.0,0,0.0,0.0,0.0,0.0,0.0,0.64,0.64,6,6,0.0,0.0,0,0,0,0,0.0,0.0,0.99,0.0,0,0,0,0,0,0,0,0,0,0,0,0,0.0,0.0,0,1,0,0,0,0,0,0,0,0,0,0.0,0,0.93,0.0,0,0.0,0,0,0.0,0,0,0,0,0.0,0,0.0,0.0,0.0,30.0,0.05,30.0,77652,0,26266,0
SPPC_utilitypv_class1_moderate_0_anyQual_0,SPPC,UtilityPV_Class1_Moderate_,0_anyQual_0,1259,18,1,0,1,0,0,0,0,0,0.0,0.0,0,0,0.0,3633.0,0.0,0.0,0.0,-1,1.0,0,8531.7,-1.0,0,0,0,0.0,0.0,871935.36,58428,96977,0.0,0,0,0.0,0.0,0,0,0.0,0.0,0.0,0.0,0.0,None,0.0,0.0,1.0,1.0,0.0,0.0,0.0,0.0,0.0,0.0,0.0,0,0,0,0.0,0,0.0,0.0,0.0,0.0,0.0,1.0,1.0,0,0,0.0,0.0,0,0,0,0,1966.442,38448.718,0.986,0.262833684682846,0,0,0,0,0,0,0,0,0,0,0,0,0.0,0.0,0,1,0,0,0,0,1,1,0,0,0,0.0,0,0.8,0.0,0,0.0,0,0,0.0,0,0,0,0,0.0,0,0.0,0.0,0.0,30.0,0.05,30.0,57919,0,15760,0
SPPC_utilitypv_class1_moderate_1_anyQual_1,SPPC,UtilityPV_Class1_Moderate_,1_anyQual_1,1260,18,1,0,1,0,0,0,0,0,0.0,0.0,0,0,0.0,0.0,0.0,0.0,0.0,-1,1.0,0,3498.8,-1.0,0,0,0,0.0,0.0,871935.36,58834,0,0.0,0,0,0.0,0.0,0,0,0.0,0.0,0.0,0.0,0.0,None,0.0,0.0,1.0,1.0,0.0,0.0,0.0,0.0,0.0,0.0,0.0,0,0,0,0.0,0,0.0,0.0,0.0,0.0,0.0,1.0,1.0,0,0,0.0,0.0,0,0,0,0,2286.178,44700.32,0.986,0.2614623010158539,0,0,0,0,0,0,0,0,0,0,0,0,0.0,0.0,0,1,0,0,0,0,1,1,0,0,0,0.0,0,0.8,0.0,0,0.0,0,0,0.0,0,0,0,0,0.0,0,0.0,0.0,0.0,30.0,0.05,30.0,58239,0,15760,0
SPPC_utilitypv_class1_moderate_2_anyQual_0,SPPC,UtilityPV_Class1_Moderate_,2_anyQual_0,1261,18,1,0,1,0,0,0,0,0,0.0,0.0,0,0,0.0,0.0,0.0,0.0,0.0,-1,1.0,0,8432.3,-1.0,0,0,0,0.0,0.0,871935.36,60829,0,0.0,0,0,0.0,0.0,0,0,0.0,0.0,0.0,0.0,0.0,None,0.0,0.0,1.0,1.0,0.0,0.0,0.0,0.0,0.0,0.0,0.0,0,0,0,0.0,0,0.0,0.0,0.0,0.0,0.0,1.0,1.0,0,0,0.0,0.0,0,0,0,0,3854.451,75363.859,0.986,0.2610747814178467,0,0,0,0,0,0,0,0,0,0,0,0,0.0,0.0,0,1,0,0,0,0,1,1,0,0,0,0.0,0,0.8,0.0,0,0.0,0,0,0.0,0,0,0,0,0.0,0,0.0,0.0,0.0,30.0,0.05,30.0,59807,0,15760,0
SPPC_utilitypv_class1_moderate_3_anyQual_1,SPPC,UtilityPV_Class1_Moderate_,3_anyQual_1,1262,18,1,0,1,0,0,0,0,0,0.0,0.0,0,0,0.0,0.0,0.0,0.0,0.0,-1,1.0,0,3551.1,-1.0,0,0,0,0.0,0.0,871935.36,60591,0,0.0,0,0,0.0,0.0,0,0,0.0,0.0,0.0,0.0,0.0,None,0.0,0.0,1.0,1.0,0.0,0.0,0.0,0.0,0.0,0.0,0.0,0,0,0,0.0,0,0.0,0.0,0.0,0.0,0.0,1.0,1.0,0,0,0.0,0.0,0,0,0,0,3667.62,71710.871,0.986,0.2607375383377075,0,0,0,0,0,0,0,0,0,0,0,0,0.0,0.0,0,1,0,0,0,0,1,1,0,0,0,0.0,0,0.8,0.0,0,0.0,0,0,0.0,0,0,0,0,0.0,0,0.0,0.0,0.0,30.0,0.05,30.0,59620,0,15760,0
SPPC_utilitypv_class1_moderate_4_anyQual_0,SPPC,UtilityPV_Class1_Moderate_,4_anyQual_0,1263,18,1,0,1,0,0,0,0,0,0.0,0.0,0,0,0.0,0.0,0.0,0.0,0.0,-1,1.0,0,9132.6,-1.0,0,0,0,0.0,0.0,871935.36,62298,0,0.0,0,0,0.0,0.0,0,0,0.0,0.0,0.0,0.0,0.0,None,0.0,0.0,1.0,1.0,0.0,0.0,0.0,0.0,0.0,0.0,0.0,0,0,0,0.0,0,0.0,0.0,0.0,0.0,0.0,1.0,1.0,0,0,0.0,0.0,0,0,0,0,5009.54,97948.655,0.986,0.260774701833725,0,0,0,0,0,0,0,0,0,0,0,0,0.0,0.0,0,1,0,0,0,0,1,1,0,0,0,0.0,0,0.8,0.0,0,0.0,0,0,0.0,0,0,0,0,0.0,0,0.0,0.0,0.0,30.0,0.05,30.0,60962,0,15760,0
SPPC_utilitypv_class1_moderate_5_anyQual_1,SPPC,UtilityPV_Class1_Moderate_,5_anyQual_1,1264,18,1,0,1,0,0,0,0,0,0.0,0.0,0,0,0.0,0.0,0.0,0.0,0.0,-1,1.0,0,2884.8,-1.0,0,0,0,0.0,0.0,871935.36,61805,0,0.0,0,0,0.0,0.0,0,0,0.0,0.0,0.0,0.0,0.0,None,0.0,0.0,1.0,1.0,0.0,0.0,0.0,0.0,0.0,0.0,0.0,0,0,0,0.0,0,0.0,0.0,0.0,0.0,0.0,1.0,1.0,0,0,0.0,0.0,0,0,0,0,4621.501,90361.548,0.986,0.2609509229660034,0,0,0,0,0,0,0,0,0,0,0,0,0.0,0.0,0,1,0,0,0,0,1,1,0,0,0,0.0,0,0.8,0.0,0,0.0,0,0,0.0,0,0,0,0,0.0,0,0.0,0.0,0.0,30.0,0.05,30.0,60574,0,15760,0
SPPC_utilitypv_class1_moderate_6_anyQual_0,SPPC,UtilityPV_Class1_Moderate_,6_anyQual_0,1265,18,1,0,1,0,0,0,0,0,0.0,0.0,0,0,0.0,0.0,0.0,0.0,0.0,-1,1.0,0,7613.6,-1.0,0,0,0,0.0,0.0,871935.36,63252,0,0.0,0,0,0.0,0.0,0,0,0.0,0.0,0.0,0.0,0.0,None,0.0,0.0,1.0,1.0,0.0,0.0,0.0,0.0,0.0,0.0,0.0,0,0,0,0.0,0,0.0,0.0,0.0,0.0,0.0,1.0,1.0,0,0,0.0,0.0,0,0,0,0,5759.418,112610.581,0.986,0.2607738971710205,0,0,0,0,0,0,0,0,0,0,0,0,0.0,0.0,0,1,0,0,0,0,1,1,0,0,0,0.0,0,0.8,0.0,0,0.0,0,0,0.0,0,0,0,0,0.0,0,0.0,0.0,0.0,30.0,0.05,30.0,61712,0,15760,0
SPPC_utilitypv_class1_moderate_7_anyQual_1,SPPC,UtilityPV_Class1_Moderate_,7_anyQual_1,1266,18,1,0,1,0,0,0,0,0,0.0,0.0,0,0,0.0,0.0,0.0,0.0,0.0,-1,1.0,0,4441.5,-1.0,0,0,0,0.0,0.0,871935.36,63182,0,0.0,0,0,0.0,0.0,0,0,0.0,0.0,0.0,0.0,0.0,None,0.0,0.0,1.0,1.0,0.0,0.0,0.0,0.0,0.0,0.0,0.0,0,0,0,0.0,0,0.0,0.0,0.0,0.0,0.0,1.0,1.0,0,0,0.0,0.0,0,0,0,0,5704.372,111534.31,0.986,0.260931521654129,0,0,0,0,0,0,0,0,0,0,0,0,0.0,0.0,0,1,0,0,0,0,1,1,0,0,0,0.0,0,0.8,0.0,0,0.0,0,0,0.0,0,0,0,0,0.0,0,0.0,0.0,0.0,30.0,0.05,30.0,61657,0,15760,0
SPPC_utilitypv_class1_moderate_8_anyQual_0,SPPC,UtilityPV_Class1_Moderate_,8_anyQual_0,1267,18,1,0,1,0,0,0,0,0,0.0,0.0,0,0,0.0,0.0,0.0,0.0,0.0,-1,1.0,0,7680.8,-1.0,0,0,0,0.0,0.0,871935.36,63742,0,0.0,0,0,0.0,0.0,0,0,0.0,0.0,0.0,0.0,0.0,None,0.0,0.0,1.0,1.0,0.0,0.0,0.0,0.0,0.0,0.0,0.0,0,0,0,0.0,0,0.0,0.0,0.0,0.0,0.0,1.0,1.0,0,0,0.0,0.0,0,0,0,0,6144.536,120140.575,0.986,0.260676234960556,0,0,0,0,0,0,0,0,0,0,0,0,0.0,0.0,0,1,0,0,0,0,1,1,0,0,0,0.0,0,0.8,0.0,0,0.0,0,0,0.0,0,0,0,0,0.0,0,0.0,0.0,0.0,30.0,0.05,30.0,62097,0,15760,0
SPPC_utilitypv_class1_moderate_9_anyQual_1,SPPC,UtilityPV_Class1_Moderate_,9_anyQual_1,1268,18,1,0,1,0,0,0,0,0,0.0,0.0,0,0,0.0,0.0,0.0,0.0,0.0,-1,1.0,0,4235.5,-1.0,0,0,0,0.0,0.0,871935.36,64420,0,0.0,0,0,0.0,0.0,0,0,0.0,0.0,0.0,0.0,0.0,None,0.0,0.0,1.0,1.0,0.0,0.0,0.0,0.0,0.0,0.0,0.0,0,0,0,0.0,0,0.0,0.0,0.0,0.0,0.0,1.0,1.0,0,0,0.0,0.0,0,0,0,0,6677.72,130565.619,0.986,0.2610935270786285,0,0,0,0,0,0,0,0,0,0,0,0,0.0,0.0,0,1,0,0,0,0,1,1,0,0,0,0.0,0,0.8,0.0,0,0.0,0,0,0.0,0,0,0,0,0.0,0,0.0,0.0,0.0,30.0,0.05,30.0,62630,0,15760,0
SPPC_landbasedwind_class3_moderate_0_anyQual_0,SPPC,LandbasedWind_Class3_Moderate_,0_anyQual_0,1269,18,1,0,1,0,0,0,0,0,0.0,0.0,0,0,0.0,4627.0,0.0,0.0,0.0,-1,1.0,0,6708.2,-1.0,0,0,0,0.0,0.0,1065951.189,79531,115229,0.0,0,0,0.0,0.0,0,0,0.0,0.0,0.0,0.0,0.0,None,0.0,0.0,1.0,1.0,0.0,0.0,0.0,0.0,0.0,0.0,0.0,0,0,0,0.0,0,0.0,0.0,0.0,0.0,0.0,1.0,1.0,0,0,0.0,0.0,0,0,0,0,10464.598,204607.765,0.955,0.4771359860897064,0,0,0,0,0,0,0,0,0,0,0,0,0.0,0.0,0,1,0,0,0,0,1,1,0,0,0,0.0,0,0.8,0.0,0,0.0,0,0,0.0,0,0,0,0,0.0,0,0.0,0.0,0.0,30.0,0.05,30.0,76703,0,25258,0
SPPC_landbasedwind_class3_moderate_1_anyQual_0,SPPC,LandbasedWind_Class3_Moderate_,1_anyQual_0,1270,18,1,0,1,0,0,0,0,0,0.0,0.0,0,0,0.0,7930.0,0.0,0.0,0.0,-1,1.0,0,7930.3,-1.0,0,0,0,0.0,0.0,1065951.189,88346,124044,0.0,0,0,0.0,0.0,0,0,0.0,0.0,0.0,0.0,0.0,None,0.0,0.0,1.0,1.0,0.0,0.0,0.0,0.0,0.0,0.0,0.0,0,0,0,0.0,0,0.0,0.0,0.0,0.0,0.0,1.0,1.0,0,0,0.0,0.0,0,0,0,0,17395.308,340116.843,0.955,0.5122222900390625,0,0,0,0,0,0,0,0,0,0,0,0,0.0,0.0,0,1,0,0,0,0,1,1,0,0,0,0.0,0,0.8,0.0,0,0.0,0,0,0.0,0,0,0,0,0.0,0,0.0,0.0,0.0,30.0,0.05,30.0,83634,0,25258,0
SPPC_landbasedwind_class3_moderate_4_anyQual_1,SPPC,LandbasedWind_Class3_Moderate_,4_anyQual_1,1271,18,1,0,1,0,0,0,0,0,0.0,0.0,0,0,0.0,3055.0,0.0,0.0,0.0,-1,1.0,0,3055.7,-1.0,0,0,0,0.0,0.0,1065951.189,79254,114953,0.0,0,0,0.0,0.0,0,0,0.0,0.0,0.0,0.0,0.0,None,0.0,0.0,1.0,1.0,0.0,0.0,0.0,0.0,0.0,0.0,0.0,0,0,0,0.0,0,0.0,0.0,0.0,0.0,0.0,1.0,1.0,0,0,0.0,0.0,0,0,0,0,10246.167,200337.413,0.955,0.4798092544078827,0,0,0,0,0,0,0,0,0,0,0,0,0.0,0.0,0,1,0,0,0,0,1,1,0,0,0,0.0,0,0.8,0.0,0,0.0,0,0,0.0,0,0,0,0,0.0,0,0.0,0.0,0.0,30.0,0.05,30.0,76485,0,25258,0
SPPC_landbasedwind_class3_moderate_8_anyQual_0,SPPC,LandbasedWind_Class3_Moderate_,8_anyQual_0,1272,18,1,0,1,0,0,0,0,0,0.0,0.0,0,0,0.0,0.0,0.0,0.0,0.0,-1,1.0,0,9634.5,-1.0,0,0,0,0.0,0.0,1065951.189,83816,0,0.0,0,0,0.0,0.0,0,0,0.0,0.0,0.0,0.0,0.0,None,0.0,0.0,1.0,1.0,0.0,0.0,0.0,0.0,0.0,0.0,0.0,0,0,0,0.0,0,0.0,0.0,0.0,0.0,0.0,1.0,1.0,0,0,0.0,0.0,0,0,0,0,13833.081,270470.554,0.955,0.4693202078342438,0,0,0,0,0,0,0,0,0,0,0,0,0.0,0.0,0,1,0,0,0,0,1,1,0,0,0,0.0,0,0.8,0.0,0,0.0,0,0,0.0,0,0,0,0,0.0,0,0.0,0.0,0.0,30.0,0.05,30.0,80072,0,25258,0
SPPC_landbasedwind_class3_moderate_9_anyQual_0,SPPC,LandbasedWind_Class3_Moderate_,9_anyQual_0,1273,18,1,0,1,0,0,0,0,0,0.0,0.0,0,0,0.0,0.0,0.0,0.0,0.0,-1,1.0,0,5259.0,-1.0,0,0,0,0.0,0.0,1065951.189,96010,0,0.0,0,0,0.0,0.0,0,0,0.0,0.0,0.0,0.0,0.0,None,0.0,0.0,1.0,1.0,0.0,0.0,0.0,0.0,0.0,0.0,0.0,0,0,0,0.0,0,0.0,0.0,0.0,0.0,0.0,1.0,1.0,0,0,0.0,0.0,0,0,0,0,23420.538,457923.014,0.955,0.5022374987602234,0,0,0,0,0,0,0,0,0,0,0,0,0.0,0.0,0,1,0,0,0,0,1,1,0,0,0,0.0,0,0.8,0.0,0,0.0,0,0,0.0,0,0,0,0,0.0,0,0.0,0.0,0.0,30.0,0.05,30.0,89659,0,25258,0
SPPC_landbasedwind_class3_moderate_15_anyQual_1,SPPC,LandbasedWind_Class3_Moderate_,15_anyQual_1,1274,18,1,0,1,0,0,0,0,0,0.0,0.0,0,0,0.0,0.0,0.0,0.0,0.0,-1,1.0,0,2785.2,-1.0,0,0,0,0.0,0.0,1065951.189,80942,0,0.0,0,0,0.0,0.0,0,0,0.0,0.0,0.0,0.0,0.0,None,0.0,0.0,1.0,1.0,0.0,0.0,0.0,0.0,0.0,0.0,0.0,0,0,0,0.0,0,0.0,0.0,0.0,0.0,0.0,1.0,1.0,0,0,0.0,0.0,0,0,0,0,11573.575,226291.568,0.955,0.4612300097942352,0,0,0,0,0,0,0,0,0,0,0,0,0.0,0.0,0,1,0,0,0,0,1,1,0,0,0,0.0,0,0.8,0.0,0,0.0,0,0,0.0,0,0,0,0,0.0,0,0.0,0.0,0.0,30.0,0.05,30.0,77812,0,25258,0
SPPC_landbasedwind_class3_moderate_22_anyQual_0,SPPC,LandbasedWind_Class3_Moderate_,22_anyQual_0,1275,18,1,0,1,0,0,0,0,0,0.0,0.0,0,0,0.0,0.0,0.0,0.0,0.0,-1,1.0,0,9262.1,-1.0,0,0,0,0.0,0.0,1065951.189,88767,0,0.0,0,0,0.0,0.0,0,0,0.0,0.0,0.0,0.0,0.0,None,0.0,0.0,1.0,1.0,0.0,0.0,0.0,0.0,0.0,0.0,0.0,0,0,0,0.0,0,0.0,0.0,0.0,0.0,0.0,1.0,1.0,0,0,0.0,0.0,0,0,0,0,17725.945,346585.143,0.955,0.4664356112480163,0,0,0,0,0,0,0,0,0,0,0,0,0.0,0.0,0,1,0,0,0,0,1,1,0,0,0,0.0,0,0.8,0.0,0,0.0,0,0,0.0,0,0,0,0,0.0,0,0.0,0.0,0.0,30.0,0.05,30.0,83964,0,25258,0
SPPC_landbasedwind_class3_moderate_23_anyQual_0,SPPC,LandbasedWind_Class3_Moderate_,23_anyQual_0,1276,18,1,0,1,0,0,0,0,0,0.0,0.0,0,0,0.0,0.0,0.0,0.0,0.0,-1,1.0,0,4250.7,-1.0,0,0,0,0.0,0.0,1065951.189,100059,0,0.0,0,0,0.0,0.0,0,0,0.0,0.0,0.0,0.0,0.0,None,0.0,0.0,1.0,1.0,0.0,0.0,0.0,0.0,0.0,0.0,0.0,0,0,0,0.0,0,0.0,0.0,0.0,0.0,0.0,1.0,1.0,0,0,0.0,0.0,0,0,0,0,26603.931,520173.846,0.955,0.496940016746521,0,0,0,0,0,0,0,0,0,0,0,0,0.0,0.0,0,1,0,0,0,0,1,1,0,0,0,0.0,0,0.8,0.0,0,0.0,0,0,0.0,0,0,0,0,0.0,0,0.0,0.0,0.0,30.0,0.05,30.0,92842,0,25258,0
SPPC_landbasedwind_class3_moderate_24_anyQual_0,SPPC,LandbasedWind_Class3_Moderate_,24_anyQual_0,1277,18,1,0,1,0,0,0,0,0,0.0,0.0,0,0,0.0,0.0,0.0,0.0,0.0,-1,1.0,0,1547.3,-1.0,0,0,0,0.0,0.0,1065951.189,77902,0,0.0,0,0,0.0,0.0,0,0,0.0,0.0,0.0,0.0,0.0,None,0.0,0.0,1.0,1.0,0.0,0.0,0.0,0.0,0.0,0.0,0.0,0,0,0,0.0,0,0.0,0.0,0.0,0.0,0.0,1.0,1.0,0,0,0.0,0.0,0,0,0,0,9183.545,179560.569,0.955,0.4375694990158081,0,0,0,0,0,0,0,0,0,0,0,0,0.0,0.0,0,1,0,0,0,0,1,1,0,0,0,0.0,0,0.8,0.0,0,0.0,0,0,0.0,0,0,0,0,0.0,0,0.0,0.0,0.0,30.0,0.05,30.0,75422,0,25258,0
SPPC_landbasedwind_class3_moderate_34_anyQual_1,SPPC,LandbasedWind_Class3_Moderate_,34_anyQual_1,1278,18,1,0,1,0,0,0,0,0,0.0,0.0,0,0,0.0,0.0,0.0,0.0,0.0,-1,1.0,0,2620.3,-1.0,0,0,0,0.0,0.0,1065951.189,87225,0,0.0,0,0,0.0,0.0,0,0,0.0,0.0,0.0,0.0,0.0,None,0.0,0.0,1.0,1.0,0.0,0.0,0.0,0.0,0.0,0.0,0.0,0,0,0,0.0,0,0.0,0.0,0.0,0.0,0.0,1.0,1.0,0,0,0.0,0.0,0,0,0,0,16513.383,322877.362,0.955,0.4616884291172027,0,0,0,0,0,0,0,0,0,0,0,0,0.0,0.0,0,1,0,0,0,0,1,1,0,0,0,0.0,0,0.8,0.0,0,0.0,0,0,0.0,0,0,0,0,0.0,0,0.0,0.0,0.0,30.0,0.05,30.0,82752,0,25258,0
SPPC_landbasedwind_class3_moderate_45_anyQual_0,SPPC,LandbasedWind_Class3_Moderate_,45_anyQual_0,1279,18,1,0,1,0,0,0,0,0,0.0,0.0,0,0,0.0,0.0,0.0,0.0,0.0,-1,1.0,0,9640.5,-1.0,0,0,0,0.0,0.0,1065951.189,92006,0,0.0,0,0,0.0,0.0,0,0,0.0,0.0,0.0,0.0,0.0,None,0.0,0.0,1.0,1.0,0.0,0.0,0.0,0.0,0.0,0.0,0.0,0,0,0,0.0,0,0.0,0.0,0.0,0.0,0.0,1.0,1.0,0,0,0.0,0.0,0,0,0,0,20272.435,396373.868,0.955,0.4621920883655548,0,0,0,0,0,0,0,0,0,0,0,0,0.0,0.0,0,1,0,0,0,0,1,1,0,0,0,0.0,0,0.8,0.0,0,0.0,0,0,0.0,0,0,0,0,0.0,0,0.0,0.0,0.0,30.0,0.05,30.0,86511,0,25258,0
SPPC_landbasedwind_class3_moderate_46_anyQual_0,SPPC,LandbasedWind_Class3_Moderate_,46_anyQual_0,1280,18,1,0,1,0,0,0,0,0,0.0,0.0,0,0,0.0,0.0,0.0,0.0,0.0,-1,1.0,0,2883.1,-1.0,0,0,0,0.0,0.0,1065951.189,82076,0,0.0,0,0,0.0,0.0,0,0,0.0,0.0,0.0,0.0,0.0,None,0.0,0.0,1.0,1.0,0.0,0.0,0.0,0.0,0.0,0.0,0.0,0,0,0,0.0,0,0.0,0.0,0.0,0.0,0.0,1.0,1.0,0,0,0.0,0.0,0,0,0,0,12465.459,243729.949,0.955,0.4367795884609222,0,0,0,0,0,0,0,0,0,0,0,0,0.0,0.0,0,1,0,0,0,0,1,1,0,0,0,0.0,0,0.8,0.0,0,0.0,0,0,0.0,0,0,0,0,0.0,0,0.0,0.0,0.0,30.0,0.05,30.0,78704,0,25258,0
SPPC_landbasedwind_class3_moderate_47_anyQual_0,SPPC,LandbasedWind_Class3_Moderate_,47_anyQual_0,1281,18,1,0,1,0,0,0,0,0,0.0,0.0,0,0,0.0,0.0,0.0,0.0,0.0,-1,1.0,0,2847.6,-1.0,0,0,0,0.0,0.0,1065951.189,106614,0,0.0,0,0,0.0,0.0,0,0,0.0,0.0,0.0,0.0,0.0,None,0.0,0.0,1.0,1.0,0.0,0.0,0.0,0.0,0.0,0.0,0.0,0,0,0,0.0,0,0.0,0.0,0.0,0.0,0.0,1.0,1.0,0,0,0.0,0.0,0,0,0,0,31756.374,620929.374,0.955,0.4986236095428467,0,0,0,0,0,0,0,0,0,0,0,0,0.0,0.0,0,1,0,0,0,0,1,1,0,0,0,0.0,0,0.8,0.0,0,0.0,0,0,0.0,0,0,0,0,0.0,0,0.0,0.0,0.0,30.0,0.05,30.0,97995,0,25258,0
SPPC_landbasedwind_class3_moderate_61_anyQual_1,SPPC,LandbasedWind_Class3_Moderate_,61_anyQual_1,1282,18,1,0,1,0,0,0,0,0,0.0,0.0,0,0,0.0,0.0,0.0,0.0,0.0,-1,1.0,0,2387.6,-1.0,0,0,0,0.0,0.0,1065951.189,87641,0,0.0,0,0,0.0,0.0,0,0,0.0,0.0,0.0,0.0,0.0,None,0.0,0.0,1.0,1.0,0.0,0.0,0.0,0.0,0.0,0.0,0.0,0,0,0,0.0,0,0.0,0.0,0.0,0.0,0.0,1.0,1.0,0,0,0.0,0.0,0,0,0,0,16840.473,329272.74,0.955,0.451442688703537,0,0,0,0,0,0,0,0,0,0,0,0,0.0,0.0,0,1,0,0,0,0,1,1,0,0,0,0.0,0,0.8,0.0,0,0.0,0,0,0.0,0,0,0,0,0.0,0,0.0,0.0,0.0,30.0,0.05,30.0,83079,0,25258,0
SPPC_landbasedwind_class3_moderate_76_anyQual_0,SPPC,LandbasedWind_Class3_Moderate_,76_anyQual_0,1283,18,1,0,1,0,0,0,0,0,0.0,0.0,0,0,0.0,0.0,0.0,0.0,0.0,-1,1.0,0,7393.7,-1.0,0,0,0,0.0,0.0,1065951.189,92485,0,0.0,0,0,0.0,0.0,0,0,0.0,0.0,0.0,0.0,0.0,None,0.0,0.0,1.0,1.0,0.0,0.0,0.0,0.0,0.0,0.0,0.0,0,0,0,0.0,0,0.0,0.0,0.0,0.0,0.0,1.0,1.0,0,0,0.0,0.0,0,0,0,0,20648.817,403735.181,0.955,0.4490605890750885,0,0,0,0,0,0,0,0,0,0,0,0,0.0,0.0,0,1,0,0,0,0,1,1,0,0,0,0.0,0,0.8,0.0,0,0.0,0,0,0.0,0,0,0,0,0.0,0,0.0,0.0,0.0,30.0,0.05,30.0,86887,0,25258,0
SPPC_landbasedwind_class3_moderate_77_anyQual_0,SPPC,LandbasedWind_Class3_Moderate_,77_anyQual_0,1284,18,1,0,1,0,0,0,0,0,0.0,0.0,0,0,0.0,0.0,0.0,0.0,0.0,-1,1.0,0,7003.6,-1.0,0,0,0,0.0,0.0,1065951.189,108449,0,0.0,0,0,0.0,0.0,0,0,0.0,0.0,0.0,0.0,0.0,None,0.0,0.0,1.0,1.0,0.0,0.0,0.0,0.0,0.0,0.0,0.0,0,0,0,0.0,0,0.0,0.0,0.0,0.0,0.0,1.0,1.0,0,0,0.0,0.0,0,0,0,0,33199.754,649149.369,0.955,0.4858345687389374,0,0,0,0,0,0,0,0,0,0,0,0,0.0,0.0,0,1,0,0,0,0,1,1,0,0,0,0.0,0,0.8,0.0,0,0.0,0,0,0.0,0,0,0,0,0.0,0,0.0,0.0,0.0,30.0,0.05,30.0,99438,0,25258,0
SPPC_landbasedwind_class3_moderate_78_anyQual_0,SPPC,LandbasedWind_Class3_Moderate_,78_anyQual_0,1285,18,1,0,1,0,0,0,0,0,0.0,0.0,0,0,0.0,0.0,0.0,0.0,0.0,-1,1.0,0,2163.6,-1.0,0,0,0,0.0,0.0,1065951.189,83709,0,0.0,0,0,0.0,0.0,0,0,0.0,0.0,0.0,0.0,0.0,None,0.0,0.0,1.0,1.0,0.0,0.0,0.0,0.0,0.0,0.0,0.0,0,0,0,0.0,0,0.0,0.0,0.0,0.0,0.0,1.0,1.0,0,0,0.0,0.0,0,0,0,0,13749.008,268826.445,0.955,0.426836758852005,0,0,0,0,0,0,0,0,0,0,0,0,0.0,0.0,0,1,0,0,0,0,1,1,0,0,0,0.0,0,0.8,0.0,0,0.0,0,0,0.0,0,0,0,0,0.0,0,0.0,0.0,0.0,30.0,0.05,30.0,79988,0,25258,0
SPPC_landbasedwind_class3_moderate_96_anyQual_1,SPPC,LandbasedWind_Class3_Moderate_,96_anyQual_1,1286,18,1,0,1,0,0,0,0,0,0.0,0.0,0,0,0.0,0.0,0.0,0.0,0.0,-1,1.0,0,1092.3,-1.0,0,0,0,0.0,0.0,1065951.189,90724,0,0.0,0,0,0.0,0.0,0,0,0.0,0.0,0.0,0.0,0.0,None,0.0,0.0,1.0,1.0,0.0,0.0,0.0,0.0,0.0,0.0,0.0,0,0,0,0.0,0,0.0,0.0,0.0,0.0,0.0,1.0,1.0,0,0,0.0,0.0,0,0,0,0,19264.575,376670.642,0.955,0.4439557194709778,0,0,0,0,0,0,0,0,0,0,0,0,0.0,0.0,0,1,0,0,0,0,1,1,0,0,0,0.0,0,0.8,0.0,0,0.0,0,0,0.0,0,0,0,0,0.0,0,0.0,0.0,0.0,30.0,0.05,30.0,85503,0,25258,0
SPPC_landbasedwind_class3_moderate_115_anyQual_0,SPPC,LandbasedWind_Class3_Moderate_,115_anyQual_0,1287,18,1,0,1,0,0,0,0,0,0.0,0.0,0,0,0.0,0.0,0.0,0.0,0.0,-1,1.0,0,3110.4,-1.0,0,0,0,0.0,0.0,1065951.189,104500,0,0.0,0,0,0.0,0.0,0,0,0.0,0.0,0.0,0.0,0.0,None,0.0,0.0,1.0,1.0,0.0,0.0,0.0,0.0,0.0,0.0,0.0,0,0,0,0.0,0,0.0,0.0,0.0,0.0,0.0,1.0,1.0,0,0,0.0,0.0,0,0,0,0,30095.014,588441.012,0.955,0.3395144939422607,0,0,0,0,0,0,0,0,0,0,0,0,0.0,0.0,0,1,0,0,0,0,1,1,0,0,0,0.0,0,0.8,0.0,0,0.0,0,0,0.0,0,0,0,0,0.0,0,0.0,0.0,0.0,30.0,0.05,30.0,96334,0,25258,0
SPPC_landbasedwind_class3_moderate_116_anyQual_0,SPPC,LandbasedWind_Class3_Moderate_,116_anyQual_0,1288,18,1,0,1,0,0,0,0,0,0.0,0.0,0,0,0.0,0.0,0.0,0.0,0.0,-1,1.0,0,6710.1,-1.0,0,0,0,0.0,0.0,1065951.189,95513,0,0.0,0,0,0.0,0.0,0,0,0.0,0.0,0.0,0.0,0.0,None,0.0,0.0,1.0,1.0,0.0,0.0,0.0,0.0,0.0,0.0,0.0,0,0,0,0.0,0,0.0,0.0,0.0,0.0,0.0,1.0,1.0,0,0,0.0,0.0,0,0,0,0,23029.119,450279.039,0.955,0.4128150045871734,0,0,0,0,0,0,0,0,0,0,0,0,0.0,0.0,0,1,0,0,0,0,1,1,0,0,0,0.0,0,0.8,0.0,0,0.0,0,0,0.0,0,0,0,0,0.0,0,0.0,0.0,0.0,30.0,0.05,30.0,89268,0,25258,0
SPPC_landbasedwind_class3_moderate_117_anyQual_0,SPPC,LandbasedWind_Class3_Moderate_,117_anyQual_0,1289,18,1,0,1,0,0,0,0,0,0.0,0.0,0,0,0.0,0.0,0.0,0.0,0.0,-1,1.0,0,7490.2,-1.0,0,0,0,0.0,0.0,1065951.189,106943,0,0.0,0,0,0.0,0.0,0,0,0.0,0.0,0.0,0.0,0.0,None,0.0,0.0,1.0,1.0,0.0,0.0,0.0,0.0,0.0,0.0,0.0,0,0,0,0.0,0,0.0,0.0,0.0,0.0,0.0,1.0,1.0,0,0,0.0,0.0,0,0,0,0,32015.158,625986.936,0.955,0.4593503773212433,0,0,0,0,0,0,0,0,0,0,0,0,0.0,0.0,0,1,0,0,0,0,1,1,0,0,0,0.0,0,0.8,0.0,0,0.0,0,0,0.0,0,0,0,0,0.0,0,0.0,0.0,0.0,30.0,0.05,30.0,98254,0,25258,0
SPPC_landbasedwind_class3_moderate_139_anyQual_1,SPPC,LandbasedWind_Class3_Moderate_,139_anyQual_1,1290,18,1,0,1,0,0,0,0,0,0.0,0.0,0,0,0.0,0.0,0.0,0.0,0.0,-1,1.0,0,328.6,-1.0,0,0,0,0.0,0.0,1065951.189,93995,0,0.0,0,0,0.0,0.0,0,0,0.0,0.0,0.0,0.0,0.0,None,0.0,0.0,1.0,1.0,0.0,0.0,0.0,0.0,0.0,0.0,0.0,0,0,0,0.0,0,0.0,0.0,0.0,0.0,0.0,1.0,1.0,0,0,0.0,0.0,0,0,0,0,21836.223,426951.354,0.955,0.4346987307071686,0,0,0,0,0,0,0,0,0,0,0,0,0.0,0.0,0,1,0,0,0,0,1,1,0,0,0,0.0,0,0.8,0.0,0,0.0,0,0,0.0,0,0,0,0,0.0,0,0.0,0.0,0.0,30.0,0.05,30.0,88075,0,25258,0
SPPN_naturalgas_hframe_cc_95_ccs_moderate_0,SPPN,NaturalGas_H-Frame CC 95% CCS_Moderate,0,1291,19,0,1,0,0,0,0,0,0,0.0,0.0,0,0,0.0,0.0,0.0,0.0,0.0,-1,500.0,0,-1.0,-1.0,0,0,0,0.0,0.0,1943268.308,120461,0,0.0,0,0,10.61,0.0,0,0,106.0,2.0,6.78,0.0,0.0,west_north_central_naturalgas_ccs95,0.6,0.0,1.0,1.0,0.0,0.0,0.0,0.106666667,0.213333333,0.0,0.0,0,0,0,0.95,27,1469.015,17226.965,20.611,0.342,7.045,0.64,0.64,6,6,10.0,43330.0,0,0,0,0,0.0,0.0,0.93,0.0,0,0,0,0,0,0,0,0,0,0,0,0,0.0,0.0,0,1,0,0,0,0,0,0,0,0,0,0.0,0,0.93,0.0,0,0.0,0,0,0.0,0,0,0,0,0.0,0,0.0,0.0,0.0,30.0,0.05,30.0,121135,0,46282,0
SPPN_naturalgas_hframe_cc_moderate_0,SPPN,NaturalGas_H-Frame CC_Moderate,0,1292,19,0,1,0,0,0,0,0,0,0.0,0.0,0,0,0.0,0.0,0.0,0.0,0.0,-1,500.0,0,-1.0,-1.0,0,0,0,0.0,0.0,1096691.96,68025,0,0.0,0,0,1.72,0.0,0,0,106.0,2.0,6.09,0.0,0.0,west_north_central_naturalgas,0.3,0.0,1.0,1.0,0.0,0.0,0.0,0.0,0.0,0.0,0.0,0,0,0,0.0,0,0.0,0.0,0.0,0.0,0.0,0.64,0.64,6,6,10.0,43330.0,0,0,0,0,0.0,0.0,0.914,0.0,0,0,0,0,0,0,0,0,0,0,0,0,0.0,0.0,0,0,0,0,0,0,0,0,0,0,0,0.0,0,0.93,0.0,0,0.0,0,0,0.0,0,0,0,0,0.0,0,0.0,0.0,0.0,30.0,0.05,30.0,67271,0,26266,0
SPPN_naturalgas_fframe_ct_moderate_0,SPPN,NaturalGas_F-Frame CT_Moderate,0,1293,19,0,1,0,0,0,0,0,0,0.0,0.0,0,0,0.0,0.0,0.0,0.0,0.0,-1,100.0,0,-1.0,-1.0,0,0,0,0.0,0.0,977045.463,61801,0,0.0,0,0,6.15,0.0,0,0,137.0,3.5,9.72,0.0,0.0,west_north_central_naturalgas,0.3,0.0,1.0,1.0,0.0,0.0,0.0,0.0,0.0,0.0,0.0,0,0,0,0.0,0,0.0,0.0,0.0,0.0,0.0,3.78,3.78,1,1,10.0,43330.0,0,0,0,0,0.0,0.0,0.928,0.0,0,0,0,0,0,0,0,0,0,0,0,0,0.0,0.0,0,0,0,0,0,0,0,0,0,0,0,0.0,0,0.93,0.0,0,0.0,0,0,0.0,0,0,0,0,0.0,0,0.0,0.0,0.0,30.0,0.05,30.0,61054,0,21509,0
SPPN_battery_moderate_0,SPPN,Battery_*_Moderate,0,1294,19,0,0,0,0,1,0,0,0,0.0,0.0,0,0,0.0,0.0,0.0,0.0,0.0,-1,1.0,0,-1.0,-1.0,0,0,0,0.0,0.0,274910.679,26194,0,205428.952,19574,0,0.15,0.15,0,0,0.0,0.0,0.0,0.0,0.0,None,0.0,0.0,0.92,0.92,0.0,1.0,10.0,0.0,0.0,0.0,0.0,0,0,0,0.0,0,0.0,0.0,0.0,0.0,0.0,1.0,1.0,0,0,0.0,0.0,0,0,0,0,0.0,0.0,0.989,0.0,0,0,0,0,0,0,0,0,0,0,0,0,0.0,0.0,0,0,0,0,0,0,0,0,0,0,0,0.0,0,0.95,0.0,0,0.0,0,0,0.0,0,0,0,0,0.0,0,0.0,0.0,0.0,15.0,0.05,15.0,26198,19576,6872,5135
SPPN_nuclear_nuclear_moderate_0,SPPN,Nuclear_Nuclear_Moderate,0,1295,19,0,1,0,0,0,0,0,0,0.0,0.0,0,0,0.0,0.0,0.0,0.0,0.0,-1,2000.0,0,-1.0,-1.0,0,0,0,0.0,0.0,7229469.526,420464,0,0.0,0,0,2.36,0.0,0,0,285.0,0.0,10.45,0.0,0.0,west_north_central_uranium,0.5,0.0,1.0,1.0,0.0,0.0,0.0,0.041666667,0.083333333,0.0,0.0,0,0,0,0.0,0,0.0,0.0,0.0,0.0,0.0,0.25,0.25,24,24,50.0,216650.0,0,0,0,0,0.0,0.0,0.968,0.0,0,0,0,0,0,0,0,0,0,0,0,0,0.0,0.0,0,1,0,0,0,0,0,0,0,0,0,0.0,0,0.93,0.0,0,0.0,0,0,0.0,0,0,0,0,0.0,0,0.0,0.0,0.0,40.0,0.05,40.0,418091,0,145294,0
SPPN_hydrogen_fframe_ct_moderate_0,SPPN,Hydrogen_F-Frame CT_Moderate,0,1296,19,0,1,0,0,0,0,0,0,0.0,0.0,0,0,0.0,0.0,0.0,0.0,0.0,-1,100.0,0,-1.0,-1.0,0,0,0,0.0,0.0,1074750.009,64880,0,0.0,0,0,6.15,0.0,0,0,137.0,3.5,9.72,0.0,0.0,hydrogen,0.3,0.0,1.0,1.0,0.0,0.0,0.0,0.0,0.0,0.0,0.0,0,0,0,0.0,0,0.0,0.0,0.0,0.0,0.0,3.78,3.78,1,1,0.0,0.0,0,0,0,0,0.0,0.0,0.928,0.0,0,0,0,0,0,0,0,0,0,0,0,0,0.0,0.0,0,1,0,0,0,0,0,0,0,0,0,0.0,0,0.93,0.0,0,0.0,0,0,0.0,0,0,0,0,0.0,0,0.0,0.0,0.0,30.0,0.05,30.0,64892,0,21509,0
SPPN_hydrogen_hframe_cc_moderate_0,SPPN,Hydrogen_H-Frame CC_Moderate,0,1297,19,0,1,0,0,0,0,0,0,0.0,0.0,0,0,0.0,0.0,0.0,0.0,0.0,-1,500.0,0,-1.0,-1.0,0,0,0,0.0,0.0,1206361.156,71727,0,0.0,0,0,1.72,0.0,0,0,106.0,2.0,6.09,0.0,0.0,hydrogen,0.3,0.0,1.0,1.0,0.0,0.0,0.0,0.0,0.0,0.0,0.0,0,0,0,0.0,0,0.0,0.0,0.0,0.0,0.0,0.64,0.64,6,6,0.0,0.0,0,0,0,0,0.0,0.0,0.914,0.0,0,0,0,0,0,0,0,0,0,0,0,0,0.0,0.0,0,1,0,0,0,0,0,0,0,0,0,0.0,0,0.93,0.0,0,0.0,0,0,0.0,0,0,0,0,0.0,0,0.0,0.0,0.0,30.0,0.05,30.0,71730,0,26266,0
SPPN_landbasedwind_class3_moderate_0_anyQual_0,SPPN,LandbasedWind_Class3_Moderate_,0_anyQual_0,1298,19,1,0,1,0,0,0,0,0,0.0,0.0,0,0,0.0,6780.0,0.0,0.0,0.0,-1,1.0,0,6781.1,-1.0,0,0,0,0.0,0.0,1065951.189,76577,112275,0.0,0,0,0.0,0.0,0,0,0.0,0.0,0.0,0.0,0.0,None,0.0,0.0,1.0,1.0,0.0,0.0,0.0,0.0,0.0,0.0,0.0,0,0,0,0.0,0,0.0,0.0,0.0,0.0,0.0,1.0,1.0,0,0,0.0,0.0,0,0,0,0,8141.504,159186.14,0.955,0.5045607089996338,0,0,0,0,0,0,0,0,0,0,0,0,0.0,0.0,0,1,0,0,0,0,1,1,0,0,0,0.0,0,0.8,0.0,0,0.0,0,0,0.0,0,0,0,0,0.0,0,0.0,0.0,0.0,30.0,0.05,30.0,74380,0,25258,0
SPPN_landbasedwind_class3_moderate_1_anyQual_1,SPPN,LandbasedWind_Class3_Moderate_,1_anyQual_1,1299,19,1,0,1,0,0,0,0,0,0.0,0.0,0,0,0.0,1600.0,0.0,0.0,0.0,-1,1.0,0,1600.6,-1.0,0,0,0,0.0,0.0,1065951.189,74745,110444,0.0,0,0,0.0,0.0,0,0,0.0,0.0,0.0,0.0,0.0,None,0.0,0.0,1.0,1.0,0.0,0.0,0.0,0.0,0.0,0.0,0.0,0,0,0,0.0,0,0.0,0.0,0.0,0.0,0.0,1.0,1.0,0,0,0.0,0.0,0,0,0,0,6701.283,131026.332,0.955,0.5091679096221924,0,0,0,0,0,0,0,0,0,0,0,0,0.0,0.0,0,1,0,0,0,0,1,1,0,0,0,0.0,0,0.8,0.0,0,0.0,0,0,0.0,0,0,0,0,0.0,0,0.0,0.0,0.0,30.0,0.05,30.0,72940,0,25258,0
SPPN_landbasedwind_class3_moderate_2_anyQual_0,SPPN,LandbasedWind_Class3_Moderate_,2_anyQual_0,1300,19,1,0,1,0,0,0,0,0,0.0,0.0,0,0,0.0,4039.0,0.0,0.0,0.0,-1,1.0,0,8042.4,-1.0,0,0,0,0.0,0.0,1065951.189,80849,116547,0.0,0,0,0.0,0.0,0,0,0.0,0.0,0.0,0.0,0.0,None,0.0,0.0,1.0,1.0,0.0,0.0,0.0,0.0,0.0,0.0,0.0,0,0,0,0.0,0,0.0,0.0,0.0,0.0,0.0,1.0,1.0,0,0,0.0,0.0,0,0,0,0,11500.805,224868.885,0.955,0.4943318963050842,0,0,0,0,0,0,0,0,0,0,0,0,0.0,0.0,0,1,0,0,0,0,1,1,0,0,0,0.0,0,0.8,0.0,0,0.0,0,0,0.0,0,0,0,0,0.0,0,0.0,0.0,0.0,30.0,0.05,30.0,77739,0,25258,0
SPPN_landbasedwind_class3_moderate_3_anyQual_1,SPPN,LandbasedWind_Class3_Moderate_,3_anyQual_1,1301,19,1,0,1,0,0,0,0,0,0.0,0.0,0,0,0.0,0.0,0.0,0.0,0.0,-1,1.0,0,316.4,-1.0,0,0,0,0.0,0.0,1065951.189,81219,0,0.0,0,0,0.0,0.0,0,0,0.0,0.0,0.0,0.0,0.0,None,0.0,0.0,1.0,1.0,0.0,0.0,0.0,0.0,0.0,0.0,0.0,0,0,0,0.0,0,0.0,0.0,0.0,0.0,0.0,1.0,1.0,0,0,0.0,0.0,0,0,0,0,11791.832,230558.906,0.955,0.495435357093811,0,0,0,0,0,0,0,0,0,0,0,0,0.0,0.0,0,1,0,0,0,0,1,1,0,0,0,0.0,0,0.8,0.0,0,0.0,0,0,0.0,0,0,0,0,0.0,0,0.0,0.0,0.0,30.0,0.05,30.0,78030,0,25258,0
SPPN_landbasedwind_class3_moderate_4_anyQual_0,SPPN,LandbasedWind_Class3_Moderate_,4_anyQual_0,1302,19,1,0,1,0,0,0,0,0,0.0,0.0,0,0,0.0,0.0,0.0,0.0,0.0,-1,1.0,0,8229.0,-1.0,0,0,0,0.0,0.0,1065951.189,84659,0,0.0,0,0,0.0,0.0,0,0,0.0,0.0,0.0,0.0,0.0,None,0.0,0.0,1.0,1.0,0.0,0.0,0.0,0.0,0.0,0.0,0.0,0,0,0,0.0,0,0.0,0.0,0.0,0.0,0.0,1.0,1.0,0,0,0.0,0.0,0,0,0,0,14495.998,283432.419,0.955,0.4969963133335113,0,0,0,0,0,0,0,0,0,0,0,0,0.0,0.0,0,1,0,0,0,0,1,1,0,0,0,0.0,0,0.8,0.0,0,0.0,0,0,0.0,0,0,0,0,0.0,0,0.0,0.0,0.0,30.0,0.05,30.0,80734,0,25258,0
SPPN_landbasedwind_class3_moderate_5_anyQual_1,SPPN,LandbasedWind_Class3_Moderate_,5_anyQual_1,1303,19,1,0,1,0,0,0,0,0,0.0,0.0,0,0,0.0,0.0,0.0,0.0,0.0,-1,1.0,0,122.9,-1.0,0,0,0,0.0,0.0,1065951.189,86023,0,0.0,0,0,0.0,0.0,0,0,0.0,0.0,0.0,0.0,0.0,None,0.0,0.0,1.0,1.0,0.0,0.0,0.0,0.0,0.0,0.0,0.0,0,0,0,0.0,0,0.0,0.0,0.0,0.0,0.0,1.0,1.0,0,0,0.0,0.0,0,0,0,0,15568.379,304399.567,0.955,0.4986211061477661,0,0,0,0,0,0,0,0,0,0,0,0,0.0,0.0,0,1,0,0,0,0,1,1,0,0,0,0.0,0,0.8,0.0,0,0.0,0,0,0.0,0,0,0,0,0.0,0,0.0,0.0,0.0,30.0,0.05,30.0,81807,0,25258,0
SPPN_landbasedwind_class3_moderate_6_anyQual_0,SPPN,LandbasedWind_Class3_Moderate_,6_anyQual_0,1304,19,1,0,1,0,0,0,0,0,0.0,0.0,0,0,0.0,0.0,0.0,0.0,0.0,-1,1.0,0,8002.3,-1.0,0,0,0,0.0,0.0,1065951.189,86426,0,0.0,0,0,0.0,0.0,0,0,0.0,0.0,0.0,0.0,0.0,None,0.0,0.0,1.0,1.0,0.0,0.0,0.0,0.0,0.0,0.0,0.0,0,0,0,0.0,0,0.0,0.0,0.0,0.0,0.0,1.0,1.0,0,0,0.0,0.0,0,0,0,0,15885.136,310593.945,0.955,0.4953410923480987,0,0,0,0,0,0,0,0,0,0,0,0,0.0,0.0,0,1,0,0,0,0,1,1,0,0,0,0.0,0,0.8,0.0,0,0.0,0,0,0.0,0,0,0,0,0.0,0,0.0,0.0,0.0,30.0,0.05,30.0,82124,0,25258,0
SPPN_landbasedwind_class3_moderate_7_anyQual_1,SPPN,LandbasedWind_Class3_Moderate_,7_anyQual_1,1305,19,1,0,1,0,0,0,0,0,0.0,0.0,0,0,0.0,0.0,0.0,0.0,0.0,-1,1.0,0,269.1,-1.0,0,0,0,0.0,0.0,1065951.189,81501,0,0.0,0,0,0.0,0.0,0,0,0.0,0.0,0.0,0.0,0.0,None,0.0,0.0,1.0,1.0,0.0,0.0,0.0,0.0,0.0,0.0,0.0,0,0,0,0.0,0,0.0,0.0,0.0,0.0,0.0,1.0,1.0,0,0,0.0,0.0,0,0,0,0,12013.061,234884.467,0.955,0.4823704063892364,0,0,0,0,0,0,0,0,0,0,0,0,0.0,0.0,0,1,0,0,0,0,1,1,0,0,0,0.0,0,0.8,0.0,0,0.0,0,0,0.0,0,0,0,0,0.0,0,0.0,0.0,0.0,30.0,0.05,30.0,78252,0,25258,0
SPPN_landbasedwind_class3_moderate_8_anyQual_0,SPPN,LandbasedWind_Class3_Moderate_,8_anyQual_0,1306,19,1,0,1,0,0,0,0,0,0.0,0.0,0,0,0.0,0.0,0.0,0.0,0.0,-1,1.0,0,7946.8,-1.0,0,0,0,0.0,0.0,1065951.189,87501,0,0.0,0,0,0.0,0.0,0,0,0.0,0.0,0.0,0.0,0.0,None,0.0,0.0,1.0,1.0,0.0,0.0,0.0,0.0,0.0,0.0,0.0,0,0,0,0.0,0,0.0,0.0,0.0,0.0,0.0,1.0,1.0,0,0,0.0,0.0,0,0,0,0,16730.62,327125.14,0.955,0.4934044182300567,0,0,0,0,0,0,0,0,0,0,0,0,0.0,0.0,0,1,0,0,0,0,1,1,0,0,0,0.0,0,0.8,0.0,0,0.0,0,0,0.0,0,0,0,0,0.0,0,0.0,0.0,0.0,30.0,0.05,30.0,82969,0,25258,0
SPPN_landbasedwind_class3_moderate_9_anyQual_1,SPPN,LandbasedWind_Class3_Moderate_,9_anyQual_1,1307,19,1,0,1,0,0,0,0,0,0.0,0.0,0,0,0.0,0.0,0.0,0.0,0.0,-1,1.0,0,389.5,-1.0,0,0,0,0.0,0.0,1065951.189,83390,0,0.0,0,0,0.0,0.0,0,0,0.0,0.0,0.0,0.0,0.0,None,0.0,0.0,1.0,1.0,0.0,0.0,0.0,0.0,0.0,0.0,0.0,0,0,0,0.0,0,0.0,0.0,0.0,0.0,0.0,1.0,1.0,0,0,0.0,0.0,0,0,0,0,13497.957,263917.775,0.955,0.4818999171257019,0,0,0,0,0,0,0,0,0,0,0,0,0.0,0.0,0,1,0,0,0,0,1,1,0,0,0,0.0,0,0.8,0.0,0,0.0,0,0,0.0,0,0,0,0,0.0,0,0.0,0.0,0.0,30.0,0.05,30.0,79736,0,25258,0
SPPN_landbasedwind_class3_moderate_10_anyQual_0,SPPN,LandbasedWind_Class3_Moderate_,10_anyQual_0,1308,19,1,0,1,0,0,0,0,0,0.0,0.0,0,0,0.0,0.0,0.0,0.0,0.0,-1,1.0,0,8064.2,-1.0,0,0,0,0.0,0.0,1065951.189,87605,0,0.0,0,0,0.0,0.0,0,0,0.0,0.0,0.0,0.0,0.0,None,0.0,0.0,1.0,1.0,0.0,0.0,0.0,0.0,0.0,0.0,0.0,0,0,0,0.0,0,0.0,0.0,0.0,0.0,0.0,1.0,1.0,0,0,0.0,0.0,0,0,0,0,16811.97,328716.371,0.955,0.4892254471778869,0,0,0,0,0,0,0,0,0,0,0,0,0.0,0.0,0,1,0,0,0,0,1,1,0,0,0,0.0,0,0.8,0.0,0,0.0,0,0,0.0,0,0,0,0,0.0,0,0.0,0.0,0.0,30.0,0.05,30.0,83050,0,25258,0
SPPN_landbasedwind_class3_moderate_11_anyQual_1,SPPN,LandbasedWind_Class3_Moderate_,11_anyQual_1,1309,19,1,0,1,0,0,0,0,0,0.0,0.0,0,0,0.0,0.0,0.0,0.0,0.0,-1,1.0,0,251.8,-1.0,0,0,0,0.0,0.0,1065951.189,84086,0,0.0,0,0,0.0,0.0,0,0,0.0,0.0,0.0,0.0,0.0,None,0.0,0.0,1.0,1.0,0.0,0.0,0.0,0.0,0.0,0.0,0.0,0,0,0,0.0,0,0.0,0.0,0.0,0.0,0.0,1.0,1.0,0,0,0.0,0.0,0,0,0,0,14044.91,274617.54,0.955,0.4799394905567169,0,0,0,0,0,0,0,0,0,0,0,0,0.0,0.0,0,1,0,0,0,0,1,1,0,0,0,0.0,0,0.8,0.0,0,0.0,0,0,0.0,0,0,0,0,0.0,0,0.0,0.0,0.0,30.0,0.05,30.0,80283,0,25258,0
SPPN_utilitypv_class1_moderate_0_anyQual_0,SPPN,UtilityPV_Class1_Moderate_,0_anyQual_0,1310,19,1,0,1,0,0,0,0,0,0.0,0.0,0,0,0.0,1217.9,0.0,0.0,0.0,-1,1.0,0,1217.9,-1.0,0,0,0,0.0,0.0,871935.36,56359,94325,0.0,0,0,0.0,0.0,0,0,0.0,0.0,0.0,0.0,0.0,None,0.0,0.0,1.0,1.0,0.0,0.0,0.0,0.0,0.0,0.0,0.0,0,0,0,0.0,0,0.0,0.0,0.0,0.0,0.0,1.0,1.0,0,0,0.0,0.0,0,0,0,0,1678.049,32809.931,0.956,0.2733390033245086,0,0,0,0,0,0,0,0,0,0,0,0,0.0,0.0,0,1,0,0,0,0,1,1,0,0,0,0.0,0,0.8,0.0,0,0.0,0,0,0.0,0,0,0,0,0.0,0,0.0,0.0,0.0,30.0,0.05,30.0,55884,0,15760,0
SPPN_utilitypv_class1_moderate_1_anyQual_0,SPPN,UtilityPV_Class1_Moderate_,1_anyQual_0,1311,19,1,0,1,0,0,0,0,0,0.0,0.0,0,0,0.0,1742.0,0.0,0.0,0.0,-1,1.0,0,1742.0,-1.0,0,0,0,0.0,0.0,871935.36,56510,94476,0.0,0,0,0.0,0.0,0,0,0.0,0.0,0.0,0.0,0.0,None,0.0,0.0,1.0,1.0,0.0,0.0,0.0,0.0,0.0,0.0,0.0,0,0,0,0.0,0,0.0,0.0,0.0,0.0,0.0,1.0,1.0,0,0,0.0,0.0,0,0,0,0,1796.551,35126.937,0.956,0.2547943592071533,0,0,0,0,0,0,0,0,0,0,0,0,0.0,0.0,0,1,0,0,0,0,1,1,0,0,0,0.0,0,0.8,0.0,0,0.0,0,0,0.0,0,0,0,0,0.0,0,0.0,0.0,0.0,30.0,0.05,30.0,56002,0,15760,0
SPPN_utilitypv_class1_moderate_2_anyQual_0,SPPN,UtilityPV_Class1_Moderate_,2_anyQual_0,1312,19,1,0,1,0,0,0,0,0,0.0,0.0,0,0,0.0,0.0,0.0,0.0,0.0,-1,1.0,0,9208.5,-1.0,0,0,0,0.0,0.0,871935.36,61164,0,0.0,0,0,0.0,0.0,0,0,0.0,0.0,0.0,0.0,0.0,None,0.0,0.0,1.0,1.0,0.0,0.0,0.0,0.0,0.0,0.0,0.0,0,0,0,0.0,0,0.0,0.0,0.0,0.0,0.0,1.0,1.0,0,0,0.0,0.0,0,0,0,0,5455.538,106668.994,0.956,0.2677091658115387,0,0,0,0,0,0,0,0,0,0,0,0,0.0,0.0,0,1,0,0,0,0,1,1,0,0,0,0.0,0,0.8,0.0,0,0.0,0,0,0.0,0,0,0,0,0.0,0,0.0,0.0,0.0,30.0,0.05,30.0,59661,0,15760,0
SPPN_utilitypv_class1_moderate_3_anyQual_0,SPPN,UtilityPV_Class1_Moderate_,3_anyQual_0,1313,19,1,0,1,0,0,0,0,0,0.0,0.0,0,0,0.0,0.0,0.0,0.0,0.0,-1,1.0,0,25279.0,-1.0,0,0,0,0.0,0.0,871935.36,60317,0,0.0,0,0,0.0,0.0,0,0,0.0,0.0,0.0,0.0,0.0,None,0.0,0.0,1.0,1.0,0.0,0.0,0.0,0.0,0.0,0.0,0.0,0,0,0,0.0,0,0.0,0.0,0.0,0.0,0.0,1.0,1.0,0,0,0.0,0.0,0,0,0,0,4789.438,93645.127,0.956,0.2646845281124115,0,0,0,0,0,0,0,0,0,0,0,0,0.0,0.0,0,1,0,0,0,0,1,1,0,0,0,0.0,0,0.8,0.0,0,0.0,0,0,0.0,0,0,0,0,0.0,0,0.0,0.0,0.0,30.0,0.05,30.0,58995,0,15760,0
SPPN_utilitypv_class1_moderate_4_anyQual_0,SPPN,UtilityPV_Class1_Moderate_,4_anyQual_0,1314,19,1,0,1,0,0,0,0,0,0.0,0.0,0,0,0.0,0.0,0.0,0.0,0.0,-1,1.0,0,12927.1,-1.0,0,0,0,0.0,0.0,871935.36,61142,0,0.0,0,0,0.0,0.0,0,0,0.0,0.0,0.0,0.0,0.0,None,0.0,0.0,1.0,1.0,0.0,0.0,0.0,0.0,0.0,0.0,0.0,0,0,0,0.0,0,0.0,0.0,0.0,0.0,0.0,1.0,1.0,0,0,0.0,0.0,0,0,0,0,5437.991,106325.914,0.956,0.2663623690605163,0,0,0,0,0,0,0,0,0,0,0,0,0.0,0.0,0,1,0,0,0,0,1,1,0,0,0,0.0,0,0.8,0.0,0,0.0,0,0,0.0,0,0,0,0,0.0,0,0.0,0.0,0.0,30.0,0.05,30.0,59643,0,15760,0
SPPN_utilitypv_class1_moderate_5_anyQual_1,SPPN,UtilityPV_Class1_Moderate_,5_anyQual_1,1315,19,1,0,1,0,0,0,0,0,0.0,0.0,0,0,0.0,2791.0,0.0,0.0,0.0,-1,1.0,0,9713.2,-1.0,0,0,0,0.0,0.0,871935.36,58405,96369,0.0,0,0,0.0,0.0,0,0,0.0,0.0,0.0,0.0,0.0,None,0.0,0.0,1.0,1.0,0.0,0.0,0.0,0.0,0.0,0.0,0.0,0,0,0,0.0,0,0.0,0.0,0.0,0.0,0.0,1.0,1.0,0,0,0.0,0.0,0,0,0,0,3286.183,64252.854,0.956,0.264229267835617,0,0,0,0,0,0,0,0,0,0,0,0,0.0,0.0,0,1,0,0,0,0,1,1,0,0,0,0.0,0,0.8,0.0,0,0.0,0,0,0.0,0,0,0,0,0.0,0,0.0,0.0,0.0,30.0,0.05,30.0,57492,0,15760,0
SPPN_utilitypv_class1_moderate_6_anyQual_0,SPPN,UtilityPV_Class1_Moderate_,6_anyQual_0,1316,19,1,0,1,0,0,0,0,0,0.0,0.0,0,0,0.0,0.0,0.0,0.0,0.0,-1,1.0,0,11659.2,-1.0,0,0,0,0.0,0.0,871935.36,65581,0,0.0,0,0,0.0,0.0,0,0,0.0,0.0,0.0,0.0,0.0,None,0.0,0.0,1.0,1.0,0.0,0.0,0.0,0.0,0.0,0.0,0.0,0,0,0,0.0,0,0.0,0.0,0.0,0.0,0.0,1.0,1.0,0,0,0.0,0.0,0,0,0,0,8928.599,174575.766,0.956,0.2690493464469909,0,0,0,0,0,0,0,0,0,0,0,0,0.0,0.0,0,1,0,0,0,0,1,1,0,0,0,0.0,0,0.8,0.0,0,0.0,0,0,0.0,0,0,0,0,0.0,0,0.0,0.0,0.0,30.0,0.05,30.0,63134,0,15760,0
SPPN_utilitypv_class1_moderate_7_anyQual_0,SPPN,UtilityPV_Class1_Moderate_,7_anyQual_0,1317,19,1,0,1,0,0,0,0,0,0.0,0.0,0,0,0.0,0.0,0.0,0.0,0.0,-1,1.0,0,21547.3,-1.0,0,0,0,0.0,0.0,871935.36,64651,0,0.0,0,0,0.0,0.0,0,0,0.0,0.0,0.0,0.0,0.0,None,0.0,0.0,1.0,1.0,0.0,0.0,0.0,0.0,0.0,0.0,0.0,0,0,0,0.0,0,0.0,0.0,0.0,0.0,0.0,1.0,1.0,0,0,0.0,0.0,0,0,0,0,8196.861,160268.505,0.956,0.2658231258392334,0,0,0,0,0,0,0,0,0,0,0,0,0.0,0.0,0,1,0,0,0,0,1,1,0,0,0,0.0,0,0.8,0.0,0,0.0,0,0,0.0,0,0,0,0,0.0,0,0.0,0.0,0.0,30.0,0.05,30.0,62402,0,15760,0
SPPN_utilitypv_class1_moderate_8_anyQual_0,SPPN,UtilityPV_Class1_Moderate_,8_anyQual_0,1318,19,1,0,1,0,0,0,0,0,0.0,0.0,0,0,0.0,0.0,0.0,0.0,0.0,-1,1.0,0,44.1,-1.0,0,0,0,0.0,0.0,871935.36,58366,0,0.0,0,0,0.0,0.0,0,0,0.0,0.0,0.0,0.0,0.0,None,0.0,0.0,1.0,1.0,0.0,0.0,0.0,0.0,0.0,0.0,0.0,0,0,0,0.0,0,0.0,0.0,0.0,0.0,0.0,1.0,1.0,0,0,0.0,0.0,0,0,0,0,3255.62,63655.267,0.956,0.2527269124984741,0,0,0,0,0,0,0,0,0,0,0,0,0.0,0.0,0,1,0,0,0,0,1,1,0,0,0,0.0,0,0.8,0.0,0,0.0,0,0,0.0,0,0,0,0,0.0,0,0.0,0.0,0.0,30.0,0.05,30.0,57461,0,15760,0
SPPN_utilitypv_class1_moderate_9_anyQual_0,SPPN,UtilityPV_Class1_Moderate_,9_anyQual_0,1319,19,1,0,1,0,0,0,0,0,0.0,0.0,0,0,0.0,0.0,0.0,0.0,0.0,-1,1.0,0,16781.8,-1.0,0,0,0,0.0,0.0,871935.36,63778,0,0.0,0,0,0.0,0.0,0,0,0.0,0.0,0.0,0.0,0.0,None,0.0,0.0,1.0,1.0,0.0,0.0,0.0,0.0,0.0,0.0,0.0,0,0,0,0.0,0,0.0,0.0,0.0,0.0,0.0,1.0,1.0,0,0,0.0,0.0,0,0,0,0,7510.744,146853.261,0.956,0.2646117508411407,0,0,0,0,0,0,0,0,0,0,0,0,0.0,0.0,0,1,0,0,0,0,1,1,0,0,0,0.0,0,0.8,0.0,0,0.0,0,0,0.0,0,0,0,0,0.0,0,0.0,0.0,0.0,30.0,0.05,30.0,61716,0,15760,0
SPPN_utilitypv_class1_moderate_10_anyQual_0,SPPN,UtilityPV_Class1_Moderate_,10_anyQual_0,1320,19,1,0,1,0,0,0,0,0,0.0,0.0,0,0,0.0,0.0,0.0,0.0,0.0,-1,1.0,0,8896.6,-1.0,0,0,0,0.0,0.0,871935.36,64195,0,0.0,0,0,0.0,0.0,0,0,0.0,0.0,0.0,0.0,0.0,None,0.0,0.0,1.0,1.0,0.0,0.0,0.0,0.0,0.0,0.0,0.0,0,0,0,0.0,0,0.0,0.0,0.0,0.0,0.0,1.0,1.0,0,0,0.0,0.0,0,0,0,0,7838.74,153266.366,0.956,0.2670813798904419,0,0,0,0,0,0,0,0,0,0,0,0,0.0,0.0,0,1,0,0,0,0,1,1,0,0,0,0.0,0,0.8,0.0,0,0.0,0,0,0.0,0,0,0,0,0.0,0,0.0,0.0,0.0,30.0,0.05,30.0,62044,0,15760,0
SPPN_utilitypv_class1_moderate_11_anyQual_1,SPPN,UtilityPV_Class1_Moderate_,11_anyQual_1,1321,19,1,0,1,0,0,0,0,0,0.0,0.0,0,0,0.0,0.0,0.0,0.0,0.0,-1,1.0,0,1065.8,-1.0,0,0,0,0.0,0.0,871935.36,64731,0,0.0,0,0,0.0,0.0,0,0,0.0,0.0,0.0,0.0,0.0,None,0.0,0.0,1.0,1.0,0.0,0.0,0.0,0.0,0.0,0.0,0.0,0,0,0,0.0,0,0.0,0.0,0.0,0.0,0.0,1.0,1.0,0,0,0.0,0.0,0,0,0,0,8259.716,161497.485,0.956,0.2642697095870971,0,0,0,0,0,0,0,0,0,0,0,0,0.0,0.0,0,1,0,0,0,0,1,1,0,0,0,0.0,0,0.8,0.0,0,0.0,0,0,0.0,0,0,0,0,0.0,0,0.0,0.0,0.0,30.0,0.05,30.0,62465,0,15760,0
SPPN_utilitypv_class1_moderate_12_anyQual_0,SPPN,UtilityPV_Class1_Moderate_,12_anyQual_0,1322,19,1,0,1,0,0,0,0,0,0.0,0.0,0,0,0.0,0.0,0.0,0.0,0.0,-1,1.0,0,20956.1,-1.0,0,0,0,0.0,0.0,871935.36,66365,0,0.0,0,0,0.0,0.0,0,0,0.0,0.0,0.0,0.0,0.0,None,0.0,0.0,1.0,1.0,0.0,0.0,0.0,0.0,0.0,0.0,0.0,0,0,0,0.0,0,0.0,0.0,0.0,0.0,0.0,1.0,1.0,0,0,0.0,0.0,0,0,0,0,9544.576,186619.614,0.956,0.2646286189556122,0,0,0,0,0,0,0,0,0,0,0,0,0.0,0.0,0,1,0,0,0,0,1,1,0,0,0,0.0,0,0.8,0.0,0,0.0,0,0,0.0,0,0,0,0,0.0,0,0.0,0.0,0.0,30.0,0.05,30.0,63750,0,15760,0
SPPN_utilitypv_class1_moderate_13_anyQual_0,SPPN,UtilityPV_Class1_Moderate_,13_anyQual_0,1323,19,1,0,1,0,0,0,0,0,0.0,0.0,0,0,0.0,0.0,0.0,0.0,0.0,-1,1.0,0,11813.2,-1.0,0,0,0,0.0,0.0,871935.36,67760,0,0.0,0,0,0.0,0.0,0,0,0.0,0.0,0.0,0.0,0.0,None,0.0,0.0,1.0,1.0,0.0,0.0,0.0,0.0,0.0,0.0,0.0,0,0,0,0.0,0,0.0,0.0,0.0,0.0,0.0,1.0,1.0,0,0,0.0,0.0,0,0,0,0,10641.565,208068.403,0.956,0.2673362493515014,0,0,0,0,0,0,0,0,0,0,0,0,0.0,0.0,0,1,0,0,0,0,1,1,0,0,0,0.0,0,0.8,0.0,0,0.0,0,0,0.0,0,0,0,0,0.0,0,0.0,0.0,0.0,30.0,0.05,30.0,64847,0,15760,0
SPPN_utilitypv_class1_moderate_14_anyQual_0,SPPN,UtilityPV_Class1_Moderate_,14_anyQual_0,1324,19,1,0,1,0,0,0,0,0,0.0,0.0,0,0,0.0,0.0,0.0,0.0,0.0,-1,1.0,0,8361.7,-1.0,0,0,0,0.0,0.0,871935.36,68508,0,0.0,0,0,0.0,0.0,0,0,0.0,0.0,0.0,0.0,0.0,None,0.0,0.0,1.0,1.0,0.0,0.0,0.0,0.0,0.0,0.0,0.0,0,0,0,0.0,0,0.0,0.0,0.0,0.0,0.0,1.0,1.0,0,0,0.0,0.0,0,0,0,0,11229.449,219562.963,0.956,0.2692291736602783,0,0,0,0,0,0,0,0,0,0,0,0,0.0,0.0,0,1,0,0,0,0,1,1,0,0,0,0.0,0,0.8,0.0,0,0.0,0,0,0.0,0,0,0,0,0.0,0,0.0,0.0,0.0,30.0,0.05,30.0,65435,0,15760,0
SPPN_utilitypv_class1_moderate_15_anyQual_0,SPPN,UtilityPV_Class1_Moderate_,15_anyQual_0,1325,19,1,0,1,0,0,0,0,0,0.0,0.0,0,0,0.0,0.0,0.0,0.0,0.0,-1,1.0,0,11954.8,-1.0,0,0,0,0.0,0.0,871935.36,66954,0,0.0,0,0,0.0,0.0,0,0,0.0,0.0,0.0,0.0,0.0,None,0.0,0.0,1.0,1.0,0.0,0.0,0.0,0.0,0.0,0.0,0.0,0,0,0,0.0,0,0.0,0.0,0.0,0.0,0.0,1.0,1.0,0,0,0.0,0.0,0,0,0,0,10007.9,195678.705,0.956,0.2659212350845337,0,0,0,0,0,0,0,0,0,0,0,0,0.0,0.0,0,1,0,0,0,0,1,1,0,0,0,0.0,0,0.8,0.0,0,0.0,0,0,0.0,0,0,0,0,0.0,0,0.0,0.0,0.0,30.0,0.05,30.0,64213,0,15760,0
SPPN_utilitypv_class1_moderate_16_anyQual_0,SPPN,UtilityPV_Class1_Moderate_,16_anyQual_0,1326,19,1,0,1,0,0,0,0,0,0.0,0.0,0,0,0.0,0.0,0.0,0.0,0.0,-1,1.0,0,3941.0,-1.0,0,0,0,0.0,0.0,871935.36,69101,0,0.0,0,0,0.0,0.0,0,0,0.0,0.0,0.0,0.0,0.0,None,0.0,0.0,1.0,1.0,0.0,0.0,0.0,0.0,0.0,0.0,0.0,0,0,0,0.0,0,0.0,0.0,0.0,0.0,0.0,1.0,1.0,0,0,0.0,0.0,0,0,0,0,11695.804,228681.331,0.956,0.2705143094062805,0,0,0,0,0,0,0,0,0,0,0,0,0.0,0.0,0,1,0,0,0,0,1,1,0,0,0,0.0,0,0.8,0.0,0,0.0,0,0,0.0,0,0,0,0,0.0,0,0.0,0.0,0.0,30.0,0.05,30.0,65901,0,15760,0
SPPN_utilitypv_class1_moderate_17_anyQual_1,SPPN,UtilityPV_Class1_Moderate_,17_anyQual_1,1327,19,1,0,1,0,0,0,0,0,0.0,0.0,0,0,0.0,0.0,0.0,0.0,0.0,-1,1.0,0,3002.8,-1.0,0,0,0,0.0,0.0,871935.36,67028,0,0.0,0,0,0.0,0.0,0,0,0.0,0.0,0.0,0.0,0.0,None,0.0,0.0,1.0,1.0,0.0,0.0,0.0,0.0,0.0,0.0,0.0,0,0,0,0.0,0,0.0,0.0,0.0,0.0,0.0,1.0,1.0,0,0,0.0,0.0,0,0,0,0,10065.768,196810.176,0.956,0.2645142674446106,0,0,0,0,0,0,0,0,0,0,0,0,0.0,0.0,0,1,0,0,0,0,1,1,0,0,0,0.0,0,0.8,0.0,0,0.0,0,0,0.0,0,0,0,0,0.0,0,0.0,0.0,0.0,30.0,0.05,30.0,64271,0,15760,0
SPPN_utilitypv_class1_moderate_18_anyQual_0,SPPN,UtilityPV_Class1_Moderate_,18_anyQual_0,1328,19,1,0,1,0,0,0,0,0,0.0,0.0,0,0,0.0,0.0,0.0,0.0,0.0,-1,1.0,0,13024.5,-1.0,0,0,0,0.0,0.0,871935.36,68469,0,0.0,0,0,0.0,0.0,0,0,0.0,0.0,0.0,0.0,0.0,None,0.0,0.0,1.0,1.0,0.0,0.0,0.0,0.0,0.0,0.0,0.0,0,0,0,0.0,0,0.0,0.0,0.0,0.0,0.0,1.0,1.0,0,0,0.0,0.0,0,0,0,0,11198.574,218959.274,0.956,0.2648032903671264,0,0,0,0,0,0,0,0,0,0,0,0,0.0,0.0,0,1,0,0,0,0,1,1,0,0,0,0.0,0,0.8,0.0,0,0.0,0,0,0.0,0,0,0,0,0.0,0,0.0,0.0,0.0,30.0,0.05,30.0,65404,0,15760,0
SPPN_utilitypv_class1_moderate_19_anyQual_0,SPPN,UtilityPV_Class1_Moderate_,19_anyQual_0,1329,19,1,0,1,0,0,0,0,0,0.0,0.0,0,0,0.0,0.0,0.0,0.0,0.0,-1,1.0,0,11580.3,-1.0,0,0,0,0.0,0.0,871935.36,70852,0,0.0,0,0,0.0,0.0,0,0,0.0,0.0,0.0,0.0,0.0,None,0.0,0.0,1.0,1.0,0.0,0.0,0.0,0.0,0.0,0.0,0.0,0,0,0,0.0,0,0.0,0.0,0.0,0.0,0.0,1.0,1.0,0,0,0.0,0.0,0,0,0,0,13072.552,255600.097,0.956,0.2703527808189392,0,0,0,0,0,0,0,0,0,0,0,0,0.0,0.0,0,1,0,0,0,0,1,1,0,0,0,0.0,0,0.8,0.0,0,0.0,0,0,0.0,0,0,0,0,0.0,0,0.0,0.0,0.0,30.0,0.05,30.0,67278,0,15760,0
SPPN_utilitypv_class1_moderate_20_anyQual_0,SPPN,UtilityPV_Class1_Moderate_,20_anyQual_0,1330,19,1,0,1,0,0,0,0,0,0.0,0.0,0,0,0.0,0.0,0.0,0.0,0.0,-1,1.0,0,9523.9,-1.0,0,0,0,0.0,0.0,871935.36,69325,0,0.0,0,0,0.0,0.0,0,0,0.0,0.0,0.0,0.0,0.0,None,0.0,0.0,1.0,1.0,0.0,0.0,0.0,0.0,0.0,0.0,0.0,0,0,0,0.0,0,0.0,0.0,0.0,0.0,0.0,1.0,1.0,0,0,0.0,0.0,0,0,0,0,11871.92,232124.814,0.956,0.2670988440513611,0,0,0,0,0,0,0,0,0,0,0,0,0.0,0.0,0,1,0,0,0,0,1,1,0,0,0,0.0,0,0.8,0.0,0,0.0,0,0,0.0,0,0,0,0,0.0,0,0.0,0.0,0.0,30.0,0.05,30.0,66077,0,15760,0
SPPN_utilitypv_class1_moderate_21_anyQual_0,SPPN,UtilityPV_Class1_Moderate_,21_anyQual_0,1331,19,1,0,1,0,0,0,0,0,0.0,0.0,0,0,0.0,0.0,0.0,0.0,0.0,-1,1.0,0,10951.6,-1.0,0,0,0,0.0,0.0,871935.36,70330,0,0.0,0,0,0.0,0.0,0,0,0.0,0.0,0.0,0.0,0.0,None,0.0,0.0,1.0,1.0,0.0,0.0,0.0,0.0,0.0,0.0,0.0,0,0,0,0.0,0,0.0,0.0,0.0,0.0,0.0,1.0,1.0,0,0,0.0,0.0,0,0,0,0,12662.409,247581.507,0.956,0.2692292332649231,0,0,0,0,0,0,0,0,0,0,0,0,0.0,0.0,0,1,0,0,0,0,1,1,0,0,0,0.0,0,0.8,0.0,0,0.0,0,0,0.0,0,0,0,0,0.0,0,0.0,0.0,0.0,30.0,0.05,30.0,66868,0,15760,0
SPPN_utilitypv_class1_moderate_22_anyQual_0,SPPN,UtilityPV_Class1_Moderate_,22_anyQual_0,1332,19,1,0,1,0,0,0,0,0,0.0,0.0,0,0,0.0,0.0,0.0,0.0,0.0,-1,1.0,0,9498.6,-1.0,0,0,0,0.0,0.0,871935.36,67982,0,0.0,0,0,0.0,0.0,0,0,0.0,0.0,0.0,0.0,0.0,None,0.0,0.0,1.0,1.0,0.0,0.0,0.0,0.0,0.0,0.0,0.0,0,0,0,0.0,0,0.0,0.0,0.0,0.0,0.0,1.0,1.0,0,0,0.0,0.0,0,0,0,0,10816.249,211483.887,0.956,0.2638328075408935,0,0,0,0,0,0,0,0,0,0,0,0,0.0,0.0,0,1,0,0,0,0,1,1,0,0,0,0.0,0,0.8,0.0,0,0.0,0,0,0.0,0,0,0,0,0.0,0,0.0,0.0,0.0,30.0,0.05,30.0,65022,0,15760,0
SPPN_utilitypv_class1_moderate_23_anyQual_1,SPPN,UtilityPV_Class1_Moderate_,23_anyQual_1,1333,19,1,0,1,0,0,0,0,0,0.0,0.0,0,0,0.0,0.0,0.0,0.0,0.0,-1,1.0,0,5401.4,-1.0,0,0,0,0.0,0.0,871935.36,68778,0,0.0,0,0,0.0,0.0,0,0,0.0,0.0,0.0,0.0,0.0,None,0.0,0.0,1.0,1.0,0.0,0.0,0.0,0.0,0.0,0.0,0.0,0,0,0,0.0,0,0.0,0.0,0.0,0.0,0.0,1.0,1.0,0,0,0.0,0.0,0,0,0,0,11442.238,223723.496,0.956,0.2645832598209381,0,0,0,0,0,0,0,0,0,0,0,0,0.0,0.0,0,1,0,0,0,0,1,1,0,0,0,0.0,0,0.8,0.0,0,0.0,0,0,0.0,0,0,0,0,0.0,0,0.0,0.0,0.0,30.0,0.05,30.0,65648,0,15760,0
SPPN_utilitypv_class1_moderate_24_anyQual_0,SPPN,UtilityPV_Class1_Moderate_,24_anyQual_0,1334,19,1,0,1,0,0,0,0,0,0.0,0.0,0,0,0.0,0.0,0.0,0.0,0.0,-1,1.0,0,16100.6,-1.0,0,0,0,0.0,0.0,871935.36,69891,0,0.0,0,0,0.0,0.0,0,0,0.0,0.0,0.0,0.0,0.0,None,0.0,0.0,1.0,1.0,0.0,0.0,0.0,0.0,0.0,0.0,0.0,0,0,0,0.0,0,0.0,0.0,0.0,0.0,0.0,1.0,1.0,0,0,0.0,0.0,0,0,0,0,12316.824,240823.775,0.956,0.2646469175815582,0,0,0,0,0,0,0,0,0,0,0,0,0.0,0.0,0,1,0,0,0,0,1,1,0,0,0,0.0,0,0.8,0.0,0,0.0,0,0,0.0,0,0,0,0,0.0,0,0.0,0.0,0.0,30.0,0.05,30.0,66522,0,15760,0
SPPN_utilitypv_class1_moderate_25_anyQual_0,SPPN,UtilityPV_Class1_Moderate_,25_anyQual_0,1335,19,1,0,1,0,0,0,0,0,0.0,0.0,0,0,0.0,0.0,0.0,0.0,0.0,-1,1.0,0,5509.7,-1.0,0,0,0,0.0,0.0,871935.36,70944,0,0.0,0,0,0.0,0.0,0,0,0.0,0.0,0.0,0.0,0.0,None,0.0,0.0,1.0,1.0,0.0,0.0,0.0,0.0,0.0,0.0,0.0,0,0,0,0.0,0,0.0,0.0,0.0,0.0,0.0,1.0,1.0,0,0,0.0,0.0,0,0,0,0,13145.137,257019.309,0.956,0.2672565579414367,0,0,0,0,0,0,0,0,0,0,0,0,0.0,0.0,0,1,0,0,0,0,1,1,0,0,0,0.0,0,0.8,0.0,0,0.0,0,0,0.0,0,0,0,0,0.0,0,0.0,0.0,0.0,30.0,0.05,30.0,67351,0,15760,0
SPPN_utilitypv_class1_moderate_26_anyQual_0,SPPN,UtilityPV_Class1_Moderate_,26_anyQual_0,1336,19,1,0,1,0,0,0,0,0,0.0,0.0,0,0,0.0,0.0,0.0,0.0,0.0,-1,1.0,0,18153.0,-1.0,0,0,0,0.0,0.0,871935.36,72620,0,0.0,0,0,0.0,0.0,0,0,0.0,0.0,0.0,0.0,0.0,None,0.0,0.0,1.0,1.0,0.0,0.0,0.0,0.0,0.0,0.0,0.0,0,0,0,0.0,0,0.0,0.0,0.0,0.0,0.0,1.0,1.0,0,0,0.0,0.0,0,0,0,0,14462.286,282773.611,0.956,0.2707001268863678,0,0,0,0,0,0,0,0,0,0,0,0,0.0,0.0,0,1,0,0,0,0,1,1,0,0,0,0.0,0,0.8,0.0,0,0.0,0,0,0.0,0,0,0,0,0.0,0,0.0,0.0,0.0,30.0,0.05,30.0,68668,0,15760,0
SPPN_utilitypv_class1_moderate_27_anyQual_0,SPPN,UtilityPV_Class1_Moderate_,27_anyQual_0,1337,19,1,0,1,0,0,0,0,0,0.0,0.0,0,0,0.0,0.0,0.0,0.0,0.0,-1,1.0,0,10270.2,-1.0,0,0,0,0.0,0.0,871935.36,71890,0,0.0,0,0,0.0,0.0,0,0,0.0,0.0,0.0,0.0,0.0,None,0.0,0.0,1.0,1.0,0.0,0.0,0.0,0.0,0.0,0.0,0.0,0,0,0,0.0,0,0.0,0.0,0.0,0.0,0.0,1.0,1.0,0,0,0.0,0.0,0,0,0,0,13888.823,271561.723,0.956,0.2691708505153656,0,0,0,0,0,0,0,0,0,0,0,0,0.0,0.0,0,1,0,0,0,0,1,1,0,0,0,0.0,0,0.8,0.0,0,0.0,0,0,0.0,0,0,0,0,0.0,0,0.0,0.0,0.0,30.0,0.05,30.0,68094,0,15760,0
SPPN_utilitypv_class1_moderate_28_anyQual_0,SPPN,UtilityPV_Class1_Moderate_,28_anyQual_0,1338,19,1,0,1,0,0,0,0,0,0.0,0.0,0,0,0.0,0.0,0.0,0.0,0.0,-1,1.0,0,5277.9,-1.0,0,0,0,0.0,0.0,871935.36,69460,0,0.0,0,0,0.0,0.0,0,0,0.0,0.0,0.0,0.0,0.0,None,0.0,0.0,1.0,1.0,0.0,0.0,0.0,0.0,0.0,0.0,0.0,0,0,0,0.0,0,0.0,0.0,0.0,0.0,0.0,1.0,1.0,0,0,0.0,0.0,0,0,0,0,11978.196,234202.778,0.956,0.2634577453136444,0,0,0,0,0,0,0,0,0,0,0,0,0.0,0.0,0,1,0,0,0,0,1,1,0,0,0,0.0,0,0.8,0.0,0,0.0,0,0,0.0,0,0,0,0,0.0,0,0.0,0.0,0.0,30.0,0.05,30.0,66184,0,15760,0
SPPN_utilitypv_class1_moderate_29_anyQual_1,SPPN,UtilityPV_Class1_Moderate_,29_anyQual_1,1339,19,1,0,1,0,0,0,0,0,0.0,0.0,0,0,0.0,0.0,0.0,0.0,0.0,-1,1.0,0,4611.6,-1.0,0,0,0,0.0,0.0,871935.36,70371,0,0.0,0,0,0.0,0.0,0,0,0.0,0.0,0.0,0.0,0.0,None,0.0,0.0,1.0,1.0,0.0,0.0,0.0,0.0,0.0,0.0,0.0,0,0,0,0.0,0,0.0,0.0,0.0,0.0,0.0,1.0,1.0,0,0,0.0,0.0,0,0,0,0,12694.004,248198.563,0.956,0.2648428380489349,0,0,0,0,0,0,0,0,0,0,0,0,0.0,0.0,0,1,0,0,0,0,1,1,0,0,0,0.0,0,0.8,0.0,0,0.0,0,0,0.0,0,0,0,0,0.0,0,0.0,0.0,0.0,30.0,0.05,30.0,66900,0,15760,0
SPPS_naturalgas_hframe_cc_95_ccs_moderate_0,SPPS,NaturalGas_H-Frame CC 95% CCS_Moderate,0,1340,20,0,1,0,0,0,0,0,0,0.0,0.0,0,0,0.0,0.0,0.0,0.0,0.0,-1,500.0,0,-1.0,-1.0,0,0,0,0.0,0.0,1943268.308,122268,0,0.0,0,0,7.67,0.0,0,0,106.0,2.0,6.78,0.0,0.0,west_south_central_naturalgas_ccs95,0.6,0.0,1.0,1.0,0.0,0.0,0.0,0.106666667,0.213333333,0.0,0.0,0,0,0,0.95,27,1469.015,17226.965,12.011,0.342,4.106,0.64,0.64,6,6,10.0,42220.0,0,0,0,0,0.0,0.0,0.945,0.0,0,0,0,0,0,0,0,0,0,0,0,0,0.0,0.0,0,1,0,0,0,0,0,0,0,0,0,0.0,0,0.93,0.0,0,0.0,0,0,0.0,0,0,0,0,0.0,0,0.0,0.0,0.0,30.0,0.05,30.0,122903,0,46282,0
SPPS_naturalgas_hframe_cc_moderate_0,SPPS,NaturalGas_H-Frame CC_Moderate,0,1341,20,0,1,0,0,0,0,0,0,0.0,0.0,0,0,0.0,0.0,0.0,0.0,0.0,-1,500.0,0,-1.0,-1.0,0,0,0,0.0,0.0,1096691.96,68452,0,0.0,0,0,1.72,0.0,0,0,106.0,2.0,6.09,0.0,0.0,west_south_central_naturalgas,0.3,0.0,1.0,1.0,0.0,0.0,0.0,0.0,0.0,0.0,0.0,0,0,0,0.0,0,0.0,0.0,0.0,0.0,0.0,0.64,0.64,6,6,10.0,42220.0,0,0,0,0,0.0,0.0,0.921,0.0,0,0,0,0,0,0,0,0,0,0,0,0,0.0,0.0,0,0,0,0,0,0,0,0,0,0,0,0.0,0,0.93,0.0,0,0.0,0,0,0.0,0,0,0,0,0.0,0,0.0,0.0,0.0,30.0,0.05,30.0,67741,0,26266,0
SPPS_naturalgas_fframe_ct_moderate_0,SPPS,NaturalGas_F-Frame CT_Moderate,0,1342,20,0,1,0,0,0,0,0,0,0.0,0.0,0,0,0.0,0.0,0.0,0.0,0.0,-1,100.0,0,-1.0,-1.0,0,0,0,0.0,0.0,977045.463,61284,0,0.0,0,0,6.15,0.0,0,0,137.0,3.5,9.72,0.0,0.0,west_south_central_naturalgas,0.3,0.0,1.0,1.0,0.0,0.0,0.0,0.0,0.0,0.0,0.0,0,0,0,0.0,0,0.0,0.0,0.0,0.0,0.0,3.78,3.78,1,1,10.0,42220.0,0,0,0,0,0.0,0.0,0.921,0.0,0,0,0,0,0,0,0,0,0,0,0,0,0.0,0.0,0,0,0,0,0,0,0,0,0,0,0,0.0,0,0.93,0.0,0,0.0,0,0,0.0,0,0,0,0,0.0,0,0.0,0.0,0.0,30.0,0.05,30.0,60554,0,21509,0
SPPS_battery_moderate_0,SPPS,Battery_*_Moderate,0,1343,20,0,0,0,0,1,0,0,0,0.0,0.0,0,0,0.0,0.0,0.0,0.0,0.0,-1,1.0,0,-1.0,-1.0,0,0,0,0.0,0.0,274910.679,26353,0,205428.952,19693,0,0.15,0.15,0,0,0.0,0.0,0.0,0.0,0.0,None,0.0,0.0,0.92,0.92,0.0,1.0,10.0,0.0,0.0,0.0,0.0,0,0,0,0.0,0,0.0,0.0,0.0,0.0,0.0,1.0,1.0,0,0,0.0,0.0,0,0,0,0,0.0,0.0,0.995,0.0,0,0,0,0,0,0,0,0,0,0,0,0,0.0,0.0,0,0,0,0,0,0,0,0,0,0,0,0.0,0,0.95,0.0,0,0.0,0,0,0.0,0,0,0,0,0.0,0,0.0,0.0,0.0,15.0,0.05,15.0,26351,19691,6872,5135
SPPS_nuclear_nuclear_moderate_0,SPPS,Nuclear_Nuclear_Moderate,0,1344,20,0,1,0,0,0,0,0,0,0.0,0.0,0,0,0.0,0.0,0.0,0.0,0.0,-1,2000.0,0,-1.0,-1.0,0,0,0,0.0,0.0,7229469.526,420140,0,0.0,0,0,2.36,0.0,0,0,285.0,0.0,10.45,0.0,0.0,west_south_central_uranium,0.5,0.0,1.0,1.0,0.0,0.0,0.0,0.041666667,0.083333333,0.0,0.0,0,0,0,0.0,0,0.0,0.0,0.0,0.0,0.0,0.25,0.25,24,24,50.0,211100.0,0,0,0,0,0.0,0.0,0.968,0.0,0,0,0,0,0,0,0,0,0,0,0,0,0.0,0.0,0,1,0,0,0,0,0,0,0,0,0,0.0,0,0.93,0.0,0,0.0,0,0,0.0,0,0,0,0,0.0,0,0.0,0.0,0.0,40.0,0.05,40.0,417960,0,145294,0
SPPS_hydrogen_fframe_ct_moderate_0,SPPS,Hydrogen_F-Frame CT_Moderate,0,1345,20,0,1,0,0,0,0,0,0,0.0,0.0,0,0,0.0,0.0,0.0,0.0,0.0,-1,100.0,0,-1.0,-1.0,0,0,0,0.0,0.0,1074750.009,64391,0,0.0,0,0,6.15,0.0,0,0,137.0,3.5,9.72,0.0,0.0,hydrogen,0.3,0.0,1.0,1.0,0.0,0.0,0.0,0.0,0.0,0.0,0.0,0,0,0,0.0,0,0.0,0.0,0.0,0.0,0.0,3.78,3.78,1,1,0.0,0.0,0,0,0,0,0.0,0.0,0.921,0.0,0,0,0,0,0,0,0,0,0,0,0,0,0.0,0.0,0,1,0,0,0,0,0,0,0,0,0,0.0,0,0.93,0.0,0,0.0,0,0,0.0,0,0,0,0,0.0,0,0.0,0.0,0.0,30.0,0.05,30.0,64399,0,21509,0
SPPS_hydrogen_hframe_cc_moderate_0,SPPS,Hydrogen_H-Frame CC_Moderate,0,1346,20,0,1,0,0,0,0,0,0,0.0,0.0,0,0,0.0,0.0,0.0,0.0,0.0,-1,500.0,0,-1.0,-1.0,0,0,0,0.0,0.0,1206361.156,72276,0,0.0,0,0,1.72,0.0,0,0,106.0,2.0,6.09,0.0,0.0,hydrogen,0.3,0.0,1.0,1.0,0.0,0.0,0.0,0.0,0.0,0.0,0.0,0,0,0,0.0,0,0.0,0.0,0.0,0.0,0.0,0.64,0.64,6,6,0.0,0.0,0,0,0,0,0.0,0.0,0.921,0.0,0,0,0,0,0,0,0,0,0,0,0,0,0.0,0.0,0,1,0,0,0,0,0,0,0,0,0,0.0,0,0.93,0.0,0,0.0,0,0,0.0,0,0,0,0,0.0,0,0.0,0.0,0.0,30.0,0.05,30.0,72306,0,26266,0
SPPS_landbasedwind_class3_moderate_0_anyQual_0,SPPS,LandbasedWind_Class3_Moderate_,0_anyQual_0,1347,20,1,0,1,0,0,0,0,0,0.0,0.0,0,0,0.0,7863.0,0.0,0.0,0.0,-1,1.0,0,7864.1,-1.0,0,0,0,0.0,0.0,1065951.189,84876,120575,0.0,0,0,0.0,0.0,0,0,0.0,0.0,0.0,0.0,0.0,None,0.0,0.0,1.0,1.0,0.0,0.0,0.0,0.0,0.0,0.0,0.0,0,0,0,0.0,0,0.0,0.0,0.0,0.0,0.0,1.0,1.0,0,0,0.0,0.0,0,0,0,0,14666.65,286770.19,0.955,0.5361948609352112,0,0,0,0,0,0,0,0,0,0,0,0,0.0,0.0,0,1,0,0,0,0,1,1,0,0,0,0.0,0,0.8,0.0,0,0.0,0,0,0.0,0,0,0,0,0.0,0,0.0,0.0,0.0,30.0,0.05,30.0,80905,0,25258,0
SPPS_landbasedwind_class3_moderate_1_anyQual_0,SPPS,LandbasedWind_Class3_Moderate_,1_anyQual_0,1348,20,1,0,1,0,0,0,0,0,0.0,0.0,0,0,0.0,8864.0,0.0,0.0,0.0,-1,1.0,0,8864.8,-1.0,0,0,0,0.0,0.0,1065951.189,83632,119331,0.0,0,0,0.0,0.0,0,0,0.0,0.0,0.0,0.0,0.0,None,0.0,0.0,1.0,1.0,0.0,0.0,0.0,0.0,0.0,0.0,0.0,0,0,0,0.0,0,0.0,0.0,0.0,0.0,0.0,1.0,1.0,0,0,0.0,0.0,0,0,0,0,13688.661,267646.654,0.955,0.5169003009796143,0,0,0,0,0,0,0,0,0,0,0,0,0.0,0.0,0,1,0,0,0,0,1,1,0,0,0,0.0,0,0.8,0.0,0,0.0,0,0,0.0,0,0,0,0,0.0,0,0.0,0.0,0.0,30.0,0.05,30.0,79927,0,25258,0
SPPS_landbasedwind_class3_moderate_2_anyQual_0,SPPS,LandbasedWind_Class3_Moderate_,2_anyQual_0,1349,20,1,0,1,0,0,0,0,0,0.0,0.0,0,0,0.0,4196.0,0.0,0.0,0.0,-1,1.0,0,4196.4,-1.0,0,0,0,0.0,0.0,1065951.189,76620,112319,0.0,0,0,0.0,0.0,0,0,0.0,0.0,0.0,0.0,0.0,None,0.0,0.0,1.0,1.0,0.0,0.0,0.0,0.0,0.0,0.0,0.0,0,0,0,0.0,0,0.0,0.0,0.0,0.0,0.0,1.0,1.0,0,0,0.0,0.0,0,0,0,0,8175.903,159858.725,0.955,0.4887400567531585,0,0,0,0,0,0,0,0,0,0,0,0,0.0,0.0,0,1,0,0,0,0,1,1,0,0,0,0.0,0,0.8,0.0,0,0.0,0,0,0.0,0,0,0,0,0.0,0,0.0,0.0,0.0,30.0,0.05,30.0,74414,0,25258,0
SPPS_landbasedwind_class3_moderate_3_anyQual_0,SPPS,LandbasedWind_Class3_Moderate_,3_anyQual_0,1350,20,1,0,1,0,0,0,0,0,0.0,0.0,0,0,0.0,4378.0,0.0,0.0,0.0,-1,1.0,0,4378.3,-1.0,0,0,0,0.0,0.0,1065951.189,80358,116057,0.0,0,0,0.0,0.0,0,0,0.0,0.0,0.0,0.0,0.0,None,0.0,0.0,1.0,1.0,0.0,0.0,0.0,0.0,0.0,0.0,0.0,0,0,0,0.0,0,0.0,0.0,0.0,0.0,0.0,1.0,1.0,0,0,0.0,0.0,0,0,0,0,11114.433,217314.118,0.955,0.5023488402366638,0,0,0,0,0,0,0,0,0,0,0,0,0.0,0.0,0,1,0,0,0,0,1,1,0,0,0,0.0,0,0.8,0.0,0,0.0,0,0,0.0,0,0,0,0,0.0,0,0.0,0.0,0.0,30.0,0.05,30.0,77353,0,25258,0
SPPS_landbasedwind_class3_moderate_4_anyQual_0,SPPS,LandbasedWind_Class3_Moderate_,4_anyQual_0,1351,20,1,0,1,0,0,0,0,0,0.0,0.0,0,0,0.0,733.0,0.0,0.0,0.0,-1,1.0,0,733.4,-1.0,0,0,0,0.0,0.0,1065951.189,73419,109118,0.0,0,0,0.0,0.0,0,0,0.0,0.0,0.0,0.0,0.0,None,0.0,0.0,1.0,1.0,0.0,0.0,0.0,0.0,0.0,0.0,0.0,0,0,0,0.0,0,0.0,0.0,0.0,0.0,0.0,1.0,1.0,0,0,0.0,0.0,0,0,0,0,5658.864,110644.513,0.955,0.473703533411026,0,0,0,0,0,0,0,0,0,0,0,0,0.0,0.0,0,1,0,0,0,0,1,1,0,0,0,0.0,0,0.8,0.0,0,0.0,0,0,0.0,0,0,0,0,0.0,0,0.0,0.0,0.0,30.0,0.05,30.0,71897,0,25258,0
SPPS_landbasedwind_class3_moderate_5_anyQual_1,SPPS,LandbasedWind_Class3_Moderate_,5_anyQual_1,1352,20,1,0,1,0,0,0,0,0,0.0,0.0,0,0,0.0,3143.0,0.0,0.0,0.0,-1,1.0,0,3143.3,-1.0,0,0,0,0.0,0.0,1065951.189,85015,120714,0.0,0,0,0.0,0.0,0,0,0.0,0.0,0.0,0.0,0.0,None,0.0,0.0,1.0,1.0,0.0,0.0,0.0,0.0,0.0,0.0,0.0,0,0,0,0.0,0,0.0,0.0,0.0,0.0,0.0,1.0,1.0,0,0,0.0,0.0,0,0,0,0,14776.04,288909.235,0.955,0.5139577984809875,0,0,0,0,0,0,0,0,0,0,0,0,0.0,0.0,0,1,0,0,0,0,1,1,0,0,0,0.0,0,0.8,0.0,0,0.0,0,0,0.0,0,0,0,0,0.0,0,0.0,0.0,0.0,30.0,0.05,30.0,81015,0,25258,0
SPPS_landbasedwind_class3_moderate_6_anyQual_0,SPPS,LandbasedWind_Class3_Moderate_,6_anyQual_0,1353,20,1,0,1,0,0,0,0,0,0.0,0.0,0,0,0.0,0.0,0.0,0.0,0.0,-1,1.0,0,4983.0,-1.0,0,0,0,0.0,0.0,1065951.189,80516,0,0.0,0,0,0.0,0.0,0,0,0.0,0.0,0.0,0.0,0.0,None,0.0,0.0,1.0,1.0,0.0,0.0,0.0,0.0,0.0,0.0,0.0,0,0,0,0.0,0,0.0,0.0,0.0,0.0,0.0,1.0,1.0,0,0,0.0,0.0,0,0,0,0,11238.393,219737.824,0.955,0.4799403846263885,0,0,0,0,0,0,0,0,0,0,0,0,0.0,0.0,0,1,0,0,0,0,1,1,0,0,0,0.0,0,0.8,0.0,0,0.0,0,0,0.0,0,0,0,0,0.0,0,0.0,0.0,0.0,30.0,0.05,30.0,77477,0,25258,0
SPPS_landbasedwind_class3_moderate_7_anyQual_0,SPPS,LandbasedWind_Class3_Moderate_,7_anyQual_0,1354,20,1,0,1,0,0,0,0,0,0.0,0.0,0,0,0.0,8622.0,0.0,0.0,0.0,-1,1.0,0,8623.0,-1.0,0,0,0,0.0,0.0,1065951.189,93675,129373,0.0,0,0,0.0,0.0,0,0,0.0,0.0,0.0,0.0,0.0,None,0.0,0.0,1.0,1.0,0.0,0.0,0.0,0.0,0.0,0.0,0.0,0,0,0,0.0,0,0.0,0.0,0.0,0.0,0.0,1.0,1.0,0,0,0.0,0.0,0,0,0,0,21584.36,422028.271,0.955,0.5179330706596375,0,0,0,0,0,0,0,0,0,0,0,0,0.0,0.0,0,1,0,0,0,0,1,1,0,0,0,0.0,0,0.8,0.0,0,0.0,0,0,0.0,0,0,0,0,0.0,0,0.0,0.0,0.0,30.0,0.05,30.0,87823,0,25258,0
SPPS_landbasedwind_class3_moderate_8_anyQual_0,SPPS,LandbasedWind_Class3_Moderate_,8_anyQual_0,1355,20,1,0,1,0,0,0,0,0,0.0,0.0,0,0,0.0,0.0,0.0,0.0,0.0,-1,1.0,0,7182.3,-1.0,0,0,0,0.0,0.0,1065951.189,85599,0,0.0,0,0,0.0,0.0,0,0,0.0,0.0,0.0,0.0,0.0,None,0.0,0.0,1.0,1.0,0.0,0.0,0.0,0.0,0.0,0.0,0.0,0,0,0,0.0,0,0.0,0.0,0.0,0.0,0.0,1.0,1.0,0,0,0.0,0.0,0,0,0,0,15235.001,297881.212,0.955,0.4948517978191376,0,0,0,0,0,0,0,0,0,0,0,0,0.0,0.0,0,1,0,0,0,0,1,1,0,0,0,0.0,0,0.8,0.0,0,0.0,0,0,0.0,0,0,0,0,0.0,0,0.0,0.0,0.0,30.0,0.05,30.0,81474,0,25258,0
SPPS_landbasedwind_class3_moderate_9_anyQual_0,SPPS,LandbasedWind_Class3_Moderate_,9_anyQual_0,1356,20,1,0,1,0,0,0,0,0,0.0,0.0,0,0,0.0,0.0,0.0,0.0,0.0,-1,1.0,0,858.4,-1.0,0,0,0,0.0,0.0,1065951.189,75321,0,0.0,0,0,0.0,0.0,0,0,0.0,0.0,0.0,0.0,0.0,None,0.0,0.0,1.0,1.0,0.0,0.0,0.0,0.0,0.0,0.0,0.0,0,0,0,0.0,0,0.0,0.0,0.0,0.0,0.0,1.0,1.0,0,0,0.0,0.0,0,0,0,0,7154.15,139880.97,0.955,0.4627872705459595,0,0,0,0,0,0,0,0,0,0,0,0,0.0,0.0,0,1,0,0,0,0,1,1,0,0,0,0.0,0,0.8,0.0,0,0.0,0,0,0.0,0,0,0,0,0.0,0,0.0,0.0,0.0,30.0,0.05,30.0,73393,0,25258,0
SPPS_landbasedwind_class3_moderate_10_anyQual_0,SPPS,LandbasedWind_Class3_Moderate_,10_anyQual_0,1357,20,1,0,1,0,0,0,0,0,0.0,0.0,0,0,0.0,4540.0,0.0,0.0,0.0,-1,1.0,0,4540.5,-1.0,0,0,0,0.0,0.0,1065951.189,89431,125130,0.0,0,0,0.0,0.0,0,0,0.0,0.0,0.0,0.0,0.0,None,0.0,0.0,1.0,1.0,0.0,0.0,0.0,0.0,0.0,0.0,0.0,0,0,0,0.0,0,0.0,0.0,0.0,0.0,0.0,1.0,1.0,0,0,0.0,0.0,0,0,0,0,18247.752,356787.881,0.955,0.5067199468612671,0,0,0,0,0,0,0,0,0,0,0,0,0.0,0.0,0,1,0,0,0,0,1,1,0,0,0,0.0,0,0.8,0.0,0,0.0,0,0,0.0,0,0,0,0,0.0,0,0.0,0.0,0.0,30.0,0.05,30.0,84486,0,25258,0
SPPS_landbasedwind_class3_moderate_11_anyQual_1,SPPS,LandbasedWind_Class3_Moderate_,11_anyQual_1,1358,20,1,0,1,0,0,0,0,0,0.0,0.0,0,0,0.0,3072.0,0.0,0.0,0.0,-1,1.0,0,3072.6,-1.0,0,0,0,0.0,0.0,1065951.189,93366,129065,0.0,0,0,0.0,0.0,0,0,0.0,0.0,0.0,0.0,0.0,None,0.0,0.0,1.0,1.0,0.0,0.0,0.0,0.0,0.0,0.0,0.0,0,0,0,0.0,0,0.0,0.0,0.0,0.0,0.0,1.0,1.0,0,0,0.0,0.0,0,0,0,0,21341.095,417273.348,0.955,0.5170031189918518,0,0,0,0,0,0,0,0,0,0,0,0,0.0,0.0,0,1,0,0,0,0,1,1,0,0,0,0.0,0,0.8,0.0,0,0.0,0,0,0.0,0,0,0,0,0.0,0,0.0,0.0,0.0,30.0,0.05,30.0,87580,0,25258,0
SPPS_landbasedwind_class3_moderate_12_anyQual_0,SPPS,LandbasedWind_Class3_Moderate_,12_anyQual_0,1359,20,1,0,1,0,0,0,0,0,0.0,0.0,0,0,0.0,0.0,0.0,0.0,0.0,-1,1.0,0,7632.2,-1.0,0,0,0,0.0,0.0,1065951.189,95760,0,0.0,0,0,0.0,0.0,0,0,0.0,0.0,0.0,0.0,0.0,None,0.0,0.0,1.0,1.0,0.0,0.0,0.0,0.0,0.0,0.0,0.0,0,0,0,0.0,0,0.0,0.0,0.0,0.0,0.0,1.0,1.0,0,0,0.0,0.0,0,0,0,0,23223.399,454075.646,0.955,0.5089595317840576,0,0,0,0,0,0,0,0,0,0,0,0,0.0,0.0,0,1,0,0,0,0,1,1,0,0,0,0.0,0,0.8,0.0,0,0.0,0,0,0.0,0,0,0,0,0.0,0,0.0,0.0,0.0,30.0,0.05,30.0,89462,0,25258,0
SPPS_landbasedwind_class3_moderate_13_anyQual_0,SPPS,LandbasedWind_Class3_Moderate_,13_anyQual_0,1360,20,1,0,1,0,0,0,0,0,0.0,0.0,0,0,0.0,0.0,0.0,0.0,0.0,-1,1.0,0,4766.6,-1.0,0,0,0,0.0,0.0,1065951.189,83986,0,0.0,0,0,0.0,0.0,0,0,0.0,0.0,0.0,0.0,0.0,None,0.0,0.0,1.0,1.0,0.0,0.0,0.0,0.0,0.0,0.0,0.0,0,0,0,0.0,0,0.0,0.0,0.0,0.0,0.0,1.0,1.0,0,0,0.0,0.0,0,0,0,0,13966.551,273079.939,0.955,0.4737294912338257,0,0,0,0,0,0,0,0,0,0,0,0,0.0,0.0,0,1,0,0,0,0,1,1,0,0,0,0.0,0,0.8,0.0,0,0.0,0,0,0.0,0,0,0,0,0.0,0,0.0,0.0,0.0,30.0,0.05,30.0,80205,0,25258,0
SPPS_landbasedwind_class3_moderate_14_anyQual_0,SPPS,LandbasedWind_Class3_Moderate_,14_anyQual_0,1361,20,1,0,1,0,0,0,0,0,0.0,0.0,0,0,0.0,0.0,0.0,0.0,0.0,-1,1.0,0,916.0,-1.0,0,0,0,0.0,0.0,1065951.189,77788,0,0.0,0,0,0.0,0.0,0,0,0.0,0.0,0.0,0.0,0.0,None,0.0,0.0,1.0,1.0,0.0,0.0,0.0,0.0,0.0,0.0,0.0,0,0,0,0.0,0,0.0,0.0,0.0,0.0,0.0,1.0,1.0,0,0,0.0,0.0,0,0,0,0,9094.059,177810.898,0.955,0.4572610259056091,0,0,0,0,0,0,0,0,0,0,0,0,0.0,0.0,0,1,0,0,0,0,1,1,0,0,0,0.0,0,0.8,0.0,0,0.0,0,0,0.0,0,0,0,0,0.0,0,0.0,0.0,0.0,30.0,0.05,30.0,75333,0,25258,0
SPPS_landbasedwind_class3_moderate_15_anyQual_0,SPPS,LandbasedWind_Class3_Moderate_,15_anyQual_0,1362,20,1,0,1,0,0,0,0,0,0.0,0.0,0,0,0.0,0.0,0.0,0.0,0.0,-1,1.0,0,7355.7,-1.0,0,0,0,0.0,0.0,1065951.189,91665,0,0.0,0,0,0.0,0.0,0,0,0.0,0.0,0.0,0.0,0.0,None,0.0,0.0,1.0,1.0,0.0,0.0,0.0,0.0,0.0,0.0,0.0,0,0,0,0.0,0,0.0,0.0,0.0,0.0,0.0,1.0,1.0,0,0,0.0,0.0,0,0,0,0,20004.051,391128.615,0.955,0.495754063129425,0,0,0,0,0,0,0,0,0,0,0,0,0.0,0.0,0,1,0,0,0,0,1,1,0,0,0,0.0,0,0.8,0.0,0,0.0,0,0,0.0,0,0,0,0,0.0,0,0.0,0.0,0.0,30.0,0.05,30.0,86243,0,25258,0
SPPS_landbasedwind_class3_moderate_16_anyQual_0,SPPS,LandbasedWind_Class3_Moderate_,16_anyQual_0,1363,20,1,0,1,0,0,0,0,0,0.0,0.0,0,0,0.0,0.0,0.0,0.0,0.0,-1,1.0,0,4571.7,-1.0,0,0,0,0.0,0.0,1065951.189,87390,0,0.0,0,0,0.0,0.0,0,0,0.0,0.0,0.0,0.0,0.0,None,0.0,0.0,1.0,1.0,0.0,0.0,0.0,0.0,0.0,0.0,0.0,0,0,0,0.0,0,0.0,0.0,0.0,0.0,0.0,1.0,1.0,0,0,0.0,0.0,0,0,0,0,16642.972,325410.457,0.955,0.4840504229068756,0,0,0,0,0,0,0,0,0,0,0,0,0.0,0.0,0,1,0,0,0,0,1,1,0,0,0,0.0,0,0.8,0.0,0,0.0,0,0,0.0,0,0,0,0,0.0,0,0.0,0.0,0.0,30.0,0.05,30.0,82881,0,25258,0
SPPS_landbasedwind_class3_moderate_17_anyQual_1,SPPS,LandbasedWind_Class3_Moderate_,17_anyQual_1,1364,20,1,0,1,0,0,0,0,0,0.0,0.0,0,0,0.0,0.0,0.0,0.0,0.0,-1,1.0,0,3877.3,-1.0,0,0,0,0.0,0.0,1065951.189,97633,0,0.0,0,0,0.0,0.0,0,0,0.0,0.0,0.0,0.0,0.0,None,0.0,0.0,1.0,1.0,0.0,0.0,0.0,0.0,0.0,0.0,0.0,0,0,0,0.0,0,0.0,0.0,0.0,0.0,0.0,1.0,1.0,0,0,0.0,0.0,0,0,0,0,24695.706,482868.158,0.955,0.5092403888702393,0,0,0,0,0,0,0,0,0,0,0,0,0.0,0.0,0,1,0,0,0,0,1,1,0,0,0,0.0,0,0.8,0.0,0,0.0,0,0,0.0,0,0,0,0,0.0,0,0.0,0.0,0.0,30.0,0.05,30.0,90934,0,25258,0
SPPS_landbasedwind_class3_moderate_18_anyQual_0,SPPS,LandbasedWind_Class3_Moderate_,18_anyQual_0,1365,20,1,0,1,0,0,0,0,0,0.0,0.0,0,0,0.0,0.0,0.0,0.0,0.0,-1,1.0,0,2908.5,-1.0,0,0,0,0.0,0.0,1065951.189,82212,0,0.0,0,0,0.0,0.0,0,0,0.0,0.0,0.0,0.0,0.0,None,0.0,0.0,1.0,1.0,0.0,0.0,0.0,0.0,0.0,0.0,0.0,0,0,0,0.0,0,0.0,0.0,0.0,0.0,0.0,1.0,1.0,0,0,0.0,0.0,0,0,0,0,12572.14,245815.818,0.955,0.4568887948989868,0,0,0,0,0,0,0,0,0,0,0,0,0.0,0.0,0,1,0,0,0,0,1,1,0,0,0,0.0,0,0.8,0.0,0,0.0,0,0,0.0,0,0,0,0,0.0,0,0.0,0.0,0.0,30.0,0.05,30.0,78811,0,25258,0
SPPS_landbasedwind_class3_moderate_19_anyQual_0,SPPS,LandbasedWind_Class3_Moderate_,19_anyQual_0,1366,20,1,0,1,0,0,0,0,0,0.0,0.0,0,0,0.0,0.0,0.0,0.0,0.0,-1,1.0,0,7674.6,-1.0,0,0,0,0.0,0.0,1065951.189,88314,0,0.0,0,0,0.0,0.0,0,0,0.0,0.0,0.0,0.0,0.0,None,0.0,0.0,1.0,1.0,0.0,0.0,0.0,0.0,0.0,0.0,0.0,0,0,0,0.0,0,0.0,0.0,0.0,0.0,0.0,1.0,1.0,0,0,0.0,0.0,0,0,0,0,17369.555,339617.826,0.955,0.4735379815101623,0,0,0,0,0,0,0,0,0,0,0,0,0.0,0.0,0,1,0,0,0,0,1,1,0,0,0,0.0,0,0.8,0.0,0,0.0,0,0,0.0,0,0,0,0,0.0,0,0.0,0.0,0.0,30.0,0.05,30.0,83608,0,25258,0
SPPS_landbasedwind_class3_moderate_20_anyQual_0,SPPS,LandbasedWind_Class3_Moderate_,20_anyQual_0,1367,20,1,0,1,0,0,0,0,0,0.0,0.0,0,0,0.0,0.0,0.0,0.0,0.0,-1,1.0,0,2758.5,-1.0,0,0,0,0.0,0.0,1065951.189,104950,0,0.0,0,0,0.0,0.0,0,0,0.0,0.0,0.0,0.0,0.0,None,0.0,0.0,1.0,1.0,0.0,0.0,0.0,0.0,0.0,0.0,0.0,0,0,0,0.0,0,0.0,0.0,0.0,0.0,0.0,1.0,1.0,0,0,0.0,0.0,0,0,0,0,30448.139,595352.221,0.955,0.5168688893318176,0,0,0,0,0,0,0,0,0,0,0,0,0.0,0.0,0,1,0,0,0,0,1,1,0,0,0,0.0,0,0.8,0.0,0,0.0,0,0,0.0,0,0,0,0,0.0,0,0.0,0.0,0.0,30.0,0.05,30.0,96687,0,25258,0
SPPS_landbasedwind_class3_moderate_21_anyQual_0,SPPS,LandbasedWind_Class3_Moderate_,21_anyQual_0,1368,20,1,0,1,0,0,0,0,0,0.0,0.0,0,0,0.0,0.0,0.0,0.0,0.0,-1,1.0,0,6828.3,-1.0,0,0,0,0.0,0.0,1065951.189,94380,0,0.0,0,0,0.0,0.0,0,0,0.0,0.0,0.0,0.0,0.0,None,0.0,0.0,1.0,1.0,0.0,0.0,0.0,0.0,0.0,0.0,0.0,0,0,0,0.0,0,0.0,0.0,0.0,0.0,0.0,1.0,1.0,0,0,0.0,0.0,0,0,0,0,22138.479,432861.477,0.955,0.4914312362670898,0,0,0,0,0,0,0,0,0,0,0,0,0.0,0.0,0,1,0,0,0,0,1,1,0,0,0,0.0,0,0.8,0.0,0,0.0,0,0,0.0,0,0,0,0,0.0,0,0.0,0.0,0.0,30.0,0.05,30.0,88377,0,25258,0
SPPS_landbasedwind_class3_moderate_22_anyQual_1,SPPS,LandbasedWind_Class3_Moderate_,22_anyQual_1,1369,20,1,0,1,0,0,0,0,0,0.0,0.0,0,0,0.0,0.0,0.0,0.0,0.0,-1,1.0,0,9074.4,-1.0,0,0,0,0.0,0.0,1065951.189,98073,0,0.0,0,0,0.0,0.0,0,0,0.0,0.0,0.0,0.0,0.0,None,0.0,0.0,1.0,1.0,0.0,0.0,0.0,0.0,0.0,0.0,0.0,0,0,0,0.0,0,0.0,0.0,0.0,0.0,0.0,1.0,1.0,0,0,0.0,0.0,0,0,0,0,25041.997,489638.574,0.955,0.4953384399414062,0,0,0,0,0,0,0,0,0,0,0,0,0.0,0.0,0,1,0,0,0,0,1,1,0,0,0,0.0,0,0.8,0.0,0,0.0,0,0,0.0,0,0,0,0,0.0,0,0.0,0.0,0.0,30.0,0.05,30.0,91280,0,25258,0
SPPS_landbasedwind_class3_moderate_23_anyQual_0,SPPS,LandbasedWind_Class3_Moderate_,23_anyQual_0,1370,20,1,0,1,0,0,0,0,0,0.0,0.0,0,0,0.0,0.0,0.0,0.0,0.0,-1,1.0,0,11297.1,-1.0,0,0,0,0.0,0.0,1065951.189,91146,0,0.0,0,0,0.0,0.0,0,0,0.0,0.0,0.0,0.0,0.0,None,0.0,0.0,1.0,1.0,0.0,0.0,0.0,0.0,0.0,0.0,0.0,0,0,0,0.0,0,0.0,0.0,0.0,0.0,0.0,1.0,1.0,0,0,0.0,0.0,0,0,0,0,19596.109,383152.051,0.955,0.4688583314418793,0,0,0,0,0,0,0,0,0,0,0,0,0.0,0.0,0,1,0,0,0,0,1,1,0,0,0,0.0,0,0.8,0.0,0,0.0,0,0,0.0,0,0,0,0,0.0,0,0.0,0.0,0.0,30.0,0.05,30.0,85835,0,25258,0
SPPS_landbasedwind_class3_moderate_24_anyQual_0,SPPS,LandbasedWind_Class3_Moderate_,24_anyQual_0,1371,20,1,0,1,0,0,0,0,0,0.0,0.0,0,0,0.0,0.0,0.0,0.0,0.0,-1,1.0,0,2786.9,-1.0,0,0,0,0.0,0.0,1065951.189,106888,0,0.0,0,0,0.0,0.0,0,0,0.0,0.0,0.0,0.0,0.0,None,0.0,0.0,1.0,1.0,0.0,0.0,0.0,0.0,0.0,0.0,0.0,0,0,0,0.0,0,0.0,0.0,0.0,0.0,0.0,1.0,1.0,0,0,0.0,0.0,0,0,0,0,31972.252,625150.648,0.955,0.5088426470756531,0,0,0,0,0,0,0,0,0,0,0,0,0.0,0.0,0,1,0,0,0,0,1,1,0,0,0,0.0,0,0.8,0.0,0,0.0,0,0,0.0,0,0,0,0,0.0,0,0.0,0.0,0.0,30.0,0.05,30.0,98211,0,25258,0
SPPS_landbasedwind_class3_moderate_25_anyQual_1,SPPS,LandbasedWind_Class3_Moderate_,25_anyQual_1,1372,20,1,0,1,0,0,0,0,0,0.0,0.0,0,0,0.0,0.0,0.0,0.0,0.0,-1,1.0,0,6676.2,-1.0,0,0,0,0.0,0.0,1065951.189,105099,0,0.0,0,0,0.0,0.0,0,0,0.0,0.0,0.0,0.0,0.0,None,0.0,0.0,1.0,1.0,0.0,0.0,0.0,0.0,0.0,0.0,0.0,0,0,0,0.0,0,0.0,0.0,0.0,0.0,0.0,1.0,1.0,0,0,0.0,0.0,0,0,0,0,30566.013,597646.352,0.955,0.5046872496604919,0,0,0,0,0,0,0,0,0,0,0,0,0.0,0.0,0,1,0,0,0,0,1,1,0,0,0,0.0,0,0.8,0.0,0,0.0,0,0,0.0,0,0,0,0,0.0,0,0.0,0.0,0.0,30.0,0.05,30.0,96805,0,25258,0
SPPS_landbasedwind_class3_moderate_26_anyQual_1,SPPS,LandbasedWind_Class3_Moderate_,26_anyQual_1,1373,20,1,0,1,0,0,0,0,0,0.0,0.0,0,0,0.0,0.0,0.0,0.0,0.0,-1,1.0,0,4713.0,-1.0,0,0,0,0.0,0.0,1065951.189,92708,0,0.0,0,0,0.0,0.0,0,0,0.0,0.0,0.0,0.0,0.0,None,0.0,0.0,1.0,1.0,0.0,0.0,0.0,0.0,0.0,0.0,0.0,0,0,0,0.0,0,0.0,0.0,0.0,0.0,0.0,1.0,1.0,0,0,0.0,0.0,0,0,0,0,20823.999,407167.278,0.955,0.466565191745758,0,0,0,0,0,0,0,0,0,0,0,0,0.0,0.0,0,1,0,0,0,0,1,1,0,0,0,0.0,0,0.8,0.0,0,0.0,0,0,0.0,0,0,0,0,0.0,0,0.0,0.0,0.0,30.0,0.05,30.0,87062,0,25258,0
SPPS_landbasedwind_class3_moderate_27_anyQual_1,SPPS,LandbasedWind_Class3_Moderate_,27_anyQual_1,1374,20,1,0,1,0,0,0,0,0,0.0,0.0,0,0,0.0,0.0,0.0,0.0,0.0,-1,1.0,0,3628.3,-1.0,0,0,0,0.0,0.0,1065951.189,97879,0,0.0,0,0,0.0,0.0,0,0,0.0,0.0,0.0,0.0,0.0,None,0.0,0.0,1.0,1.0,0.0,0.0,0.0,0.0,0.0,0.0,0.0,0,0,0,0.0,0,0.0,0.0,0.0,0.0,0.0,1.0,1.0,0,0,0.0,0.0,0,0,0,0,24889.611,486657.115,0.955,0.4822112619876861,0,0,0,0,0,0,0,0,0,0,0,0,0.0,0.0,0,1,0,0,0,0,1,1,0,0,0,0.0,0,0.8,0.0,0,0.0,0,0,0.0,0,0,0,0,0.0,0,0.0,0.0,0.0,30.0,0.05,30.0,91128,0,25258,0
SPPS_landbasedwind_class3_moderate_28_anyQual_0,SPPS,LandbasedWind_Class3_Moderate_,28_anyQual_0,1375,20,1,0,1,0,0,0,0,0,0.0,0.0,0,0,0.0,0.0,0.0,0.0,0.0,-1,1.0,0,6080.3,-1.0,0,0,0,0.0,0.0,1065951.189,107854,0,0.0,0,0,0.0,0.0,0,0,0.0,0.0,0.0,0.0,0.0,None,0.0,0.0,1.0,1.0,0.0,0.0,0.0,0.0,0.0,0.0,0.0,0,0,0,0.0,0,0.0,0.0,0.0,0.0,0.0,1.0,1.0,0,0,0.0,0.0,0,0,0,0,32732.106,640002.363,0.955,0.4985968470573425,0,0,0,0,0,0,0,0,0,0,0,0,0.0,0.0,0,1,0,0,0,0,1,1,0,0,0,0.0,0,0.8,0.0,0,0.0,0,0,0.0,0,0,0,0,0.0,0,0.0,0.0,0.0,30.0,0.05,30.0,98971,0,25258,0
SPPS_landbasedwind_class3_moderate_29_anyQual_0,SPPS,LandbasedWind_Class3_Moderate_,29_anyQual_0,1376,20,1,0,1,0,0,0,0,0,0.0,0.0,0,0,0.0,0.0,0.0,0.0,0.0,-1,1.0,0,7584.2,-1.0,0,0,0,0.0,0.0,1065951.189,89819,0,0.0,0,0,0.0,0.0,0,0,0.0,0.0,0.0,0.0,0.0,None,0.0,0.0,1.0,1.0,0.0,0.0,0.0,0.0,0.0,0.0,0.0,0,0,0,0.0,0,0.0,0.0,0.0,0.0,0.0,1.0,1.0,0,0,0.0,0.0,0,0,0,0,18552.508,362747.601,0.955,0.4528431892395019,0,0,0,0,0,0,0,0,0,0,0,0,0.0,0.0,0,1,0,0,0,0,1,1,0,0,0,0.0,0,0.8,0.0,0,0.0,0,0,0.0,0,0,0,0,0.0,0,0.0,0.0,0.0,30.0,0.05,30.0,84791,0,25258,0
SPPS_landbasedwind_class3_moderate_30_anyQual_0,SPPS,LandbasedWind_Class3_Moderate_,30_anyQual_0,1377,20,1,0,1,0,0,0,0,0,0.0,0.0,0,0,0.0,0.0,0.0,0.0,0.0,-1,1.0,0,3057.2,-1.0,0,0,0,0.0,0.0,1065951.189,97479,0,0.0,0,0,0.0,0.0,0,0,0.0,0.0,0.0,0.0,0.0,None,0.0,0.0,1.0,1.0,0.0,0.0,0.0,0.0,0.0,0.0,0.0,0,0,0,0.0,0,0.0,0.0,0.0,0.0,0.0,1.0,1.0,0,0,0.0,0.0,0,0,0,0,24575.69,480514.985,0.955,0.4726008176803589,0,0,0,0,0,0,0,0,0,0,0,0,0.0,0.0,0,1,0,0,0,0,1,1,0,0,0,0.0,0,0.8,0.0,0,0.0,0,0,0.0,0,0,0,0,0.0,0,0.0,0.0,0.0,30.0,0.05,30.0,90814,0,25258,0
SPPS_landbasedwind_class3_moderate_31_anyQual_1,SPPS,LandbasedWind_Class3_Moderate_,31_anyQual_1,1378,20,1,0,1,0,0,0,0,0,0.0,0.0,0,0,0.0,0.0,0.0,0.0,0.0,-1,1.0,0,5708.0,-1.0,0,0,0,0.0,0.0,1065951.189,95365,0,0.0,0,0,0.0,0.0,0,0,0.0,0.0,0.0,0.0,0.0,None,0.0,0.0,1.0,1.0,0.0,0.0,0.0,0.0,0.0,0.0,0.0,0,0,0,0.0,0,0.0,0.0,0.0,0.0,0.0,1.0,1.0,0,0,0.0,0.0,0,0,0,0,22912.488,448003.069,0.955,0.4628178477287292,0,0,0,0,0,0,0,0,0,0,0,0,0.0,0.0,0,1,0,0,0,0,1,1,0,0,0,0.0,0,0.8,0.0,0,0.0,0,0,0.0,0,0,0,0,0.0,0,0.0,0.0,0.0,30.0,0.05,30.0,89151,0,25258,0
SPPS_landbasedwind_class3_moderate_32_anyQual_1,SPPS,LandbasedWind_Class3_Moderate_,32_anyQual_1,1379,20,1,0,1,0,0,0,0,0,0.0,0.0,0,0,0.0,0.0,0.0,0.0,0.0,-1,1.0,0,6738.9,-1.0,0,0,0,0.0,0.0,1065951.189,104756,0,0.0,0,0,0.0,0.0,0,0,0.0,0.0,0.0,0.0,0.0,None,0.0,0.0,1.0,1.0,0.0,0.0,0.0,0.0,0.0,0.0,0.0,0,0,0,0.0,0,0.0,0.0,0.0,0.0,0.0,1.0,1.0,0,0,0.0,0.0,0,0,0,0,30296.517,592377.245,0.955,0.4902656674385071,0,0,0,0,0,0,0,0,0,0,0,0,0.0,0.0,0,1,0,0,0,0,1,1,0,0,0,0.0,0,0.8,0.0,0,0.0,0,0,0.0,0,0,0,0,0.0,0,0.0,0.0,0.0,30.0,0.05,30.0,96535,0,25258,0
SPPS_utilitypv_class1_moderate_0_anyQual_0,SPPS,UtilityPV_Class1_Moderate_,0_anyQual_0,1380,20,1,0,1,0,0,0,0,0,0.0,0.0,0,0,0.0,14138.0,0.0,0.0,0.0,-1,1.0,0,14139.6,-1.0,0,0,0,0.0,0.0,871935.36,57012,94840,0.0,0,0,0.0,0.0,0,0,0.0,0.0,0.0,0.0,0.0,None,0.0,0.0,1.0,1.0,0.0,0.0,0.0,0.0,0.0,0.0,0.0,0,0,0,0.0,0,0.0,0.0,0.0,0.0,0.0,1.0,1.0,0,0,0.0,0.0,0,0,0,0,2503.329,48946.143,0.949,0.2723999321460724,0,0,0,0,0,0,0,0,0,0,0,0,0.0,0.0,0,1,0,0,0,0,1,1,0,0,0,0.0,0,0.8,0.0,0,0.0,0,0,0.0,0,0,0,0,0.0,0,0.0,0.0,0.0,30.0,0.05,30.0,56325,0,15760,0
SPPS_utilitypv_class1_moderate_1_anyQual_1,SPPS,UtilityPV_Class1_Moderate_,1_anyQual_1,1381,20,1,0,1,0,0,0,0,0,0.0,0.0,0,0,0.0,973.0,0.0,0.0,0.0,-1,1.0,0,973.1,-1.0,0,0,0,0.0,0.0,871935.36,56186,94015,0.0,0,0,0.0,0.0,0,0,0.0,0.0,0.0,0.0,0.0,None,0.0,0.0,1.0,1.0,0.0,0.0,0.0,0.0,0.0,0.0,0.0,0,0,0,0.0,0,0.0,0.0,0.0,0.0,0.0,1.0,1.0,0,0,0.0,0.0,0,0,0,0,1853.835,36246.978,0.949,0.2741698026657104,0,0,0,0,0,0,0,0,0,0,0,0,0.0,0.0,0,1,0,0,0,0,1,1,0,0,0,0.0,0,0.8,0.0,0,0.0,0,0,0.0,0,0,0,0,0.0,0,0.0,0.0,0.0,30.0,0.05,30.0,55675,0,15760,0
SPPS_utilitypv_class1_moderate_2_anyQual_0,SPPS,UtilityPV_Class1_Moderate_,2_anyQual_0,1382,20,1,0,1,0,0,0,0,0,0.0,0.0,0,0,0.0,0.0,0.0,0.0,0.0,-1,1.0,0,14223.6,-1.0,0,0,0,0.0,0.0,871935.36,58886,0,0.0,0,0,0.0,0.0,0,0,0.0,0.0,0.0,0.0,0.0,None,0.0,0.0,1.0,1.0,0.0,0.0,0.0,0.0,0.0,0.0,0.0,0,0,0,0.0,0,0.0,0.0,0.0,0.0,0.0,1.0,1.0,0,0,0.0,0.0,0,0,0,0,3976.818,77756.432,0.949,0.2678885161876678,0,0,0,0,0,0,0,0,0,0,0,0,0.0,0.0,0,1,0,0,0,0,1,1,0,0,0,0.0,0,0.8,0.0,0,0.0,0,0,0.0,0,0,0,0,0.0,0,0.0,0.0,0.0,30.0,0.05,30.0,57798,0,15760,0
SPPS_utilitypv_class1_moderate_3_anyQual_1,SPPS,UtilityPV_Class1_Moderate_,3_anyQual_1,1383,20,1,0,1,0,0,0,0,0,0.0,0.0,0,0,0.0,0.0,0.0,0.0,0.0,-1,1.0,0,799.9,-1.0,0,0,0,0.0,0.0,871935.36,57821,0,0.0,0,0,0.0,0.0,0,0,0.0,0.0,0.0,0.0,0.0,None,0.0,0.0,1.0,1.0,0.0,0.0,0.0,0.0,0.0,0.0,0.0,0,0,0,0.0,0,0.0,0.0,0.0,0.0,0.0,1.0,1.0,0,0,0.0,0.0,0,0,0,0,3139.341,61381.737,0.949,0.2645078897476196,0,0,0,0,0,0,0,0,0,0,0,0,0.0,0.0,0,1,0,0,0,0,1,1,0,0,0,0.0,0,0.8,0.0,0,0.0,0,0,0.0,0,0,0,0,0.0,0,0.0,0.0,0.0,30.0,0.05,30.0,56961,0,15760,0
SPPS_utilitypv_class1_moderate_4_anyQual_0,SPPS,UtilityPV_Class1_Moderate_,4_anyQual_0,1384,20,1,0,1,0,0,0,0,0,0.0,0.0,0,0,0.0,0.0,0.0,0.0,0.0,-1,1.0,0,14106.8,-1.0,0,0,0,0.0,0.0,871935.36,60056,0,0.0,0,0,0.0,0.0,0,0,0.0,0.0,0.0,0.0,0.0,None,0.0,0.0,1.0,1.0,0.0,0.0,0.0,0.0,0.0,0.0,0.0,0,0,0,0.0,0,0.0,0.0,0.0,0.0,0.0,1.0,1.0,0,0,0.0,0.0,0,0,0,0,4896.655,95741.474,0.949,0.2681002914905548,0,0,0,0,0,0,0,0,0,0,0,0,0.0,0.0,0,1,0,0,0,0,1,1,0,0,0,0.0,0,0.8,0.0,0,0.0,0,0,0.0,0,0,0,0,0.0,0,0.0,0.0,0.0,30.0,0.05,30.0,58718,0,15760,0
SPPS_utilitypv_class1_moderate_5_anyQual_1,SPPS,UtilityPV_Class1_Moderate_,5_anyQual_1,1385,20,1,0,1,0,0,0,0,0,0.0,0.0,0,0,0.0,0.0,0.0,0.0,0.0,-1,1.0,0,932.9,-1.0,0,0,0,0.0,0.0,871935.36,58687,0,0.0,0,0,0.0,0.0,0,0,0.0,0.0,0.0,0.0,0.0,None,0.0,0.0,1.0,1.0,0.0,0.0,0.0,0.0,0.0,0.0,0.0,0,0,0,0.0,0,0.0,0.0,0.0,0.0,0.0,1.0,1.0,0,0,0.0,0.0,0,0,0,0,3820.218,74694.529,0.949,0.2642579972743988,0,0,0,0,0,0,0,0,0,0,0,0,0.0,0.0,0,1,0,0,0,0,1,1,0,0,0,0.0,0,0.8,0.0,0,0.0,0,0,0.0,0,0,0,0,0.0,0,0.0,0.0,0.0,30.0,0.05,30.0,57642,0,15760,0
SPPS_utilitypv_class1_moderate_6_anyQual_0,SPPS,UtilityPV_Class1_Moderate_,6_anyQual_0,1386,20,1,0,1,0,0,0,0,0,0.0,0.0,0,0,0.0,0.0,0.0,0.0,0.0,-1,1.0,0,14301.5,-1.0,0,0,0,0.0,0.0,871935.36,61864,0,0.0,0,0,0.0,0.0,0,0,0.0,0.0,0.0,0.0,0.0,None,0.0,0.0,1.0,1.0,0.0,0.0,0.0,0.0,0.0,0.0,0.0,0,0,0,0.0,0,0.0,0.0,0.0,0.0,0.0,1.0,1.0,0,0,0.0,0.0,0,0,0,0,6317.98,123531.825,0.949,0.2705029845237732,0,0,0,0,0,0,0,0,0,0,0,0,0.0,0.0,0,1,0,0,0,0,1,1,0,0,0,0.0,0,0.8,0.0,0,0.0,0,0,0.0,0,0,0,0,0.0,0,0.0,0.0,0.0,30.0,0.05,30.0,60139,0,15760,0
SPPS_utilitypv_class1_moderate_7_anyQual_1,SPPS,UtilityPV_Class1_Moderate_,7_anyQual_1,1387,20,1,0,1,0,0,0,0,0,0.0,0.0,0,0,0.0,0.0,0.0,0.0,0.0,-1,1.0,0,609.8,-1.0,0,0,0,0.0,0.0,871935.36,60378,0,0.0,0,0,0.0,0.0,0,0,0.0,0.0,0.0,0.0,0.0,None,0.0,0.0,1.0,1.0,0.0,0.0,0.0,0.0,0.0,0.0,0.0,0,0,0,0.0,0,0.0,0.0,0.0,0.0,0.0,1.0,1.0,0,0,0.0,0.0,0,0,0,0,5149.781,100690.704,0.949,0.2657327055931091,0,0,0,0,0,0,0,0,0,0,0,0,0.0,0.0,0,1,0,0,0,0,1,1,0,0,0,0.0,0,0.8,0.0,0,0.0,0,0,0.0,0,0,0,0,0.0,0,0.0,0.0,0.0,30.0,0.05,30.0,58971,0,15760,0
SPPS_utilitypv_class1_moderate_8_anyQual_0,SPPS,UtilityPV_Class1_Moderate_,8_anyQual_0,1388,20,1,0,1,0,0,0,0,0,0.0,0.0,0,0,0.0,0.0,0.0,0.0,0.0,-1,1.0,0,14873.9,-1.0,0,0,0,0.0,0.0,871935.36,62603,0,0.0,0,0,0.0,0.0,0,0,0.0,0.0,0.0,0.0,0.0,None,0.0,0.0,1.0,1.0,0.0,0.0,0.0,0.0,0.0,0.0,0.0,0,0,0,0.0,0,0.0,0.0,0.0,0.0,0.0,1.0,1.0,0,0,0.0,0.0,0,0,0,0,6898.877,134889.768,0.949,0.2702593505382538,0,0,0,0,0,0,0,0,0,0,0,0,0.0,0.0,0,1,0,0,0,0,1,1,0,0,0,0.0,0,0.8,0.0,0,0.0,0,0,0.0,0,0,0,0,0.0,0,0.0,0.0,0.0,30.0,0.05,30.0,60720,0,15760,0
SPPS_utilitypv_class1_moderate_9_anyQual_1,SPPS,UtilityPV_Class1_Moderate_,9_anyQual_1,1389,20,1,0,1,0,0,0,0,0,0.0,0.0,0,0,0.0,0.0,0.0,0.0,0.0,-1,1.0,0,115.9,-1.0,0,0,0,0.0,0.0,871935.36,60781,0,0.0,0,0,0.0,0.0,0,0,0.0,0.0,0.0,0.0,0.0,None,0.0,0.0,1.0,1.0,0.0,0.0,0.0,0.0,0.0,0.0,0.0,0,0,0,0.0,0,0.0,0.0,0.0,0.0,0.0,1.0,1.0,0,0,0.0,0.0,0,0,0,0,5466.728,106887.793,0.949,0.2648326754570007,0,0,0,0,0,0,0,0,0,0,0,0,0.0,0.0,0,1,0,0,0,0,1,1,0,0,0,0.0,0,0.8,0.0,0,0.0,0,0,0.0,0,0,0,0,0.0,0,0.0,0.0,0.0,30.0,0.05,30.0,59288,0,15760,0
SRCA_naturalgas_hframe_cc_95_ccs_moderate_0,SRCA,NaturalGas_H-Frame CC 95% CCS_Moderate,0,1390,21,0,1,0,0,0,0,0,0,0.0,0.0,0,0,0.0,11067.0,0.0,0.0,0.0,-1,500.0,0,-1.0,-1.0,0,0,0,0.0,0.0,1943268.308,122360,197223,0.0,0,0,7.84,0.0,0,0,106.0,2.0,6.78,0.0,0.0,south_atlantic_naturalgas_ccs95,0.6,0.0,1.0,1.0,0.0,0.0,0.0,0.106666667,0.213333333,0.0,0.0,0,0,0,0.95,27,6566.453,77004.039,12.5,0.342,4.273,0.64,0.64,6,6,10.0,42220.0,0,0,0,0,0.0,0.0,0.944,0.0,0,0,0,0,0,0,0,0,0,0,0,0,0.93,0.0,0,0,0,0,0,0,0,0,0,0,0,0.0,0,0.0,0.0,1,0.0,0,0,0.0,0,0,0,0,0.0,0,0.0,0.0,0.0,30.0,0.05,30.0,127852,0,47581,0
SRCA_naturalgas_hframe_cc_moderate_0,SRCA,NaturalGas_H-Frame CC_Moderate,0,1391,21,0,1,0,0,0,0,0,0,0.0,0.0,0,0,0.0,1822.0,0.0,0.0,0.0,-1,500.0,0,-1.0,-1.0,0,0,0,0.0,0.0,1096691.96,67738,101358,0.0,0,0,1.72,0.0,0,0,106.0,2.0,6.09,0.0,0.0,south_atlantic_naturalgas,0.3,0.0,1.0,1.0,0.0,0.0,0.0,0.0,0.0,0.0,0.0,0,0,0,0.0,0,0.0,0.0,0.0,0.0,0.0,0.64,0.64,6,6,10.0,42220.0,0,0,0,0,0.0,0.0,0.911,0.0,0,0,0,0,0,0,0,0,0,0,0,0,0.93,0.0,0,0,0,0,0,0,0,0,0,0,0,0.0,0,0.0,0.0,0,0.0,0,0,0.0,0,0,0,0,0.0,0,0.0,0.0,0.0,30.0,0.05,30.0,66993,0,26266,0
SRCA_naturalgas_fframe_ct_moderate_0,SRCA,NaturalGas_F-Frame CT_Moderate,0,1392,21,0,1,0,0,0,0,0,0,0.0,0.0,0,0,0.0,0.0,0.0,0.0,0.0,-1,100.0,0,-1.0,-1.0,0,0,0,0.0,0.0,977045.463,60839,0,0.0,0,0,6.15,0.0,0,0,137.0,3.5,9.72,0.0,0.0,south_atlantic_naturalgas,0.3,0.0,1.0,1.0,0.0,0.0,0.0,0.0,0.0,0.0,0.0,0,0,0,0.0,0,0.0,0.0,0.0,0.0,0.0,3.78,3.78,1,1,10.0,42220.0,0,0,0,0,0.0,0.0,0.914,0.0,0,0,0,0,0,0,0,0,0,0,0,0,0.93,0.0,0,0,0,0,0,0,0,0,0,0,0,0.0,0,0.0,0.0,0,0.0,0,0,0.0,0,0,0,0,0.0,0,0.0,0.0,0.0,30.0,0.05,30.0,60106,0,21509,0
SRCA_battery_moderate_0,SRCA,Battery_*_Moderate,0,1393,21,0,0,0,0,1,0,0,0,0.0,0.0,0,0,0.0,0.0,0.0,0.0,0.0,-1,1.0,0,-1.0,-1.0,0,0,0,0.0,0.0,274910.679,27360,0,205428.952,20445,0,0.15,0.15,0,0,0.0,0.0,0.0,0.0,0.0,None,0.0,0.0,0.92,0.92,0.0,1.0,10.0,0.0,0.0,0.0,0.0,0,0,0,0.0,0,0.0,0.0,0.0,0.0,0.0,1.0,1.0,0,0,0.0,0.0,0,0,0,0,0.0,0.0,1.033,0.0,0,0,0,0,0,0,0,0,0,0,0,0,0.95,0.0,0,0,0,0,0,0,0,0,0,0,0,0.0,0,0.0,0.0,0,0.0,0,0,0.0,0,0,0,0,0.0,0,0.0,0.0,0.0,15.0,0.05,15.0,27347,20435,6872,5135
SRCA_nuclear_nuclear_moderate_0,SRCA,Nuclear_Nuclear_Moderate,0,1394,21,0,1,0,0,0,0,0,0,0.0,0.0,0,0,0.0,0.0,0.0,0.0,0.0,-1,2000.0,0,-1.0,-1.0,0,0,0,0.0,0.0,7229469.526,437415,0,0.0,0,0,2.36,0.0,0,0,285.0,0.0,10.45,0.0,0.0,south_atlantic_uranium,0.5,0.0,1.0,1.0,0.0,0.0,0.0,0.041666667,0.083333333,0.0,0.0,0,0,0,0.0,0,0.0,0.0,0.0,0.0,0.0,0.25,0.25,24,24,50.0,211100.0,0,0,0,0,0.0,0.0,1.009,0.0,0,0,0,0,0,0,0,0,0,0,0,0,0.93,0.0,0,0,0,0,0,0,0,0,0,0,0,0.0,0,0.0,0.0,1,0.0,0,0,0.0,0,0,0,0,0.0,0,0.0,0.0,0.0,40.0,0.05,40.0,434967,0,145294,0
SRCA_hydrogen_fframe_ct_moderate_0,SRCA,Hydrogen_F-Frame CT_Moderate,0,1395,21,0,1,0,0,0,0,0,0,0.0,0.0,0,0,0.0,0.0,0.0,0.0,0.0,-1,100.0,0,-1.0,-1.0,0,0,0,0.0,0.0,1074750.009,63901,0,0.0,0,0,6.15,0.0,0,0,137.0,3.5,9.72,0.0,0.0,hydrogen,0.3,0.0,1.0,1.0,0.0,0.0,0.0,0.0,0.0,0.0,0.0,0,0,0,0.0,0,0.0,0.0,0.0,0.0,0.0,3.78,3.78,1,1,0.0,0.0,0,0,0,0,0.0,0.0,0.914,0.0,0,0,0,0,0,0,0,0,0,0,0,0,0.93,0.0,0,0,0,0,0,0,0,0,0,0,0,0.0,0,0.0,0.0,1,0.0,0,0,0.0,0,0,0,0,0.0,0,0.0,0.0,0.0,30.0,0.05,30.0,63907,0,21509,0
SRCA_hydrogen_hframe_cc_moderate_0,SRCA,Hydrogen_H-Frame CC_Moderate,0,1396,21,0,1,0,0,0,0,0,0,0.0,0.0,0,0,0.0,0.0,0.0,0.0,0.0,-1,500.0,0,-1.0,-1.0,0,0,0,0.0,0.0,1206361.156,71491,0,0.0,0,0,1.72,0.0,0,0,106.0,2.0,6.09,0.0,0.0,hydrogen,0.3,0.0,1.0,1.0,0.0,0.0,0.0,0.0,0.0,0.0,0.0,0,0,0,0.0,0,0.0,0.0,0.0,0.0,0.0,0.64,0.64,6,6,0.0,0.0,0,0,0,0,0.0,0.0,0.911,0.0,0,0,0,0,0,0,0,0,0,0,0,0,0.93,0.0,0,0,0,0,0,0,0,0,0,0,0,0.0,0,0.0,0.0,1,0.0,0,0,0.0,0,0,0,0,0.0,0,0.0,0.0,0.0,30.0,0.05,30.0,71483,0,26266,0
SRCA_landbasedwind_class3_moderate_0_anyQual_0,SRCA,LandbasedWind_Class3_Moderate_,0_anyQual_0,1397,21,1,0,1,0,0,0,0,0,0.0,0.0,0,0,0.0,272.0,0.0,0.0,0.0,-1,1.0,0,272.0,-1.0,0,0,0,0.0,0.0,1065951.189,96495,133800,0.0,0,0,0.0,0.0,0,0,0.0,0.0,0.0,0.0,0.0,None,0.0,0.0,1.0,1.0,0.0,0.0,0.0,0.0,0.0,0.0,0.0,0,0,0,0.0,0,0.0,0.0,0.0,0.0,0.0,1.0,1.0,0,0,0.0,0.0,0,0,0,0,13770.665,269252.526,1.139,0.4505573213100433,0,0,0,0,0,0,0,0,0,0,0,0,0.8,0.0,0,0,0,0,0,0,0,1,0,0,0,0.0,0,0.0,0.0,1,0.0,0,0,0.0,0,0,1,0,0.0,0,0.0,0.0,0.0,30.0,0.05,30.0,92784,0,25258,0
SRCA_landbasedwind_class3_moderate_1_anyQual_0,SRCA,LandbasedWind_Class3_Moderate_,1_anyQual_0,1398,21,1,0,1,0,0,0,0,0,0.0,0.0,0,0,0.0,983.0,0.0,0.0,0.0,-1,1.0,0,983.5,-1.0,0,0,0,0.0,0.0,1065951.189,95000,132305,0.0,0,0,0.0,0.0,0,0,0.0,0.0,0.0,0.0,0.0,None,0.0,0.0,1.0,1.0,0.0,0.0,0.0,0.0,0.0,0.0,0.0,0,0,0,0.0,0,0.0,0.0,0.0,0.0,0.0,1.0,1.0,0,0,0.0,0.0,0,0,0,0,12595.253,246269.713,1.139,0.3906326293945312,0,0,0,0,0,0,0,0,0,0,0,0,0.8,0.0,0,0,0,0,0,0,0,1,0,0,0,0.0,0,0.0,0.0,1,0.0,0,0,0.0,0,0,1,0,0.0,0,0.0,0.0,0.0,30.0,0.05,30.0,91609,0,25258,0
SRCA_landbasedwind_class3_moderate_2_anyQual_0,SRCA,LandbasedWind_Class3_Moderate_,2_anyQual_0,1399,21,1,0,1,0,0,0,0,0,0.0,0.0,0,0,0.0,805.7,0.0,0.0,0.0,-1,1.0,0,805.7,-1.0,0,0,0,0.0,0.0,1065951.189,87540,124845,0.0,0,0,0.0,0.0,0,0,0.0,0.0,0.0,0.0,0.0,None,0.0,0.0,1.0,1.0,0.0,0.0,0.0,0.0,0.0,0.0,0.0,0,0,0,0.0,0,0.0,0.0,0.0,0.0,0.0,1.0,1.0,0,0,0.0,0.0,0,0,0,0,6729.827,131584.834,1.139,0.3620810210704803,0,0,0,0,0,0,0,0,0,0,0,0,0.8,0.0,0,0,0,0,0,0,0,1,0,0,0,0.0,0,0.0,0.0,1,0.0,0,0,0.0,0,0,1,0,0.0,0,0.0,0.0,0.0,30.0,0.05,30.0,85743,0,25258,0
SRCA_landbasedwind_class3_moderate_3_anyQual_1,SRCA,LandbasedWind_Class3_Moderate_,3_anyQual_1,1400,21,1,0,1,0,0,0,0,0,0.0,0.0,0,0,0.0,115.8,0.0,0.0,0.0,-1,1.0,0,115.8,-1.0,0,0,0,0.0,0.0,1065951.189,91615,128920,0.0,0,0,0.0,0.0,0,0,0.0,0.0,0.0,0.0,0.0,None,0.0,0.0,1.0,1.0,0.0,0.0,0.0,0.0,0.0,0.0,0.0,0,0,0,0.0,0,0.0,0.0,0.0,0.0,0.0,1.0,1.0,0,0,0.0,0.0,0,0,0,0,9933.457,194224.128,1.139,0.3715752959251404,0,0,0,0,0,0,0,0,0,0,0,0,0.8,0.0,0,0,0,0,0,0,0,1,0,0,0,0.0,0,0.0,0.0,1,0.0,0,0,0.0,0,0,1,0,0.0,0,0.0,0.0,0.0,30.0,0.05,30.0,88947,0,25258,0
SRCA_landbasedwind_class3_moderate_4_anyQual_1,SRCA,LandbasedWind_Class3_Moderate_,4_anyQual_1,1401,21,1,0,1,0,0,0,0,0,0.0,0.0,0,0,0.0,95.0,0.0,0.0,0.0,-1,1.0,0,95.5,-1.0,0,0,0,0.0,0.0,1065951.189,118932,156237,0.0,0,0,0.0,0.0,0,0,0.0,0.0,0.0,0.0,0.0,None,0.0,0.0,1.0,1.0,0.0,0.0,0.0,0.0,0.0,0.0,0.0,0,0,0,0.0,0,0.0,0.0,0.0,0.0,0.0,1.0,1.0,0,0,0.0,0.0,0,0,0,0,31410.389,614158.399,1.139,0.4160525500774383,0,0,0,0,0,0,0,0,0,0,0,0,0.8,0.0,0,0,0,0,0,0,0,1,0,0,0,0.0,0,0.0,0.0,1,0.0,0,0,0.0,0,0,1,0,0.0,0,0.0,0.0,0.0,30.0,0.05,30.0,110424,0,25258,0
SRCA_landbasedwind_class3_moderate_5_anyQual_1,SRCA,LandbasedWind_Class3_Moderate_,5_anyQual_1,1402,21,1,0,1,0,0,0,0,0,0.0,0.0,0,0,0.0,26.7,0.0,0.0,0.0,-1,1.0,0,26.7,-1.0,0,0,0,0.0,0.0,1065951.189,123077,160382,0.0,0,0,0.0,0.0,0,0,0.0,0.0,0.0,0.0,0.0,None,0.0,0.0,1.0,1.0,0.0,0.0,0.0,0.0,0.0,0.0,0.0,0,0,0,0.0,0,0.0,0.0,0.0,0.0,0.0,1.0,1.0,0,0,0.0,0.0,0,0,0,0,34669.112,677879.2,1.139,0.4818323254585266,0,0,0,0,0,0,0,0,0,0,0,0,0.8,0.0,0,0,0,0,0,0,0,1,0,0,0,0.0,0,0.0,0.0,1,0.0,0,0,0.0,0,0,1,0,0.0,0,0.0,0.0,0.0,30.0,0.05,30.0,113683,0,25258,0
SRCA_landbasedwind_class3_moderate_6_anyQual_0,SRCA,LandbasedWind_Class3_Moderate_,6_anyQual_0,1403,21,1,0,1,0,0,0,0,0,0.0,0.0,0,0,0.0,305.0,0.0,0.0,0.0,-1,1.0,0,305.5,-1.0,0,0,0,0.0,0.0,1065951.189,97794,135099,0.0,0,0,0.0,0.0,0,0,0.0,0.0,0.0,0.0,0.0,None,0.0,0.0,1.0,1.0,0.0,0.0,0.0,0.0,0.0,0.0,0.0,0,0,0,0.0,0,0.0,0.0,0.0,0.0,0.0,1.0,1.0,0,0,0.0,0.0,0,0,0,0,14791.802,289216.502,1.139,0.3735240399837494,0,0,0,0,0,0,0,0,0,0,0,0,0.8,0.0,0,0,0,0,0,0,0,1,0,0,0,0.0,0,0.0,0.0,1,0.0,0,0,0.0,0,0,1,0,0.0,0,0.0,0.0,0.0,30.0,0.05,30.0,93805,0,25258,0
SRCA_landbasedwind_class3_moderate_7_anyQual_0,SRCA,LandbasedWind_Class3_Moderate_,7_anyQual_0,1404,21,1,0,1,0,0,0,0,0,0.0,0.0,0,0,0.0,894.0,0.0,0.0,0.0,-1,1.0,0,894.5,-1.0,0,0,0,0.0,0.0,1065951.189,88473,125778,0.0,0,0,0.0,0.0,0,0,0.0,0.0,0.0,0.0,0.0,None,0.0,0.0,1.0,1.0,0.0,0.0,0.0,0.0,0.0,0.0,0.0,0,0,0,0.0,0,0.0,0.0,0.0,0.0,0.0,1.0,1.0,0,0,0.0,0.0,0,0,0,0,7463.48,145929.471,1.139,0.3416410982608795,0,0,0,0,0,0,0,0,0,0,0,0,0.8,0.0,0,0,0,0,0,0,0,1,0,0,0,0.0,0,0.0,0.0,1,0.0,0,0,0.0,0,0,1,0,0.0,0,0.0,0.0,0.0,30.0,0.05,30.0,86477,0,25258,0
SRCA_landbasedwind_class3_moderate_8_anyQual_0,SRCA,LandbasedWind_Class3_Moderate_,8_anyQual_0,1405,21,1,0,1,0,0,0,0,0,0.0,0.0,0,0,0.0,817.6,0.0,0.0,0.0,-1,1.0,0,817.6,-1.0,0,0,0,0.0,0.0,1065951.189,90654,127959,0.0,0,0,0.0,0.0,0,0,0.0,0.0,0.0,0.0,0.0,None,0.0,0.0,1.0,1.0,0.0,0.0,0.0,0.0,0.0,0.0,0.0,0,0,0,0.0,0,0.0,0.0,0.0,0.0,0.0,1.0,1.0,0,0,0.0,0.0,0,0,0,0,9178.256,179457.153,1.139,0.3513401448726654,0,0,0,0,0,0,0,0,0,0,0,0,0.8,0.0,0,0,0,0,0,0,0,1,0,0,0,0.0,0,0.0,0.0,1,0.0,0,0,0.0,0,0,1,0,0.0,0,0.0,0.0,0.0,30.0,0.05,30.0,88192,0,25258,0
SRCA_landbasedwind_class3_moderate_9_anyQual_1,SRCA,LandbasedWind_Class3_Moderate_,9_anyQual_1,1406,21,1,0,1,0,0,0,0,0,0.0,0.0,0,0,0.0,112.0,0.0,0.0,0.0,-1,1.0,0,112.2,-1.0,0,0,0,0.0,0.0,1065951.189,98393,135698,0.0,0,0,0.0,0.0,0,0,0.0,0.0,0.0,0.0,0.0,None,0.0,0.0,1.0,1.0,0.0,0.0,0.0,0.0,0.0,0.0,0.0,0,0,0,0.0,0,0.0,0.0,0.0,0.0,0.0,1.0,1.0,0,0,0.0,0.0,0,0,0,0,15262.534,298420.751,1.139,0.3615562319755554,0,0,0,0,0,0,0,0,0,0,0,0,0.8,0.0,0,0,0,0,0,0,0,1,0,0,0,0.0,0,0.0,0.0,1,0.0,0,0,0.0,0,0,1,0,0.0,0,0.0,0.0,0.0,30.0,0.05,30.0,94276,0,25258,0
SRCA_landbasedwind_class3_moderate_10_anyQual_1,SRCA,LandbasedWind_Class3_Moderate_,10_anyQual_1,1407,21,1,0,1,0,0,0,0,0,0.0,0.0,0,0,0.0,107.0,0.0,0.0,0.0,-1,1.0,0,107.4,-1.0,0,0,0,0.0,0.0,1065951.189,88724,126029,0.0,0,0,0.0,0.0,0,0,0.0,0.0,0.0,0.0,0.0,None,0.0,0.0,1.0,1.0,0.0,0.0,0.0,0.0,0.0,0.0,0.0,0,0,0,0.0,0,0.0,0.0,0.0,0.0,0.0,1.0,1.0,0,0,0.0,0.0,0,0,0,0,7660.827,149787.738,1.139,0.339032769203186,0,0,0,0,0,0,0,0,0,0,0,0,0.8,0.0,0,0,0,0,0,0,0,1,0,0,0,0.0,0,0.0,0.0,1,0.0,0,0,0.0,0,0,1,0,0.0,0,0.0,0.0,0.0,30.0,0.05,30.0,86674,0,25258,0
SRCA_landbasedwind_class3_moderate_11_anyQual_1,SRCA,LandbasedWind_Class3_Moderate_,11_anyQual_1,1408,21,1,0,1,0,0,0,0,0,0.0,0.0,0,0,0.0,79.0,0.0,0.0,0.0,-1,1.0,0,79.4,-1.0,0,0,0,0.0,0.0,1065951.189,95823,133128,0.0,0,0,0.0,0.0,0,0,0.0,0.0,0.0,0.0,0.0,None,0.0,0.0,1.0,1.0,0.0,0.0,0.0,0.0,0.0,0.0,0.0,0,0,0,0.0,0,0.0,0.0,0.0,0.0,0.0,1.0,1.0,0,0,0.0,0.0,0,0,0,0,13241.826,258909.816,1.139,0.3508125245571136,0,0,0,0,0,0,0,0,0,0,0,0,0.8,0.0,0,0,0,0,0,0,0,1,0,0,0,0.0,0,0.0,0.0,1,0.0,0,0,0.0,0,0,1,0,0.0,0,0.0,0.0,0.0,30.0,0.05,30.0,92255,0,25258,0
SRCA_landbasedwind_class3_moderate_12_anyQual_0,SRCA,LandbasedWind_Class3_Moderate_,12_anyQual_0,1409,21,1,0,1,0,0,0,0,0,0.0,0.0,0,0,0.0,833.0,0.0,0.0,0.0,-1,1.0,0,833.1,-1.0,0,0,0,0.0,0.0,1065951.189,91144,128449,0.0,0,0,0.0,0.0,0,0,0.0,0.0,0.0,0.0,0.0,None,0.0,0.0,1.0,1.0,0.0,0.0,0.0,0.0,0.0,0.0,0.0,0,0,0,0.0,0,0.0,0.0,0.0,0.0,0.0,1.0,1.0,0,0,0.0,0.0,0,0,0,0,9563.703,186994.094,1.139,0.3129036724567413,0,0,0,0,0,0,0,0,0,0,0,0,0.8,0.0,0,0,0,0,0,0,0,1,0,0,0,0.0,0,0.0,0.0,1,0.0,0,0,0.0,0,0,1,0,0.0,0,0.0,0.0,0.0,30.0,0.05,30.0,88577,0,25258,0
SRCA_landbasedwind_class3_moderate_13_anyQual_0,SRCA,LandbasedWind_Class3_Moderate_,13_anyQual_0,1410,21,1,0,1,0,0,0,0,0,0.0,0.0,0,0,0.0,860.0,0.0,0.0,0.0,-1,1.0,0,860.0,-1.0,0,0,0,0.0,0.0,1065951.189,101917,139222,0.0,0,0,0.0,0.0,0,0,0.0,0.0,0.0,0.0,0.0,None,0.0,0.0,1.0,1.0,0.0,0.0,0.0,0.0,0.0,0.0,0.0,0,0,0,0.0,0,0.0,0.0,0.0,0.0,0.0,1.0,1.0,0,0,0.0,0.0,0,0,0,0,18033.132,352596.429,1.139,0.3377361595630646,0,0,0,0,0,0,0,0,0,0,0,0,0.8,0.0,0,0,0,0,0,0,0,1,0,0,0,0.0,0,0.0,0.0,1,0.0,0,0,0.0,0,0,1,0,0.0,0,0.0,0.0,0.0,30.0,0.05,30.0,97047,0,25258,0
SRCA_landbasedwind_class3_moderate_14_anyQual_0,SRCA,LandbasedWind_Class3_Moderate_,14_anyQual_0,1411,21,1,0,1,0,0,0,0,0,0.0,0.0,0,0,0.0,136.0,0.0,0.0,0.0,-1,1.0,0,136.1,-1.0,0,0,0,0.0,0.0,1065951.189,102279,139584,0.0,0,0,0.0,0.0,0,0,0.0,0.0,0.0,0.0,0.0,None,0.0,0.0,1.0,1.0,0.0,0.0,0.0,0.0,0.0,0.0,0.0,0,0,0,0.0,0,0.0,0.0,0.0,0.0,0.0,1.0,1.0,0,0,0.0,0.0,0,0,0,0,18317.633,358162.229,1.139,0.3666672706604004,0,0,0,0,0,0,0,0,0,0,0,0,0.8,0.0,0,0,0,0,0,0,0,1,0,0,0,0.0,0,0.0,0.0,1,0.0,0,0,0.0,0,0,1,0,0.0,0,0.0,0.0,0.0,30.0,0.05,30.0,97331,0,25258,0
SRCA_landbasedwind_class3_moderate_15_anyQual_1,SRCA,LandbasedWind_Class3_Moderate_,15_anyQual_1,1412,21,1,0,1,0,0,0,0,0,0.0,0.0,0,0,0.0,163.6,0.0,0.0,0.0,-1,1.0,0,163.6,-1.0,0,0,0,0.0,0.0,1065951.189,113054,150359,0.0,0,0,0.0,0.0,0,0,0.0,0.0,0.0,0.0,0.0,None,0.0,0.0,1.0,1.0,0.0,0.0,0.0,0.0,0.0,0.0,0.0,0,0,0,0.0,0,0.0,0.0,0.0,0.0,0.0,1.0,1.0,0,0,0.0,0.0,0,0,0,0,26789.14,523796.315,1.139,0.3497031927108764,0,0,0,0,0,0,0,0,0,0,0,0,0.8,0.0,0,0,0,0,0,0,0,1,0,0,0,0.0,0,0.0,0.0,1,0.0,0,0,0.0,0,0,1,0,0.0,0,0.0,0.0,0.0,30.0,0.05,30.0,105803,0,25258,0
SRCA_landbasedwind_class3_moderate_16_anyQual_1,SRCA,LandbasedWind_Class3_Moderate_,16_anyQual_1,1413,21,1,0,1,0,0,0,0,0,0.0,0.0,0,0,0.0,83.7,0.0,0.0,0.0,-1,1.0,0,83.7,-1.0,0,0,0,0.0,0.0,1065951.189,94798,132103,0.0,0,0,0.0,0.0,0,0,0.0,0.0,0.0,0.0,0.0,None,0.0,0.0,1.0,1.0,0.0,0.0,0.0,0.0,0.0,0.0,0.0,0,0,0,0.0,0,0.0,0.0,0.0,0.0,0.0,1.0,1.0,0,0,0.0,0.0,0,0,0,0,12436.348,243160.763,1.139,0.3165167868137359,0,0,0,0,0,0,0,0,0,0,0,0,0.8,0.0,0,0,0,0,0,0,0,1,0,0,0,0.0,0,0.0,0.0,1,0.0,0,0,0.0,0,0,1,0,0.0,0,0.0,0.0,0.0,30.0,0.05,30.0,91450,0,25258,0
SRCA_landbasedwind_class3_moderate_17_anyQual_1,SRCA,LandbasedWind_Class3_Moderate_,17_anyQual_1,1414,21,1,0,1,0,0,0,0,0,0.0,0.0,0,0,0.0,221.9,0.0,0.0,0.0,-1,1.0,0,221.9,-1.0,0,0,0,0.0,0.0,1065951.189,96755,134060,0.0,0,0,0.0,0.0,0,0,0.0,0.0,0.0,0.0,0.0,None,0.0,0.0,1.0,1.0,0.0,0.0,0.0,0.0,0.0,0.0,0.0,0,0,0,0.0,0,0.0,0.0,0.0,0.0,0.0,1.0,1.0,0,0,0.0,0.0,0,0,0,0,13974.999,273248.772,1.139,0.3307893276214599,0,0,0,0,0,0,0,0,0,0,0,0,0.8,0.0,0,0,0,0,0,0,0,1,0,0,0,0.0,0,0.0,0.0,1,0.0,0,0,0.0,0,0,1,0,0.0,0,0.0,0.0,0.0,30.0,0.05,30.0,92988,0,25258,0
SRCA_landbasedwind_class3_moderate_18_anyQual_0,SRCA,LandbasedWind_Class3_Moderate_,18_anyQual_0,1415,21,1,0,1,0,0,0,0,0,0.0,0.0,0,0,0.0,613.8,0.0,0.0,0.0,-1,1.0,0,613.8,-1.0,0,0,0,0.0,0.0,1065951.189,105307,142612,0.0,0,0,0.0,0.0,0,0,0.0,0.0,0.0,0.0,0.0,None,0.0,0.0,1.0,1.0,0.0,0.0,0.0,0.0,0.0,0.0,0.0,0,0,0,0.0,0,0.0,0.0,0.0,0.0,0.0,1.0,1.0,0,0,0.0,0.0,0,0,0,0,20698.154,404703.728,1.139,0.3310582041740417,0,0,0,0,0,0,0,0,0,0,0,0,0.8,0.0,0,0,0,0,0,0,0,1,0,0,0,0.0,0,0.0,0.0,1,0.0,0,0,0.0,0,0,1,0,0.0,0,0.0,0.0,0.0,30.0,0.05,30.0,99712,0,25258,0
SRCA_landbasedwind_class3_moderate_19_anyQual_0,SRCA,LandbasedWind_Class3_Moderate_,19_anyQual_0,1416,21,1,0,1,0,0,0,0,0,0.0,0.0,0,0,0.0,995.0,0.0,0.0,0.0,-1,1.0,0,1053.7,-1.0,0,0,0,0.0,0.0,1065951.189,92461,129766,0.0,0,0,0.0,0.0,0,0,0.0,0.0,0.0,0.0,0.0,None,0.0,0.0,1.0,1.0,0.0,0.0,0.0,0.0,0.0,0.0,0.0,0,0,0,0.0,0,0.0,0.0,0.0,0.0,0.0,1.0,1.0,0,0,0.0,0.0,0,0,0,0,10598.536,207227.842,1.139,0.2870285212993622,0,0,0,0,0,0,0,0,0,0,0,0,0.8,0.0,0,0,0,0,0,0,0,1,0,0,0,0.0,0,0.0,0.0,1,0.0,0,0,0.0,0,0,1,0,0.0,0,0.0,0.0,0.0,30.0,0.05,30.0,89612,0,25258,0
SRCA_landbasedwind_class3_moderate_20_anyQual_0,SRCA,LandbasedWind_Class3_Moderate_,20_anyQual_0,1417,21,1,0,1,0,0,0,0,0,0.0,0.0,0,0,0.0,0.0,0.0,0.0,0.0,-1,1.0,0,451.8,-1.0,0,0,0,0.0,0.0,1065951.189,101202,0,0.0,0,0,0.0,0.0,0,0,0.0,0.0,0.0,0.0,0.0,None,0.0,0.0,1.0,1.0,0.0,0.0,0.0,0.0,0.0,0.0,0.0,0,0,0,0.0,0,0.0,0.0,0.0,0.0,0.0,1.0,1.0,0,0,0.0,0.0,0,0,0,0,17471.198,341605.553,1.139,0.3044886887073517,0,0,0,0,0,0,0,0,0,0,0,0,0.8,0.0,0,0,0,0,0,0,0,1,0,0,0,0.0,0,0.0,0.0,1,0.0,0,0,0.0,0,0,1,0,0.0,0,0.0,0.0,0.0,30.0,0.05,30.0,96485,0,25258,0
SRCA_landbasedwind_class3_moderate_21_anyQual_1,SRCA,LandbasedWind_Class3_Moderate_,21_anyQual_1,1418,21,1,0,1,0,0,0,0,0,0.0,0.0,0,0,0.0,0.0,0.0,0.0,0.0,-1,1.0,0,16.8,-1.0,0,0,0,0.0,0.0,1065951.189,102592,0,0.0,0,0,0.0,0.0,0,0,0.0,0.0,0.0,0.0,0.0,None,0.0,0.0,1.0,1.0,0.0,0.0,0.0,0.0,0.0,0.0,0.0,0,0,0,0.0,0,0.0,0.0,0.0,0.0,0.0,1.0,1.0,0,0,0.0,0.0,0,0,0,0,18563.951,362970.761,1.139,0.2988835573196411,0,0,0,0,0,0,0,0,0,0,0,0,0.8,0.0,0,0,0,0,0,0,0,1,0,0,0,0.0,0,0.0,0.0,1,0.0,0,0,0.0,0,0,1,0,0.0,0,0.0,0.0,0.0,30.0,0.05,30.0,97577,0,25258,0
SRCA_landbasedwind_class3_moderate_22_anyQual_1,SRCA,LandbasedWind_Class3_Moderate_,22_anyQual_1,1419,21,1,0,1,0,0,0,0,0,0.0,0.0,0,0,0.0,96.0,0.0,0.0,0.0,-1,1.0,0,96.4,-1.0,0,0,0,0.0,0.0,1065951.189,105670,142975,0.0,0,0,0.0,0.0,0,0,0.0,0.0,0.0,0.0,0.0,None,0.0,0.0,1.0,1.0,0.0,0.0,0.0,0.0,0.0,0.0,0.0,0,0,0,0.0,0,0.0,0.0,0.0,0.0,0.0,1.0,1.0,0,0,0.0,0.0,0,0,0,0,20983.682,410286.196,1.139,0.3402415215969085,0,0,0,0,0,0,0,0,0,0,0,0,0.8,0.0,0,0,0,0,0,0,0,1,0,0,0,0.0,0,0.0,0.0,1,0.0,0,0,0.0,0,0,1,0,0.0,0,0.0,0.0,0.0,30.0,0.05,30.0,99997,0,25258,0
SRCA_landbasedwind_class3_moderate_23_anyQual_1,SRCA,LandbasedWind_Class3_Moderate_,23_anyQual_1,1420,21,1,0,1,0,0,0,0,0,0.0,0.0,0,0,0.0,0.0,0.0,0.0,0.0,-1,1.0,0,41.3,-1.0,0,0,0,0.0,0.0,1065951.189,113611,0,0.0,0,0,0.0,0.0,0,0,0.0,0.0,0.0,0.0,0.0,None,0.0,0.0,1.0,1.0,0.0,0.0,0.0,0.0,0.0,0.0,0.0,0,0,0,0.0,0,0.0,0.0,0.0,0.0,0.0,1.0,1.0,0,0,0.0,0.0,0,0,0,0,27227.189,532364.976,1.139,0.3155319392681122,0,0,0,0,0,0,0,0,0,0,0,0,0.8,0.0,0,0,0,0,0,0,0,1,0,0,0,0.0,0,0.0,0.0,1,0.0,0,0,0.0,0,0,1,0,0.0,0,0.0,0.0,0.0,30.0,0.05,30.0,106241,0,25258,0
SRCA_landbasedwind_class3_moderate_24_anyQual_0,SRCA,LandbasedWind_Class3_Moderate_,24_anyQual_0,1421,21,1,0,1,0,0,0,0,0,0.0,0.0,0,0,0.0,0.0,0.0,0.0,0.0,-1,1.0,0,1301.4,-1.0,0,0,0,0.0,0.0,1065951.189,100958,0,0.0,0,0,0.0,0.0,0,0,0.0,0.0,0.0,0.0,0.0,None,0.0,0.0,1.0,1.0,0.0,0.0,0.0,0.0,0.0,0.0,0.0,0,0,0,0.0,0,0.0,0.0,0.0,0.0,0.0,1.0,1.0,0,0,0.0,0.0,0,0,0,0,17279.07,337850.586,1.139,0.2795740067958832,0,0,0,0,0,0,0,0,0,0,0,0,0.8,0.0,0,0,0,0,0,0,0,1,0,0,0,0.0,0,0.0,0.0,1,0.0,0,0,0.0,0,0,1,0,0.0,0,0.0,0.0,0.0,30.0,0.05,30.0,96293,0,25258,0
SRCA_landbasedwind_class3_moderate_25_anyQual_0,SRCA,LandbasedWind_Class3_Moderate_,25_anyQual_0,1422,21,1,0,1,0,0,0,0,0,0.0,0.0,0,0,0.0,0.0,0.0,0.0,0.0,-1,1.0,0,182.0,-1.0,0,0,0,0.0,0.0,1065951.189,101387,0,0.0,0,0,0.0,0.0,0,0,0.0,0.0,0.0,0.0,0.0,None,0.0,0.0,1.0,1.0,0.0,0.0,0.0,0.0,0.0,0.0,0.0,0,0,0,0.0,0,0.0,0.0,0.0,0.0,0.0,1.0,1.0,0,0,0.0,0.0,0,0,0,0,17616.416,344447.766,1.139,0.1849663108587265,0,0,0,0,0,0,0,0,0,0,0,0,0.8,0.0,0,0,0,0,0,0,0,1,0,0,0,0.0,0,0.0,0.0,1,0.0,0,0,0.0,0,0,1,0,0.0,0,0.0,0.0,0.0,30.0,0.05,30.0,96630,0,25258,0
SRCA_landbasedwind_class3_moderate_26_anyQual_0,SRCA,LandbasedWind_Class3_Moderate_,26_anyQual_0,1423,21,1,0,1,0,0,0,0,0,0.0,0.0,0,0,0.0,0.0,0.0,0.0,0.0,-1,1.0,0,294.0,-1.0,0,0,0,0.0,0.0,1065951.189,98185,0,0.0,0,0,0.0,0.0,0,0,0.0,0.0,0.0,0.0,0.0,None,0.0,0.0,1.0,1.0,0.0,0.0,0.0,0.0,0.0,0.0,0.0,0,0,0,0.0,0,0.0,0.0,0.0,0.0,0.0,1.0,1.0,0,0,0.0,0.0,0,0,0,0,15099.149,295230.649,1.139,0.2388386875391006,0,0,0,0,0,0,0,0,0,0,0,0,0.8,0.0,0,0,0,0,0,0,0,1,0,0,0,0.0,0,0.0,0.0,1,0.0,0,0,0.0,0,0,1,0,0.0,0,0.0,0.0,0.0,30.0,0.05,30.0,94113,0,25258,0
SRCA_landbasedwind_class3_moderate_27_anyQual_1,SRCA,LandbasedWind_Class3_Moderate_,27_anyQual_1,1424,21,1,0,1,0,0,0,0,0,0.0,0.0,0,0,0.0,0.0,0.0,0.0,0.0,-1,1.0,0,279.6,-1.0,0,0,0,0.0,0.0,1065951.189,115345,0,0.0,0,0,0.0,0.0,0,0,0.0,0.0,0.0,0.0,0.0,None,0.0,0.0,1.0,1.0,0.0,0.0,0.0,0.0,0.0,0.0,0.0,0,0,0,0.0,0,0.0,0.0,0.0,0.0,0.0,1.0,1.0,0,0,0.0,0.0,0,0,0,0,28590.568,559019.165,1.139,0.2789914309978485,0,0,0,0,0,0,0,0,0,0,0,0,0.8,0.0,0,0,0,0,0,0,0,1,0,0,0,0.0,0,0.0,0.0,1,0.0,0,0,0.0,0,0,1,0,0.0,0,0.0,0.0,0.0,30.0,0.05,30.0,107604,0,25258,0
SRCA_landbasedwind_class3_moderate_28_anyQual_1,SRCA,LandbasedWind_Class3_Moderate_,28_anyQual_1,1425,21,1,0,1,0,0,0,0,0,0.0,0.0,0,0,0.0,0.0,0.0,0.0,0.0,-1,1.0,0,148.6,-1.0,0,0,0,0.0,0.0,1065951.189,130216,0,0.0,0,0,0.0,0.0,0,0,0.0,0.0,0.0,0.0,0.0,None,0.0,0.0,1.0,1.0,0.0,0.0,0.0,0.0,0.0,0.0,0.0,0,0,0,0.0,0,0.0,0.0,0.0,0.0,0.0,1.0,1.0,0,0,0.0,0.0,0,0,0,0,40281.779,787616.328,1.139,0.2199019193649292,0,0,0,0,0,0,0,0,0,0,0,0,0.8,0.0,0,0,0,0,0,0,0,1,0,0,0,0.0,0,0.0,0.0,1,0.0,0,0,0.0,0,0,1,0,0.0,0,0.0,0.0,0.0,30.0,0.05,30.0,119295,0,25258,0
SRCA_landbasedwind_class3_moderate_29_anyQual_1,SRCA,LandbasedWind_Class3_Moderate_,29_anyQual_1,1426,21,1,0,1,0,0,0,0,0,0.0,0.0,0,0,0.0,0.0,0.0,0.0,0.0,-1,1.0,0,77.0,-1.0,0,0,0,0.0,0.0,1065951.189,132459,0,0.0,0,0,0.0,0.0,0,0,0.0,0.0,0.0,0.0,0.0,None,0.0,0.0,1.0,1.0,0.0,0.0,0.0,0.0,0.0,0.0,0.0,0,0,0,0.0,0,0.0,0.0,0.0,0.0,0.0,1.0,1.0,0,0,0.0,0.0,0,0,0,0,42045.034,822093.464,1.139,0.1655839383602142,0,0,0,0,0,0,0,0,0,0,0,0,0.8,0.0,0,0,0,0,0,0,0,1,0,0,0,0.0,0,0.0,0.0,1,0.0,0,0,0.0,0,0,1,0,0.0,0,0.0,0.0,0.0,30.0,0.05,30.0,121059,0,25258,0
SRCA_utilitypv_class1_moderate_0_anyQual_0,SRCA,UtilityPV_Class1_Moderate_,0_anyQual_0,1427,21,1,0,1,0,0,0,0,0,0.0,0.0,0,0,0.0,9960.0,0.0,0.0,0.0,-1,1.0,0,9960.7,-1.0,0,0,0,0.0,0.0,871935.36,60940,99705,0.0,0,0,0.0,0.0,0,0,0.0,0.0,0.0,0.0,0.0,None,0.0,0.0,1.0,1.0,0.0,0.0,0.0,0.0,0.0,0.0,0.0,0,0,0,0.0,0,0.0,0.0,0.0,0.0,0.0,1.0,1.0,0,0,0.0,0.0,0,0,0,0,3450.98,67475.024,0.997,0.2480711340904235,0,0,0,0,0,0,0,0,0,0,0,0,0.8,0.0,0,0,0,0,0,0,0,1,0,0,0,0.0,0,0.0,0.0,1,0.0,0,0,0.0,0,0,1,0,0.0,0,0.0,0.0,0.0,30.0,0.05,30.0,60000,0,15760,0
SRCA_utilitypv_class1_moderate_1_anyQual_0,SRCA,UtilityPV_Class1_Moderate_,1_anyQual_0,1428,21,1,0,1,0,0,0,0,0,0.0,0.0,0,0,0.0,5765.0,0.0,0.0,0.0,-1,1.0,0,17644.4,-1.0,0,0,0,0.0,0.0,871935.36,59582,98347,0.0,0,0,0.0,0.0,0,0,0.0,0.0,0.0,0.0,0.0,None,0.0,0.0,1.0,1.0,0.0,0.0,0.0,0.0,0.0,0.0,0.0,0,0,0,0.0,0,0.0,0.0,0.0,0.0,0.0,1.0,1.0,0,0,0.0,0.0,0,0,0,0,2383.408,46601.412,0.997,0.2439154386520385,0,0,0,0,0,0,0,0,0,0,0,0,0.8,0.0,0,0,0,0,0,0,0,1,0,0,0,0.0,0,0.0,0.0,1,0.0,0,0,0.0,0,0,1,0,0.0,0,0.0,0.0,0.0,30.0,0.05,30.0,58933,0,15760,0
SRCA_utilitypv_class1_moderate_2_anyQual_1,SRCA,UtilityPV_Class1_Moderate_,2_anyQual_1,1429,21,1,0,1,0,0,0,0,0,0.0,0.0,0,0,0.0,2422.0,0.0,0.0,0.0,-1,1.0,0,2422.2,-1.0,0,0,0,0.0,0.0,871935.36,59495,98259,0.0,0,0,0.0,0.0,0,0,0.0,0.0,0.0,0.0,0.0,None,0.0,0.0,1.0,1.0,0.0,0.0,0.0,0.0,0.0,0.0,0.0,0,0,0,0.0,0,0.0,0.0,0.0,0.0,0.0,1.0,1.0,0,0,0.0,0.0,0,0,0,0,2315.169,45267.172,0.997,0.2448647022247314,0,0,0,0,0,0,0,0,0,0,0,0,0.8,0.0,0,0,0,0,0,0,0,1,0,0,0,0.0,0,0.0,0.0,1,0.0,0,0,0.0,0,0,1,0,0.0,0,0.0,0.0,0.0,30.0,0.05,30.0,58865,0,15760,0
SRCA_utilitypv_class1_moderate_3_anyQual_0,SRCA,UtilityPV_Class1_Moderate_,3_anyQual_0,1430,21,1,0,1,0,0,0,0,0,0.0,0.0,0,0,0.0,0.0,0.0,0.0,0.0,-1,1.0,0,16393.0,-1.0,0,0,0,0.0,0.0,871935.36,63445,0,0.0,0,0,0.0,0.0,0,0,0.0,0.0,0.0,0.0,0.0,None,0.0,0.0,1.0,1.0,0.0,0.0,0.0,0.0,0.0,0.0,0.0,0,0,0,0.0,0,0.0,0.0,0.0,0.0,0.0,1.0,1.0,0,0,0.0,0.0,0,0,0,0,5420.783,105989.447,0.997,0.2460808604955673,0,0,0,0,0,0,0,0,0,0,0,0,0.8,0.0,0,0,0,0,0,0,0,1,0,0,0,0.0,0,0.0,0.0,1,0.0,0,0,0.0,0,0,1,0,0.0,0,0.0,0.0,0.0,30.0,0.05,30.0,61970,0,15760,0
SRCA_utilitypv_class1_moderate_4_anyQual_0,SRCA,UtilityPV_Class1_Moderate_,4_anyQual_0,1431,21,1,0,1,0,0,0,0,0,0.0,0.0,0,0,0.0,0.0,0.0,0.0,0.0,-1,1.0,0,10625.7,-1.0,0,0,0,0.0,0.0,871935.36,62168,0,0.0,0,0,0.0,0.0,0,0,0.0,0.0,0.0,0.0,0.0,None,0.0,0.0,1.0,1.0,0.0,0.0,0.0,0.0,0.0,0.0,0.0,0,0,0,0.0,0,0.0,0.0,0.0,0.0,0.0,1.0,1.0,0,0,0.0,0.0,0,0,0,0,4416.574,86354.724,0.997,0.2428765296936035,0,0,0,0,0,0,0,0,0,0,0,0,0.8,0.0,0,0,0,0,0,0,0,1,0,0,0,0.0,0,0.0,0.0,1,0.0,0,0,0.0,0,0,1,0,0.0,0,0.0,0.0,0.0,30.0,0.05,30.0,60966,0,15760,0
SRCA_utilitypv_class1_moderate_5_anyQual_1,SRCA,UtilityPV_Class1_Moderate_,5_anyQual_1,1432,21,1,0,1,0,0,0,0,0,0.0,0.0,0,0,0.0,0.0,0.0,0.0,0.0,-1,1.0,0,2976.8,-1.0,0,0,0,0.0,0.0,871935.36,62594,0,0.0,0,0,0.0,0.0,0,0,0.0,0.0,0.0,0.0,0.0,None,0.0,0.0,1.0,1.0,0.0,0.0,0.0,0.0,0.0,0.0,0.0,0,0,0,0.0,0,0.0,0.0,0.0,0.0,0.0,1.0,1.0,0,0,0.0,0.0,0,0,0,0,4751.727,92907.781,0.997,0.2438062727451324,0,0,0,0,0,0,0,0,0,0,0,0,0.8,0.0,0,0,0,0,0,0,0,1,0,0,0,0.0,0,0.0,0.0,1,0.0,0,0,0.0,0,0,1,0,0.0,0,0.0,0.0,0.0,30.0,0.05,30.0,61301,0,15760,0
SRCA_utilitypv_class1_moderate_6_anyQual_0,SRCA,UtilityPV_Class1_Moderate_,6_anyQual_0,1433,21,1,0,1,0,0,0,0,0,0.0,0.0,0,0,0.0,0.0,0.0,0.0,0.0,-1,1.0,0,24019.7,-1.0,0,0,0,0.0,0.0,871935.36,66521,0,0.0,0,0,0.0,0.0,0,0,0.0,0.0,0.0,0.0,0.0,None,0.0,0.0,1.0,1.0,0.0,0.0,0.0,0.0,0.0,0.0,0.0,0,0,0,0.0,0,0.0,0.0,0.0,0.0,0.0,1.0,1.0,0,0,0.0,0.0,0,0,0,0,7839.213,153275.625,0.997,0.2431791573762893,0,0,0,0,0,0,0,0,0,0,0,0,0.8,0.0,0,0,0,0,0,0,0,1,0,0,0,0.0,0,0.0,0.0,1,0.0,0,0,0.0,0,0,1,0,0.0,0,0.0,0.0,0.0,30.0,0.05,30.0,64389,0,15760,0
SRCA_utilitypv_class1_moderate_7_anyQual_0,SRCA,UtilityPV_Class1_Moderate_,7_anyQual_0,1434,21,1,0,1,0,0,0,0,0,0.0,0.0,0,0,0.0,0.0,0.0,0.0,0.0,-1,1.0,0,4201.6,-1.0,0,0,0,0.0,0.0,871935.36,67404,0,0.0,0,0,0.0,0.0,0,0,0.0,0.0,0.0,0.0,0.0,None,0.0,0.0,1.0,1.0,0.0,0.0,0.0,0.0,0.0,0.0,0.0,0,0,0,0.0,0,0.0,0.0,0.0,0.0,0.0,1.0,1.0,0,0,0.0,0.0,0,0,0,0,8533.124,166843.271,0.997,0.2464142888784408,0,0,0,0,0,0,0,0,0,0,0,0,0.8,0.0,0,0,0,0,0,0,0,1,0,0,0,0.0,0,0.0,0.0,1,0.0,0,0,0.0,0,0,1,0,0.0,0,0.0,0.0,0.0,30.0,0.05,30.0,65083,0,15760,0
SRCA_utilitypv_class1_moderate_8_anyQual_1,SRCA,UtilityPV_Class1_Moderate_,8_anyQual_1,1435,21,1,0,1,0,0,0,0,0,0.0,0.0,0,0,0.0,0.0,0.0,0.0,0.0,-1,1.0,0,1775.8,-1.0,0,0,0,0.0,0.0,871935.36,66000,0,0.0,0,0,0.0,0.0,0,0,0.0,0.0,0.0,0.0,0.0,None,0.0,0.0,1.0,1.0,0.0,0.0,0.0,0.0,0.0,0.0,0.0,0,0,0,0.0,0,0.0,0.0,0.0,0.0,0.0,1.0,1.0,0,0,0.0,0.0,0,0,0,0,7429.218,145259.233,0.997,0.2433815449476242,0,0,0,0,0,0,0,0,0,0,0,0,0.8,0.0,0,0,0,0,0,0,0,1,0,0,0,0.0,0,0.0,0.0,1,0.0,0,0,0.0,0,0,1,0,0.0,0,0.0,0.0,0.0,30.0,0.05,30.0,63979,0,15760,0
SRCA_utilitypv_class1_moderate_9_anyQual_0,SRCA,UtilityPV_Class1_Moderate_,9_anyQual_0,1436,21,1,0,1,0,0,0,0,0,0.0,0.0,0,0,0.0,0.0,0.0,0.0,0.0,-1,1.0,0,11994.5,-1.0,0,0,0,0.0,0.0,871935.36,70267,0,0.0,0,0,0.0,0.0,0,0,0.0,0.0,0.0,0.0,0.0,None,0.0,0.0,1.0,1.0,0.0,0.0,0.0,0.0,0.0,0.0,0.0,0,0,0,0.0,0,0.0,0.0,0.0,0.0,0.0,1.0,1.0,0,0,0.0,0.0,0,0,0,0,10784.41,210861.371,0.997,0.2452223300933838,0,0,0,0,0,0,0,0,0,0,0,0,0.8,0.0,0,0,0,0,0,0,0,1,0,0,0,0.0,0,0.0,0.0,1,0.0,0,0,0.0,0,0,1,0,0.0,0,0.0,0.0,0.0,30.0,0.05,30.0,67334,0,15760,0
SRCA_utilitypv_class1_moderate_10_anyQual_0,SRCA,UtilityPV_Class1_Moderate_,10_anyQual_0,1437,21,1,0,1,0,0,0,0,0,0.0,0.0,0,0,0.0,0.0,0.0,0.0,0.0,-1,1.0,0,17477.7,-1.0,0,0,0,0.0,0.0,871935.36,69272,0,0.0,0,0,0.0,0.0,0,0,0.0,0.0,0.0,0.0,0.0,None,0.0,0.0,1.0,1.0,0.0,0.0,0.0,0.0,0.0,0.0,0.0,0,0,0,0.0,0,0.0,0.0,0.0,0.0,0.0,1.0,1.0,0,0,0.0,0.0,0,0,0,0,10001.681,195557.121,0.997,0.2429772913455963,0,0,0,0,0,0,0,0,0,0,0,0,0.8,0.0,0,0,0,0,0,0,0,1,0,0,0,0.0,0,0.0,0.0,1,0.0,0,0,0.0,0,0,1,0,0.0,0,0.0,0.0,0.0,30.0,0.05,30.0,66551,0,15760,0
SRCA_utilitypv_class1_moderate_11_anyQual_1,SRCA,UtilityPV_Class1_Moderate_,11_anyQual_1,1438,21,1,0,1,0,0,0,0,0,0.0,0.0,0,0,0.0,0.0,0.0,0.0,0.0,-1,1.0,0,531.4,-1.0,0,0,0,0.0,0.0,871935.36,69100,0,0.0,0,0,0.0,0.0,0,0,0.0,0.0,0.0,0.0,0.0,None,0.0,0.0,1.0,1.0,0.0,0.0,0.0,0.0,0.0,0.0,0.0,0,0,0,0.0,0,0.0,0.0,0.0,0.0,0.0,1.0,1.0,0,0,0.0,0.0,0,0,0,0,9866.529,192915.406,0.997,0.2432028353214264,0,0,0,0,0,0,0,0,0,0,0,0,0.8,0.0,0,0,0,0,0,0,0,1,0,0,0,0.0,0,0.0,0.0,1,0.0,0,0,0.0,0,0,1,0,0.0,0,0.0,0.0,0.0,30.0,0.05,30.0,66416,0,15760,0
SRCA_utilitypv_class1_moderate_12_anyQual_0,SRCA,UtilityPV_Class1_Moderate_,12_anyQual_0,1439,21,1,0,1,0,0,0,0,0,0.0,0.0,0,0,0.0,0.0,0.0,0.0,0.0,-1,1.0,0,16228.9,-1.0,0,0,0,0.0,0.0,871935.36,72400,0,0.0,0,0,0.0,0.0,0,0,0.0,0.0,0.0,0.0,0.0,None,0.0,0.0,1.0,1.0,0.0,0.0,0.0,0.0,0.0,0.0,0.0,0,0,0,0.0,0,0.0,0.0,0.0,0.0,0.0,1.0,1.0,0,0,0.0,0.0,0,0,0,0,12461.406,243651.52,0.997,0.2444207817316055,0,0,0,0,0,0,0,0,0,0,0,0,0.8,0.0,0,0,0,0,0,0,0,1,0,0,0,0.0,0,0.0,0.0,1,0.0,0,0,0.0,0,0,1,0,0.0,0,0.0,0.0,0.0,30.0,0.05,30.0,69011,0,15760,0
SRCA_utilitypv_class1_moderate_13_anyQual_0,SRCA,UtilityPV_Class1_Moderate_,13_anyQual_0,1440,21,1,0,1,0,0,0,0,0,0.0,0.0,0,0,0.0,0.0,0.0,0.0,0.0,-1,1.0,0,11466.1,-1.0,0,0,0,0.0,0.0,871935.36,71655,0,0.0,0,0,0.0,0.0,0,0,0.0,0.0,0.0,0.0,0.0,None,0.0,0.0,1.0,1.0,0.0,0.0,0.0,0.0,0.0,0.0,0.0,0,0,0,0.0,0,0.0,0.0,0.0,0.0,0.0,1.0,1.0,0,0,0.0,0.0,0,0,0,0,11875.519,232195.468,0.997,0.2423101812601089,0,0,0,0,0,0,0,0,0,0,0,0,0.8,0.0,0,0,0,0,0,0,0,1,0,0,0,0.0,0,0.0,0.0,1,0.0,0,0,0.0,0,0,1,0,0.0,0,0.0,0.0,0.0,30.0,0.05,30.0,68425,0,15760,0
SRCA_utilitypv_class1_moderate_14_anyQual_1,SRCA,UtilityPV_Class1_Moderate_,14_anyQual_1,1441,21,1,0,1,0,0,0,0,0,0.0,0.0,0,0,0.0,0.0,0.0,0.0,0.0,-1,1.0,0,2295.0,-1.0,0,0,0,0.0,0.0,871935.36,72345,0,0.0,0,0,0.0,0.0,0,0,0.0,0.0,0.0,0.0,0.0,None,0.0,0.0,1.0,1.0,0.0,0.0,0.0,0.0,0.0,0.0,0.0,0,0,0,0.0,0,0.0,0.0,0.0,0.0,0.0,1.0,1.0,0,0,0.0,0.0,0,0,0,0,12417.507,242793.006,0.997,0.2435563653707504,0,0,0,0,0,0,0,0,0,0,0,0,0.8,0.0,0,0,0,0,0,0,0,1,0,0,0,0.0,0,0.0,0.0,1,0.0,0,0,0.0,0,0,1,0,0.0,0,0.0,0.0,0.0,30.0,0.05,30.0,68967,0,15760,0
SRCA_offshorewind_class3_moderate_fixed_1_1,SRCA,OffShoreWind_Class3_Moderate_fixed_1,1,1442,21,1,0,1,0,0,0,0,0,0.0,0.0,0,0,0.0,0.0,0.0,0.0,0.0,-1,1.0,0,6362.7,-1.0,0,0,0,0.0,0.0,2642898.3,241824,0,0.0,0,0,0.0,0.0,0,0,0.0,0.0,0.0,0.0,0.0,None,0.0,0.0,1.0,1.0,0.0,0.0,0.0,0.0,0.0,0.0,0.0,0,0,0,0.0,0,0.0,0.0,0.0,0.0,0.0,1.0,1.0,0,0,0.0,0.0,0,0,0,0,68472.809,1338819.79,0.9,0.4080370962619781,0,0,0,0,0,0,0,0,0,0,0,0,0.8,0.0,0,0,0,0,0,0,0,1,0,0,0,0.0,0,0.0,0.0,1,0.0,1,0,0.0,0,0,1,0,0.0,0,0.0,0.0,0.0,30.0,0.05,30.0,223191,0,82811,0
SRCA_offshorewind_class3_moderate_fixed_1_2,SRCA,OffShoreWind_Class3_Moderate_fixed_1,2,1443,21,1,0,1,0,0,0,0,0,0.0,0.0,0,0,0.0,0.0,0.0,0.0,0.0,-1,1.0,0,6400.0,-1.0,0,0,0,0.0,0.0,2642898.3,248043,0,0.0,0,0,0.0,0.0,0,0,0.0,0.0,0.0,0.0,0.0,None,0.0,0.0,1.0,1.0,0.0,0.0,0.0,0.0,0.0,0.0,0.0,0,0,0,0.0,0,0.0,0.0,0.0,0.0,0.0,1.0,1.0,0,0,0.0,0.0,0,0,0,0,73362.351,1434421.89,0.9,0.4080058634281158,0,0,0,0,0,0,0,0,0,0,0,0,0.8,0.0,0,0,0,0,0,0,0,1,0,0,0,0.0,0,0.0,0.0,1,0.0,1,0,0.0,0,0,1,0,0.0,0,0.0,0.0,0.0,30.0,0.05,30.0,228081,0,82811,0
SRCA_offshorewind_class3_moderate_fixed_1_3,SRCA,OffShoreWind_Class3_Moderate_fixed_1,3,1444,21,1,0,1,0,0,0,0,0,0.0,0.0,0,0,0.0,0.0,0.0,0.0,0.0,-1,1.0,0,6274.5,-1.0,0,0,0,0.0,0.0,2642898.3,257465,0,0.0,0,0,0.0,0.0,0,0,0.0,0.0,0.0,0.0,0.0,None,0.0,0.0,1.0,1.0,0.0,0.0,0.0,0.0,0.0,0.0,0.0,0,0,0,0.0,0,0.0,0.0,0.0,0.0,0.0,1.0,1.0,0,0,0.0,0.0,0,0,0,0,80770.082,1579256.081,0.9,0.4125497341156006,0,0,0,0,0,0,0,0,0,0,0,0,0.8,0.0,0,0,0,0,0,0,0,1,0,0,0,0.0,0,0.0,0.0,1,0.0,1,0,0.0,0,0,1,0,0.0,0,0.0,0.0,0.0,30.0,0.05,30.0,235489,0,82811,0
SRCA_offshorewind_class3_moderate_fixed_0_1,SRCA,OffShoreWind_Class3_Moderate_fixed_0,1,1445,21,1,0,1,0,0,0,0,0,0.0,0.0,0,0,0.0,0.0,0.0,0.0,0.0,-1,1.0,0,10294.5,-1.0,0,0,0,0.0,0.0,2642898.3,244943,0,0.0,0,0,0.0,0.0,0,0,0.0,0.0,0.0,0.0,0.0,None,0.0,0.0,1.0,1.0,0.0,0.0,0.0,0.0,0.0,0.0,0.0,0,0,0,0.0,0,0.0,0.0,0.0,0.0,0.0,1.0,1.0,0,0,0.0,0.0,0,0,0,0,70925.088,1386763.01,0.9,0.4242382645606994,0,0,0,0,0,0,0,0,0,0,0,0,0.8,0.0,0,0,0,0,0,0,0,1,0,0,0,0.0,0,0.0,0.0,1,0.0,1,0,0.0,0,0,1,0,0.0,0,0.0,0.0,0.0,30.0,0.05,30.0,225644,0,82811,0
SRCA_offshorewind_class3_moderate_fixed_0_2,SRCA,OffShoreWind_Class3_Moderate_fixed_0,2,1446,21,1,0,1,0,0,0,0,0,0.0,0.0,0,0,0.0,0.0,0.0,0.0,0.0,-1,1.0,0,10223.2,-1.0,0,0,0,0.0,0.0,2642898.3,254035,0,0.0,0,0,0.0,0.0,0,0,0.0,0.0,0.0,0.0,0.0,None,0.0,0.0,1.0,1.0,0.0,0.0,0.0,0.0,0.0,0.0,0.0,0,0,0,0.0,0,0.0,0.0,0.0,0.0,0.0,1.0,1.0,0,0,0.0,0.0,0,0,0,0,78073.297,1526528.718,0.9,0.4189475774765014,0,0,0,0,0,0,0,0,0,0,0,0,0.8,0.0,0,0,0,0,0,0,0,1,0,0,0,0.0,0,0.0,0.0,1,0.0,1,0,0.0,0,0,1,0,0.0,0,0.0,0.0,0.0,30.0,0.05,30.0,232792,0,82811,0
SRCA_offshorewind_class3_moderate_fixed_0_3,SRCA,OffShoreWind_Class3_Moderate_fixed_0,3,1447,21,1,0,1,0,0,0,0,0,0.0,0.0,0,0,0.0,0.0,0.0,0.0,0.0,-1,1.0,0,10242.1,-1.0,0,0,0,0.0,0.0,2642898.3,259607,0,0.0,0,0,0.0,0.0,0,0,0.0,0.0,0.0,0.0,0.0,None,0.0,0.0,1.0,1.0,0.0,0.0,0.0,0.0,0.0,0.0,0.0,0,0,0,0.0,0,0.0,0.0,0.0,0.0,0.0,1.0,1.0,0,0,0.0,0.0,0,0,0,0,82454.21,1612183.294,0.9,0.4110811352729797,0,0,0,0,0,0,0,0,0,0,0,0,0.8,0.0,0,0,0,0,0,0,0,1,0,0,0,0.0,0,0.0,0.0,1,0.0,1,0,0.0,0,0,1,0,0.0,0,0.0,0.0,0.0,30.0,0.05,30.0,237173,0,82811,0
SRCA_offshorewind_class12_moderate_floating_0_1,SRCA,OffShoreWind_Class12_Moderate_floating_0,1,1448,21,1,0,1,0,0,0,0,0,0.0,0.0,0,0,0.0,0.0,0.0,0.0,0.0,-1,1.0,0,1327.5,-1.0,0,0,0,0.0,0.0,4211164.784,360622,0,0.0,0,0,0.0,0.0,0,0,0.0,0.0,0.0,0.0,0.0,None,0.0,0.0,1.0,1.0,0.0,0.0,0.0,0.0,0.0,0.0,0.0,0,0,0,0.0,0,0.0,0.0,0.0,0.0,0.0,1.0,1.0,0,0,0.0,0.0,0,0,0,0,89686.744,1753597.932,0.9,0.4248350858688354,0,0,0,0,0,0,0,0,0,0,0,0,0.8,0.0,0,0,0,0,0,0,0,1,0,0,0,0.0,0,0.0,0.0,1,0.0,1,0,0.0,0,0,1,0,0.0,0,0.0,0.0,0.0,30.0,0.05,30.0,336213,0,72317,0
SRCA_offshorewind_class12_moderate_floating_0_2,SRCA,OffShoreWind_Class12_Moderate_floating_0,2,1449,21,1,0,1,0,0,0,0,0,0.0,0.0,0,0,0.0,0.0,0.0,0.0,0.0,-1,1.0,0,1309.3,-1.0,0,0,0,0.0,0.0,4211164.784,366477,0,0.0,0,0,0.0,0.0,0,0,0.0,0.0,0.0,0.0,0.0,None,0.0,0.0,1.0,1.0,0.0,0.0,0.0,0.0,0.0,0.0,0.0,0,0,0,0.0,0,0.0,0.0,0.0,0.0,0.0,1.0,1.0,0,0,0.0,0.0,0,0,0,0,94289.612,1843597.464,0.9,0.4084586799144745,0,0,0,0,0,0,0,0,0,0,0,0,0.8,0.0,0,0,0,0,0,0,0,1,0,0,0,0.0,0,0.0,0.0,1,0.0,1,0,0.0,0,0,1,0,0.0,0,0.0,0.0,0.0,30.0,0.05,30.0,340816,0,72317,0
SRCA_offshorewind_class12_moderate_floating_0_3,SRCA,OffShoreWind_Class12_Moderate_floating_0,3,1450,21,1,0,1,0,0,0,0,0,0.0,0.0,0,0,0.0,0.0,0.0,0.0,0.0,-1,1.0,0,1157.0,-1.0,0,0,0,0.0,0.0,4211164.784,370108,0,0.0,0,0,0.0,0.0,0,0,0.0,0.0,0.0,0.0,0.0,None,0.0,0.0,1.0,1.0,0.0,0.0,0.0,0.0,0.0,0.0,0.0,0,0,0,0.0,0,0.0,0.0,0.0,0.0,0.0,1.0,1.0,0,0,0.0,0.0,0,0,0,0,97144.7,1899414.411,0.9,0.4086631536483764,0,0,0,0,0,0,0,0,0,0,0,0,0.8,0.0,0,0,0,0,0,0,0,1,0,0,0,0.0,0,0.0,0.0,1,0.0,1,0,0.0,0,0,1,0,0.0,0,0.0,0.0,0.0,30.0,0.05,30.0,343671,0,72317,0
SRCE_naturalgas_hframe_cc_95_ccs_moderate_0,SRCE,NaturalGas_H-Frame CC 95% CCS_Moderate,0,1451,22,0,1,0,0,0,0,0,0,0.0,0.0,0,0,0.0,6321.0,0.0,0.0,0.0,-1,500.0,0,-1.0,-1.0,0,0,0,0.0,0.0,1943268.308,124648,198633,0.0,0,0,7.67,0.0,0,0,106.0,2.0,6.78,0.0,0.0,east_south_central_naturalgas_ccs95,0.6,0.0,1.0,1.0,0.0,0.0,0.0,0.106666667,0.213333333,0.0,0.0,0,0,0,0.95,27,1469.015,17226.965,12.011,0.342,4.106,0.64,0.64,6,6,10.0,42220.0,0,0,0,0,0.0,0.0,0.964,0.0,0,0,0,0,0,0,0,0,0,0,0,0,0.93,0.0,0,0,0,0,0,0,0,0,0,0,0,0.0,0,0.0,0.0,1,0.0,0,0,0.0,0,0,0,0,0.0,0,0.0,0.0,0.0,30.0,0.05,30.0,125363,0,46282,0
SRCE_naturalgas_hframe_cc_moderate_0,SRCE,NaturalGas_H-Frame CC_Moderate,0,1452,22,0,1,0,0,0,0,0,0,0.0,0.0,0,0,0.0,2298.0,0.0,0.0,0.0,-1,500.0,0,-1.0,-1.0,0,0,0,0.0,0.0,1096691.96,70093,103901,0.0,0,0,1.72,0.0,0,0,106.0,2.0,6.09,0.0,0.0,east_south_central_naturalgas,0.3,0.0,1.0,1.0,0.0,0.0,0.0,0.0,0.0,0.0,0.0,0,0,0,0.0,0,0.0,0.0,0.0,0.0,0.0,0.64,0.64,6,6,10.0,42220.0,0,0,0,0,0.0,0.0,0.944,0.0,0,0,0,0,0,0,0,0,0,0,0,0,0.93,0.0,0,0,0,0,0,0,0,0,0,0,0,0.0,0,0.0,0.0,0,0.0,0,0,0.0,0,0,0,0,0.0,0,0.0,0.0,0.0,30.0,0.05,30.0,69386,0,26266,0
SRCE_naturalgas_fframe_ct_moderate_0,SRCE,NaturalGas_F-Frame CT_Moderate,0,1453,22,0,1,0,0,0,0,0,0,0.0,0.0,0,0,0.0,0.0,0.0,0.0,0.0,-1,100.0,0,-1.0,-1.0,0,0,0,0.0,0.0,977045.463,63000,0,0.0,0,0,6.15,0.0,0,0,137.0,3.5,9.72,0.0,0.0,east_south_central_naturalgas,0.3,0.0,1.0,1.0,0.0,0.0,0.0,0.0,0.0,0.0,0.0,0,0,0,0.0,0,0.0,0.0,0.0,0.0,0.0,3.78,3.78,1,1,10.0,42220.0,0,0,0,0,0.0,0.0,0.948,0.0,0,0,0,0,0,0,0,0,0,0,0,0,0.93,0.0,0,0,0,0,0,0,0,0,0,0,0,0.0,0,0.0,0.0,0,0.0,0,0,0.0,0,0,0,0,0.0,0,0.0,0.0,0.0,30.0,0.05,30.0,62255,0,21509,0
SRCE_battery_moderate_0,SRCE,Battery_*_Moderate,0,1454,22,0,0,0,0,1,0,0,0,0.0,0.0,0,0,0.0,0.0,0.0,0.0,0.0,-1,1.0,0,-1.0,-1.0,0,0,0,0.0,0.0,274910.679,27174,0,205428.952,20306,0,0.15,0.15,0,0,0.0,0.0,0.0,0.0,0.0,None,0.0,0.0,0.92,0.92,0.0,1.0,10.0,0.0,0.0,0.0,0.0,0,0,0,0.0,0,0.0,0.0,0.0,0.0,0.0,1.0,1.0,0,0,0.0,0.0,0,0,0,0,0.0,0.0,1.026,0.0,0,0,0,0,0,0,0,0,0,0,0,0,0.95,0.0,0,0,0,0,0,0,0,0,0,0,0,0.0,0,0.0,0.0,0,0.0,0,0,0.0,0,0,0,0,0.0,0,0.0,0.0,0.0,15.0,0.05,15.0,27174,20306,6872,5135
SRCE_nuclear_nuclear_moderate_0,SRCE,Nuclear_Nuclear_Moderate,0,1455,22,0,1,0,0,0,0,0,0,0.0,0.0,0,0,0.0,0.0,0.0,0.0,0.0,-1,2000.0,0,-1.0,-1.0,0,0,0,0.0,0.0,7229469.526,441628,0,0.0,0,0,2.36,0.0,0,0,285.0,0.0,10.45,0.0,0.0,east_south_central_uranium,0.5,0.0,1.0,1.0,0.0,0.0,0.0,0.041666667,0.083333333,0.0,0.0,0,0,0,0.0,0,0.0,0.0,0.0,0.0,0.0,0.25,0.25,24,24,50.0,211100.0,0,0,0,0,0.0,0.0,1.019,0.0,0,0,0,0,0,0,0,0,0,0,0,0,0.93,0.0,0,0,0,0,0,0,0,0,0,0,0,0.0,0,0.0,0.0,1,0.0,0,0,0.0,0,0,0,0,0.0,0,0.0,0.0,0.0,40.0,0.05,40.0,439436,0,145294,0
SRCE_hydrogen_fframe_ct_moderate_0,SRCE,Hydrogen_F-Frame CT_Moderate,0,1456,22,0,1,0,0,0,0,0,0,0.0,0.0,0,0,0.0,0.0,0.0,0.0,0.0,-1,100.0,0,-1.0,-1.0,0,0,0,0.0,0.0,1074750.009,66279,0,0.0,0,0,6.15,0.0,0,0,137.0,3.5,9.72,0.0,0.0,hydrogen,0.3,0.0,1.0,1.0,0.0,0.0,0.0,0.0,0.0,0.0,0.0,0,0,0,0.0,0,0.0,0.0,0.0,0.0,0.0,3.78,3.78,1,1,0.0,0.0,0,0,0,0,0.0,0.0,0.948,0.0,0,0,0,0,0,0,0,0,0,0,0,0,0.93,0.0,0,0,0,0,0,0,0,0,0,0,0,0.0,0,0.0,0.0,1,0.0,0,0,0.0,0,0,0,0,0.0,0,0.0,0.0,0.0,30.0,0.05,30.0,66270,0,21509,0
SRCE_hydrogen_hframe_cc_moderate_0,SRCE,Hydrogen_H-Frame CC_Moderate,0,1457,22,0,1,0,0,0,0,0,0,0.0,0.0,0,0,0.0,0.0,0.0,0.0,0.0,-1,500.0,0,-1.0,-1.0,0,0,0,0.0,0.0,1206361.156,74081,0,0.0,0,0,1.72,0.0,0,0,106.0,2.0,6.09,0.0,0.0,hydrogen,0.3,0.0,1.0,1.0,0.0,0.0,0.0,0.0,0.0,0.0,0.0,0,0,0,0.0,0,0.0,0.0,0.0,0.0,0.0,0.64,0.64,6,6,0.0,0.0,0,0,0,0,0.0,0.0,0.944,0.0,0,0,0,0,0,0,0,0,0,0,0,0,0.93,0.0,0,0,0,0,0,0,0,0,0,0,0,0.0,0,0.0,0.0,1,0.0,0,0,0.0,0,0,0,0,0.0,0,0.0,0.0,0.0,30.0,0.05,30.0,74115,0,26266,0
SRCE_utilitypv_class1_moderate_0_anyQual_0,SRCE,UtilityPV_Class1_Moderate_,0_anyQual_0,1458,22,1,0,1,0,0,0,0,0,0.0,0.0,0,0,0.0,5636.0,0.0,0.0,0.0,-1,1.0,0,10479.2,-1.0,0,0,0,0.0,0.0,871935.36,56938,95040,0.0,0,0,0.0,0.0,0,0,0.0,0.0,0.0,0.0,0.0,None,0.0,0.0,1.0,1.0,0.0,0.0,0.0,0.0,0.0,0.0,0.0,0,0,0,0.0,0,0.0,0.0,0.0,0.0,0.0,1.0,1.0,0,0,0.0,0.0,0,0,0,0,1820.629,35597.714,0.963,0.2481492608785629,0,0,0,0,0,0,0,0,0,0,0,0,0.8,0.0,0,0,0,0,0,0,0,1,0,0,0,0.0,0,0.0,0.0,1,0.0,0,0,0.0,0,0,1,0,0.0,0,0.0,0.0,0.0,30.0,0.05,30.0,56452,0,15760,0
SRCE_utilitypv_class1_moderate_1_anyQual_0,SRCE,UtilityPV_Class1_Moderate_,1_anyQual_0,1459,22,1,0,1,0,0,0,0,0,0.0,0.0,0,0,0.0,9649.0,0.0,0.0,0.0,-1,1.0,0,9650.2,-1.0,0,0,0,0.0,0.0,871935.36,57635,95737,0.0,0,0,0.0,0.0,0,0,0.0,0.0,0.0,0.0,0.0,None,0.0,0.0,1.0,1.0,0.0,0.0,0.0,0.0,0.0,0.0,0.0,0,0,0,0.0,0,0.0,0.0,0.0,0.0,0.0,1.0,1.0,0,0,0.0,0.0,0,0,0,0,2368.922,46318.16,0.963,0.2515356838703155,0,0,0,0,0,0,0,0,0,0,0,0,0.8,0.0,0,0,0,0,0,0,0,1,0,0,0,0.0,0,0.0,0.0,1,0.0,0,0,0.0,0,0,1,0,0.0,0,0.0,0.0,0.0,30.0,0.05,30.0,57000,0,15760,0
SRCE_utilitypv_class1_moderate_2_anyQual_1,SRCE,UtilityPV_Class1_Moderate_,2_anyQual_1,1460,22,1,0,1,0,0,0,0,0,0.0,0.0,0,0,0.0,9893.0,0.0,0.0,0.0,-1,1.0,0,9894.0,-1.0,0,0,0,0.0,0.0,871935.36,57378,95479,0.0,0,0,0.0,0.0,0,0,0.0,0.0,0.0,0.0,0.0,None,0.0,0.0,1.0,1.0,0.0,0.0,0.0,0.0,0.0,0.0,0.0,0,0,0,0.0,0,0.0,0.0,0.0,0.0,0.0,1.0,1.0,0,0,0.0,0.0,0,0,0,0,2166.836,42366.895,0.963,0.2506740093231201,0,0,0,0,0,0,0,0,0,0,0,0,0.8,0.0,0,0,0,0,0,0,0,1,0,0,0,0.0,0,0.0,0.0,1,0.0,0,0,0.0,0,0,1,0,0.0,0,0.0,0.0,0.0,30.0,0.05,30.0,56798,0,15760,0
SRCE_utilitypv_class1_moderate_3_anyQual_0,SRCE,UtilityPV_Class1_Moderate_,3_anyQual_0,1461,22,1,0,1,0,0,0,0,0,0.0,0.0,0,0,0.0,0.0,0.0,0.0,0.0,-1,1.0,0,19754.8,-1.0,0,0,0,0.0,0.0,871935.36,59183,0,0.0,0,0,0.0,0.0,0,0,0.0,0.0,0.0,0.0,0.0,None,0.0,0.0,1.0,1.0,0.0,0.0,0.0,0.0,0.0,0.0,0.0,0,0,0,0.0,0,0.0,0.0,0.0,0.0,0.0,1.0,1.0,0,0,0.0,0.0,0,0,0,0,3585.828,70111.627,0.963,0.2495735585689544,0,0,0,0,0,0,0,0,0,0,0,0,0.8,0.0,0,0,0,0,0,0,0,1,0,0,0,0.0,0,0.0,0.0,1,0.0,0,0,0.0,0,0,1,0,0.0,0,0.0,0.0,0.0,30.0,0.05,30.0,58217,0,15760,0
SRCE_utilitypv_class1_moderate_4_anyQual_1,SRCE,UtilityPV_Class1_Moderate_,4_anyQual_1,1462,22,1,0,1,0,0,0,0,0,0.0,0.0,0,0,0.0,0.0,0.0,0.0,0.0,-1,1.0,0,10346.7,-1.0,0,0,0,0.0,0.0,871935.36,60018,0,0.0,0,0,0.0,0.0,0,0,0.0,0.0,0.0,0.0,0.0,None,0.0,0.0,1.0,1.0,0.0,0.0,0.0,0.0,0.0,0.0,0.0,0,0,0,0.0,0,0.0,0.0,0.0,0.0,0.0,1.0,1.0,0,0,0.0,0.0,0,0,0,0,4242.203,82945.358,0.963,0.2515229880809784,0,0,0,0,0,0,0,0,0,0,0,0,0.8,0.0,0,0,0,0,0,0,0,1,0,0,0,0.0,0,0.0,0.0,1,0.0,0,0,0.0,0,0,1,0,0.0,0,0.0,0.0,0.0,30.0,0.05,30.0,58874,0,15760,0
SRCE_utilitypv_class1_moderate_5_anyQual_0,SRCE,UtilityPV_Class1_Moderate_,5_anyQual_0,1463,22,1,0,1,0,0,0,0,0,0.0,0.0,0,0,0.0,0.0,0.0,0.0,0.0,-1,1.0,0,10434.2,-1.0,0,0,0,0.0,0.0,871935.36,60118,0,0.0,0,0,0.0,0.0,0,0,0.0,0.0,0.0,0.0,0.0,None,0.0,0.0,1.0,1.0,0.0,0.0,0.0,0.0,0.0,0.0,0.0,0,0,0,0.0,0,0.0,0.0,0.0,0.0,0.0,1.0,1.0,0,0,0.0,0.0,0,0,0,0,4321.113,84488.239,0.963,0.2478316724300384,0,0,0,0,0,0,0,0,0,0,0,0,0.8,0.0,0,0,0,0,0,0,0,1,0,0,0,0.0,0,0.0,0.0,1,0.0,0,0,0.0,0,0,1,0,0.0,0,0.0,0.0,0.0,30.0,0.05,30.0,58953,0,15760,0
SRCE_utilitypv_class1_moderate_6_anyQual_0,SRCE,UtilityPV_Class1_Moderate_,6_anyQual_0,1464,22,1,0,1,0,0,0,0,0,0.0,0.0,0,0,0.0,0.0,0.0,0.0,0.0,-1,1.0,0,10098.9,-1.0,0,0,0,0.0,0.0,871935.36,61868,0,0.0,0,0,0.0,0.0,0,0,0.0,0.0,0.0,0.0,0.0,None,0.0,0.0,1.0,1.0,0.0,0.0,0.0,0.0,0.0,0.0,0.0,0,0,0,0.0,0,0.0,0.0,0.0,0.0,0.0,1.0,1.0,0,0,0.0,0.0,0,0,0,0,5696.878,111387.772,0.963,0.2526388466358185,0,0,0,0,0,0,0,0,0,0,0,0,0.8,0.0,0,0,0,0,0,0,0,1,0,0,0,0.0,0,0.0,0.0,1,0.0,0,0,0.0,0,0,1,0,0.0,0,0.0,0.0,0.0,30.0,0.05,30.0,60328,0,15760,0
SRCE_utilitypv_class1_moderate_7_anyQual_1,SRCE,UtilityPV_Class1_Moderate_,7_anyQual_1,1465,22,1,0,1,0,0,0,0,0,0.0,0.0,0,0,0.0,0.0,0.0,0.0,0.0,-1,1.0,0,9409.9,-1.0,0,0,0,0.0,0.0,871935.36,61981,0,0.0,0,0,0.0,0.0,0,0,0.0,0.0,0.0,0.0,0.0,None,0.0,0.0,1.0,1.0,0.0,0.0,0.0,0.0,0.0,0.0,0.0,0,0,0,0.0,0,0.0,0.0,0.0,0.0,0.0,1.0,1.0,0,0,0.0,0.0,0,0,0,0,5785.882,113128.016,0.963,0.2524426579475403,0,0,0,0,0,0,0,0,0,0,0,0,0.8,0.0,0,0,0,0,0,0,0,1,0,0,0,0.0,0,0.0,0.0,1,0.0,0,0,0.0,0,0,1,0,0.0,0,0.0,0.0,0.0,30.0,0.05,30.0,60417,0,15760,0
SRCE_utilitypv_class1_moderate_8_anyQual_0,SRCE,UtilityPV_Class1_Moderate_,8_anyQual_0,1466,22,1,0,1,0,0,0,0,0,0.0,0.0,0,0,0.0,0.0,0.0,0.0,0.0,-1,1.0,0,17345.8,-1.0,0,0,0,0.0,0.0,871935.36,62336,0,0.0,0,0,0.0,0.0,0,0,0.0,0.0,0.0,0.0,0.0,None,0.0,0.0,1.0,1.0,0.0,0.0,0.0,0.0,0.0,0.0,0.0,0,0,0,0.0,0,0.0,0.0,0.0,0.0,0.0,1.0,1.0,0,0,0.0,0.0,0,0,0,0,6065.007,118585.592,0.963,0.2507120668888092,0,0,0,0,0,0,0,0,0,0,0,0,0.8,0.0,0,0,0,0,0,0,0,1,0,0,0,0.0,0,0.0,0.0,1,0.0,0,0,0.0,0,0,1,0,0.0,0,0.0,0.0,0.0,30.0,0.05,30.0,60697,0,15760,0
SRCE_utilitypv_class1_moderate_9_anyQual_1,SRCE,UtilityPV_Class1_Moderate_,9_anyQual_1,1467,22,1,0,1,0,0,0,0,0,0.0,0.0,0,0,0.0,0.0,0.0,0.0,0.0,-1,1.0,0,12659.5,-1.0,0,0,0,0.0,0.0,871935.36,63242,0,0.0,0,0,0.0,0.0,0,0,0.0,0.0,0.0,0.0,0.0,None,0.0,0.0,1.0,1.0,0.0,0.0,0.0,0.0,0.0,0.0,0.0,0,0,0,0.0,0,0.0,0.0,0.0,0.0,0.0,1.0,1.0,0,0,0.0,0.0,0,0,0,0,6777.342,132513.461,0.963,0.2519267797470093,0,0,0,0,0,0,0,0,0,0,0,0,0.8,0.0,0,0,0,0,0,0,0,1,0,0,0,0.0,0,0.0,0.0,1,0.0,0,0,0.0,0,0,1,0,0.0,0,0.0,0.0,0.0,30.0,0.05,30.0,61409,0,15760,0
SRCE_utilitypv_class1_moderate_10_anyQual_0,SRCE,UtilityPV_Class1_Moderate_,10_anyQual_0,1468,22,1,0,1,0,0,0,0,0,0.0,0.0,0,0,0.0,0.0,0.0,0.0,0.0,-1,1.0,0,16710.0,-1.0,0,0,0,0.0,0.0,871935.36,63594,0,0.0,0,0,0.0,0.0,0,0,0.0,0.0,0.0,0.0,0.0,None,0.0,0.0,1.0,1.0,0.0,0.0,0.0,0.0,0.0,0.0,0.0,0,0,0,0.0,0,0.0,0.0,0.0,0.0,0.0,1.0,1.0,0,0,0.0,0.0,0,0,0,0,7053.848,137919.835,0.963,0.2513602972030639,0,0,0,0,0,0,0,0,0,0,0,0,0.8,0.0,0,0,0,0,0,0,0,1,0,0,0,0.0,0,0.0,0.0,1,0.0,0,0,0.0,0,0,1,0,0.0,0,0.0,0.0,0.0,30.0,0.05,30.0,61685,0,15760,0
SRCE_utilitypv_class1_moderate_11_anyQual_1,SRCE,UtilityPV_Class1_Moderate_,11_anyQual_1,1469,22,1,0,1,0,0,0,0,0,0.0,0.0,0,0,0.0,0.0,0.0,0.0,0.0,-1,1.0,0,13227.3,-1.0,0,0,0,0.0,0.0,871935.36,64478,0,0.0,0,0,0.0,0.0,0,0,0.0,0.0,0.0,0.0,0.0,None,0.0,0.0,1.0,1.0,0.0,0.0,0.0,0.0,0.0,0.0,0.0,0,0,0,0.0,0,0.0,0.0,0.0,0.0,0.0,1.0,1.0,0,0,0.0,0.0,0,0,0,0,7749.079,151513.278,0.963,0.252255380153656,0,0,0,0,0,0,0,0,0,0,0,0,0.8,0.0,0,0,0,0,0,0,0,1,0,0,0,0.0,0,0.0,0.0,1,0.0,0,0,0.0,0,0,1,0,0.0,0,0.0,0.0,0.0,30.0,0.05,30.0,62381,0,15760,0
SRCE_landbasedwind_class3_moderate_0_anyQual_0,SRCE,LandbasedWind_Class3_Moderate_,0_anyQual_0,1470,22,1,0,1,0,0,0,0,0,0.0,0.0,0,0,0.0,6013.0,0.0,0.0,0.0,-1,1.0,0,6013.0,-1.0,0,0,0,0.0,0.0,1065951.189,78398,114096,0.0,0,0,0.0,0.0,0,0,0.0,0.0,0.0,0.0,0.0,None,0.0,0.0,1.0,1.0,0.0,0.0,0.0,0.0,0.0,0.0,0.0,0,0,0,0.0,0,0.0,0.0,0.0,0.0,0.0,1.0,1.0,0,0,0.0,0.0,0,0,0,0,9573.762,187190.331,0.955,0.399097740650177,0,0,0,0,0,0,0,0,0,0,0,0,0.8,0.0,0,0,0,0,0,0,0,1,0,0,0,0.0,0,0.0,0.0,1,0.0,0,0,0.0,0,0,1,0,0.0,0,0.0,0.0,0.0,30.0,0.05,30.0,75812,0,25258,0
SRCE_landbasedwind_class3_moderate_2_anyQual_1,SRCE,LandbasedWind_Class3_Moderate_,2_anyQual_1,1471,22,1,0,1,0,0,0,0,0,0.0,0.0,0,0,0.0,7592.0,0.0,0.0,0.0,-1,1.0,0,7592.4,-1.0,0,0,0,0.0,0.0,1065951.189,76920,112619,0.0,0,0,0.0,0.0,0,0,0.0,0.0,0.0,0.0,0.0,None,0.0,0.0,1.0,1.0,0.0,0.0,0.0,0.0,0.0,0.0,0.0,0,0,0,0.0,0,0.0,0.0,0.0,0.0,0.0,1.0,1.0,0,0,0.0,0.0,0,0,0,0,8411.459,164464.669,0.955,0.3963591754436493,0,0,0,0,0,0,0,0,0,0,0,0,0.8,0.0,0,0,0,0,0,0,0,1,0,0,0,0.0,0,0.0,0.0,1,0.0,0,0,0.0,0,0,1,0,0.0,0,0.0,0.0,0.0,30.0,0.05,30.0,74650,0,25258,0
SRCE_landbasedwind_class3_moderate_5_anyQual_0,SRCE,LandbasedWind_Class3_Moderate_,5_anyQual_0,1472,22,1,0,1,0,0,0,0,0,0.0,0.0,0,0,0.0,5859.0,0.0,0.0,0.0,-1,1.0,0,5859.7,-1.0,0,0,0,0.0,0.0,1065951.189,86252,121950,0.0,0,0,0.0,0.0,0,0,0.0,0.0,0.0,0.0,0.0,None,0.0,0.0,1.0,1.0,0.0,0.0,0.0,0.0,0.0,0.0,0.0,0,0,0,0.0,0,0.0,0.0,0.0,0.0,0.0,1.0,1.0,0,0,0.0,0.0,0,0,0,0,15748.689,307925.844,0.955,0.3843887448310852,0,0,0,0,0,0,0,0,0,0,0,0,0.8,0.0,0,0,0,0,0,0,0,1,0,0,0,0.0,0,0.0,0.0,1,0.0,0,0,0.0,0,0,1,0,0.0,0,0.0,0.0,0.0,30.0,0.05,30.0,81987,0,25258,0
SRCE_landbasedwind_class3_moderate_9_anyQual_1,SRCE,LandbasedWind_Class3_Moderate_,9_anyQual_1,1473,22,1,0,1,0,0,0,0,0,0.0,0.0,0,0,0.0,7644.0,0.0,0.0,0.0,-1,1.0,0,7644.7,-1.0,0,0,0,0.0,0.0,1065951.189,82962,118661,0.0,0,0,0.0,0.0,0,0,0.0,0.0,0.0,0.0,0.0,None,0.0,0.0,1.0,1.0,0.0,0.0,0.0,0.0,0.0,0.0,0.0,0,0,0,0.0,0,0.0,0.0,0.0,0.0,0.0,1.0,1.0,0,0,0.0,0.0,0,0,0,0,13162.009,257349.614,0.955,0.3794040381908417,0,0,0,0,0,0,0,0,0,0,0,0,0.8,0.0,0,0,0,0,0,0,0,1,0,0,0,0.0,0,0.0,0.0,1,0.0,0,0,0.0,0,0,1,0,0.0,0,0.0,0.0,0.0,30.0,0.05,30.0,79401,0,25258,0
SRCE_landbasedwind_class3_moderate_14_anyQual_0,SRCE,LandbasedWind_Class3_Moderate_,14_anyQual_0,1474,22,1,0,1,0,0,0,0,0,0.0,0.0,0,0,0.0,0.0,0.0,0.0,0.0,-1,1.0,0,6347.5,-1.0,0,0,0,0.0,0.0,1065951.189,89768,0,0.0,0,0,0.0,0.0,0,0,0.0,0.0,0.0,0.0,0.0,None,0.0,0.0,1.0,1.0,0.0,0.0,0.0,0.0,0.0,0.0,0.0,0,0,0,0.0,0,0.0,0.0,0.0,0.0,0.0,1.0,1.0,0,0,0.0,0.0,0,0,0,0,18512.842,361973.778,0.955,0.3689395785331726,0,0,0,0,0,0,0,0,0,0,0,0,0.8,0.0,0,0,0,0,0,0,0,1,0,0,0,0.0,0,0.0,0.0,1,0.0,0,0,0.0,0,0,1,0,0.0,0,0.0,0.0,0.0,30.0,0.05,30.0,84751,0,25258,0
SRCE_landbasedwind_class3_moderate_20_anyQual_1,SRCE,LandbasedWind_Class3_Moderate_,20_anyQual_1,1475,22,1,0,1,0,0,0,0,0,0.0,0.0,0,0,0.0,0.0,0.0,0.0,0.0,-1,1.0,0,7194.4,-1.0,0,0,0,0.0,0.0,1065951.189,88754,0,0.0,0,0,0.0,0.0,0,0,0.0,0.0,0.0,0.0,0.0,None,0.0,0.0,1.0,1.0,0.0,0.0,0.0,0.0,0.0,0.0,0.0,0,0,0,0.0,0,0.0,0.0,0.0,0.0,0.0,1.0,1.0,0,0,0.0,0.0,0,0,0,0,17715.463,346381.672,0.955,0.3658738136291504,0,0,0,0,0,0,0,0,0,0,0,0,0.8,0.0,0,0,0,0,0,0,0,1,0,0,0,0.0,0,0.0,0.0,1,0.0,0,0,0.0,0,0,1,0,0.0,0,0.0,0.0,0.0,30.0,0.05,30.0,83954,0,25258,0
SRCE_landbasedwind_class3_moderate_27_anyQual_0,SRCE,LandbasedWind_Class3_Moderate_,27_anyQual_0,1476,22,1,0,1,0,0,0,0,0,0.0,0.0,0,0,0.0,0.0,0.0,0.0,0.0,-1,1.0,0,4590.5,-1.0,0,0,0,0.0,0.0,1065951.189,91088,0,0.0,0,0,0.0,0.0,0,0,0.0,0.0,0.0,0.0,0.0,None,0.0,0.0,1.0,1.0,0.0,0.0,0.0,0.0,0.0,0.0,0.0,0,0,0,0.0,0,0.0,0.0,0.0,0.0,0.0,1.0,1.0,0,0,0.0,0.0,0,0,0,0,19550.497,382262.398,0.955,0.3532798290252685,0,0,0,0,0,0,0,0,0,0,0,0,0.8,0.0,0,0,0,0,0,0,0,1,0,0,0,0.0,0,0.0,0.0,1,0.0,0,0,0.0,0,0,1,0,0.0,0,0.0,0.0,0.0,30.0,0.05,30.0,85789,0,25258,0
SRCE_landbasedwind_class3_moderate_35_anyQual_1,SRCE,LandbasedWind_Class3_Moderate_,35_anyQual_1,1477,22,1,0,1,0,0,0,0,0,0.0,0.0,0,0,0.0,0.0,0.0,0.0,0.0,-1,1.0,0,8969.6,-1.0,0,0,0,0.0,0.0,1065951.189,92533,0,0.0,0,0,0.0,0.0,0,0,0.0,0.0,0.0,0.0,0.0,None,0.0,0.0,1.0,1.0,0.0,0.0,0.0,0.0,0.0,0.0,0.0,0,0,0,0.0,0,0.0,0.0,0.0,0.0,0.0,1.0,1.0,0,0,0.0,0.0,0,0,0,0,20686.369,404470.265,0.955,0.355112224817276,0,0,0,0,0,0,0,0,0,0,0,0,0.8,0.0,0,0,0,0,0,0,0,1,0,0,0,0.0,0,0.0,0.0,1,0.0,0,0,0.0,0,0,1,0,0.0,0,0.0,0.0,0.0,30.0,0.05,30.0,86925,0,25258,0
SRCE_landbasedwind_class3_moderate_44_anyQual_0,SRCE,LandbasedWind_Class3_Moderate_,44_anyQual_0,1478,22,1,0,1,0,0,0,0,0,0.0,0.0,0,0,0.0,0.0,0.0,0.0,0.0,-1,1.0,0,4097.6,-1.0,0,0,0,0.0,0.0,1065951.189,92583,0,0.0,0,0,0.0,0.0,0,0,0.0,0.0,0.0,0.0,0.0,None,0.0,0.0,1.0,1.0,0.0,0.0,0.0,0.0,0.0,0.0,0.0,0,0,0,0.0,0,0.0,0.0,0.0,0.0,0.0,1.0,1.0,0,0,0.0,0.0,0,0,0,0,20725.528,405237.835,0.955,0.3390854299068451,0,0,0,0,0,0,0,0,0,0,0,0,0.8,0.0,0,0,0,0,0,0,0,1,0,0,0,0.0,0,0.0,0.0,1,0.0,0,0,0.0,0,0,1,0,0.0,0,0.0,0.0,0.0,30.0,0.05,30.0,86964,0,25258,0
SRCE_landbasedwind_class3_moderate_54_anyQual_1,SRCE,LandbasedWind_Class3_Moderate_,54_anyQual_1,1479,22,1,0,1,0,0,0,0,0,0.0,0.0,0,0,0.0,0.0,0.0,0.0,0.0,-1,1.0,0,9519.8,-1.0,0,0,0,0.0,0.0,1065951.189,95098,0,0.0,0,0,0.0,0.0,0,0,0.0,0.0,0.0,0.0,0.0,None,0.0,0.0,1.0,1.0,0.0,0.0,0.0,0.0,0.0,0.0,0.0,0,0,0,0.0,0,0.0,0.0,0.0,0.0,0.0,1.0,1.0,0,0,0.0,0.0,0,0,0,0,22703.308,443906.993,0.955,0.3425386846065521,0,0,0,0,0,0,0,0,0,0,0,0,0.8,0.0,0,0,0,0,0,0,0,1,0,0,0,0.0,0,0.0,0.0,1,0.0,0,0,0.0,0,0,1,0,0.0,0,0.0,0.0,0.0,30.0,0.05,30.0,88942,0,25258,0
SRCE_landbasedwind_class3_moderate_65_anyQual_0,SRCE,LandbasedWind_Class3_Moderate_,65_anyQual_0,1480,22,1,0,1,0,0,0,0,0,0.0,0.0,0,0,0.0,0.0,0.0,0.0,0.0,-1,1.0,0,4105.0,-1.0,0,0,0,0.0,0.0,1065951.189,91637,0,0.0,0,0,0.0,0.0,0,0,0.0,0.0,0.0,0.0,0.0,None,0.0,0.0,1.0,1.0,0.0,0.0,0.0,0.0,0.0,0.0,0.0,0,0,0,0.0,0,0.0,0.0,0.0,0.0,0.0,1.0,1.0,0,0,0.0,0.0,0,0,0,0,19982.24,390703.532,0.955,0.3021430075168609,0,0,0,0,0,0,0,0,0,0,0,0,0.8,0.0,0,0,0,0,0,0,0,1,0,0,0,0.0,0,0.0,0.0,1,0.0,0,0,0.0,0,0,1,0,0.0,0,0.0,0.0,0.0,30.0,0.05,30.0,86221,0,25258,0
SRCE_landbasedwind_class3_moderate_77_anyQual_1,SRCE,LandbasedWind_Class3_Moderate_,77_anyQual_1,1481,22,1,0,1,0,0,0,0,0,0.0,0.0,0,0,0.0,0.0,0.0,0.0,0.0,-1,1.0,0,9366.9,-1.0,0,0,0,0.0,0.0,1065951.189,96398,0,0.0,0,0,0.0,0.0,0,0,0.0,0.0,0.0,0.0,0.0,None,0.0,0.0,1.0,1.0,0.0,0.0,0.0,0.0,0.0,0.0,0.0,0,0,0,0.0,0,0.0,0.0,0.0,0.0,0.0,1.0,1.0,0,0,0.0,0.0,0,0,0,0,23725.29,463893.592,0.955,0.3125501573085785,0,0,0,0,0,0,0,0,0,0,0,0,0.8,0.0,0,0,0,0,0,0,0,1,0,0,0,0.0,0,0.0,0.0,1,0.0,0,0,0.0,0,0,1,0,0.0,0,0.0,0.0,0.0,30.0,0.05,30.0,89964,0,25258,0
SRSE_naturalgas_hframe_cc_95_ccs_moderate_0,SRSE,NaturalGas_H-Frame CC 95% CCS_Moderate,0,1482,23,0,1,0,0,0,0,0,0,0.0,0.0,0,0,0.0,16229.0,0.0,0.0,0.0,-1,500.0,0,-1.0,-1.0,0,0,0,0.0,0.0,1943268.308,122973,196537,0.0,0,0,7.67,0.0,0,0,106.0,2.0,6.78,0.0,0.0,south_atlantic_naturalgas_ccs95,0.6,0.0,1.0,1.0,0.0,0.0,0.0,0.106666667,0.213333333,0.0,0.0,0,0,0,0.95,27,1469.015,17226.965,12.011,0.342,4.106,0.64,0.64,6,6,10.0,54990.0,0,0,0,0,0.0,0.0,0.944,0.0,0,0,0,0,0,0,0,0,0,0,0,0,0.93,0.0,0,0,0,0,0,0,0,0,0,0,0,0.0,0,0.0,0.0,1,0.0,0,0,0.0,0,0,0,0,0.0,0,0.0,0.0,0.0,30.0,0.05,30.0,123412,0,46282,0
SRSE_naturalgas_hframe_cc_moderate_0,SRSE,NaturalGas_H-Frame CC_Moderate,0,1483,23,0,1,0,0,0,0,0,0,0.0,0.0,0,0,0.0,0.0,0.0,0.0,0.0,-1,500.0,0,-1.0,-1.0,0,0,0,0.0,0.0,1096691.96,69639,0,0.0,0,0,1.72,0.0,0,0,106.0,2.0,6.09,0.0,0.0,south_atlantic_naturalgas,0.3,0.0,1.0,1.0,0.0,0.0,0.0,0.0,0.0,0.0,0.0,0,0,0,0.0,0,0.0,0.0,0.0,0.0,0.0,0.64,0.64,6,6,10.0,54990.0,0,0,0,0,0.0,0.0,0.926,0.0,0,0,0,0,0,0,0,0,0,0,0,0,0.93,0.0,0,0,0,0,0,0,0,0,0,0,0,0.0,0,0.0,0.0,0,0.0,0,0,0.0,0,0,0,0,0.0,0,0.0,0.0,0.0,30.0,0.05,30.0,68648,0,26266,0
SRSE_naturalgas_fframe_ct_moderate_0,SRSE,NaturalGas_F-Frame CT_Moderate,0,1484,23,0,1,0,0,0,0,0,0,0.0,0.0,0,0,0.0,0.0,0.0,0.0,0.0,-1,100.0,0,-1.0,-1.0,0,0,0,0.0,0.0,977045.463,62305,0,0.0,0,0,6.15,0.0,0,0,137.0,3.5,9.72,0.0,0.0,south_atlantic_naturalgas,0.3,0.0,1.0,1.0,0.0,0.0,0.0,0.0,0.0,0.0,0.0,0,0,0,0.0,0,0.0,0.0,0.0,0.0,0.0,3.78,3.78,1,1,10.0,54990.0,0,0,0,0,0.0,0.0,0.924,0.0,0,0,0,0,0,0,0,0,0,0,0,0,0.93,0.0,0,0,0,0,0,0,0,0,0,0,0,0.0,0,0.0,0.0,0,0.0,0,0,0.0,0,0,0,0,0.0,0,0.0,0.0,0.0,30.0,0.05,30.0,61341,0,21509,0
SRSE_battery_moderate_0,SRSE,Battery_*_Moderate,0,1485,23,0,0,0,0,1,0,0,0,0.0,0.0,0,0,0.0,0.0,0.0,0.0,0.0,-1,1.0,0,-1.0,-1.0,0,0,0,0.0,0.0,274910.679,26962,0,205428.952,20148,0,0.15,0.15,0,0,0.0,0.0,0.0,0.0,0.0,None,0.0,0.0,0.92,0.92,0.0,1.0,10.0,0.0,0.0,0.0,0.0,0,0,0,0.0,0,0.0,0.0,0.0,0.0,0.0,1.0,1.0,0,0,0.0,0.0,0,0,0,0,0.0,0.0,1.018,0.0,0,0,0,0,0,0,0,0,0,0,0,0,0.95,0.0,0,0,0,0,0,0,0,0,0,0,0,0.0,0,0.0,0.0,0,0.0,0,0,0.0,0,0,0,0,0.0,0,0.0,0.0,0.0,15.0,0.05,15.0,26964,20149,6872,5135
SRSE_nuclear_nuclear_moderate_0,SRSE,Nuclear_Nuclear_Moderate,0,1486,23,0,1,0,0,0,0,0,0,0.0,0.0,0,0,0.0,0.0,0.0,0.0,0.0,-1,2000.0,0,-1.0,-1.0,0,0,0,0.0,0.0,7229469.526,441557,0,0.0,0,0,2.36,0.0,0,0,285.0,0.0,10.45,0.0,0.0,south_atlantic_uranium,0.5,0.0,1.0,1.0,0.0,0.0,0.0,0.041666667,0.083333333,0.0,0.0,0,0,0,0.0,0,0.0,0.0,0.0,0.0,0.0,0.25,0.25,24,24,50.0,274950.0,0,0,0,0,0.0,0.0,1.01,0.0,0,0,0,0,0,0,0,0,0,0,0,0,0.93,0.0,0,0,0,0,0,0,0,0,0,0,0,0.0,0,0.0,0.0,1,0.0,0,0,0.0,0,0,0,0,0.0,0,0.0,0.0,0.0,40.0,0.05,40.0,438740,0,145294,0
SRSE_hydrogen_fframe_ct_moderate_0,SRSE,Hydrogen_F-Frame CT_Moderate,0,1487,23,0,1,0,0,0,0,0,0,0.0,0.0,0,0,0.0,0.0,0.0,0.0,0.0,-1,100.0,0,-1.0,-1.0,0,0,0,0.0,0.0,1074750.009,64601,0,0.0,0,0,6.15,0.0,0,0,137.0,3.5,9.72,0.0,0.0,hydrogen,0.3,0.0,1.0,1.0,0.0,0.0,0.0,0.0,0.0,0.0,0.0,0,0,0,0.0,0,0.0,0.0,0.0,0.0,0.0,3.78,3.78,1,1,0.0,0.0,0,0,0,0,0.0,0.0,0.924,0.0,0,0,0,0,0,0,0,0,0,0,0,0,0.93,0.0,0,0,0,0,0,0,0,0,0,0,0,0.0,0,0.0,0.0,1,0.0,0,0,0.0,0,0,0,0,0.0,0,0.0,0.0,0.0,30.0,0.05,30.0,64596,0,21509,0
SRSE_hydrogen_hframe_cc_moderate_0,SRSE,Hydrogen_H-Frame CC_Moderate,0,1488,23,0,1,0,0,0,0,0,0,0.0,0.0,0,0,0.0,0.0,0.0,0.0,0.0,-1,500.0,0,-1.0,-1.0,0,0,0,0.0,0.0,1206361.156,72668,0,0.0,0,0,1.72,0.0,0,0,106.0,2.0,6.09,0.0,0.0,hydrogen,0.3,0.0,1.0,1.0,0.0,0.0,0.0,0.0,0.0,0.0,0.0,0,0,0,0.0,0,0.0,0.0,0.0,0.0,0.0,0.64,0.64,6,6,0.0,0.0,0,0,0,0,0.0,0.0,0.926,0.0,0,0,0,0,0,0,0,0,0,0,0,0,0.93,0.0,0,0,0,0,0,0,0,0,0,0,0,0.0,0,0.0,0.0,1,0.0,0,0,0.0,0,0,0,0,0.0,0,0.0,0.0,0.0,30.0,0.05,30.0,72635,0,26266,0
SRSE_utilitypv_class1_moderate_0_anyQual_0,SRSE,UtilityPV_Class1_Moderate_,0_anyQual_0,1489,23,1,0,1,0,0,0,0,0,0.0,0.0,0,0,0.0,16927.0,0.0,0.0,0.0,-1,1.0,0,16928.2,-1.0,0,0,0,0.0,0.0,871935.36,57968,96109,0.0,0,0,0.0,0.0,0,0,0.0,0.0,0.0,0.0,0.0,None,0.0,0.0,1.0,1.0,0.0,0.0,0.0,0.0,0.0,0.0,0.0,0,0,0,0.0,0,0.0,0.0,0.0,0.0,0.0,1.0,1.0,0,0,0.0,0.0,0,0,0,0,2541.887,49700.05,0.965,0.2473190873861313,0,0,0,0,0,0,0,0,0,0,0,0,0.8,0.0,0,0,0,0,0,0,0,1,0,0,0,0.0,0,0.0,0.0,1,0.0,0,0,0.0,0,0,1,0,0.0,0,0.0,0.0,0.0,30.0,0.05,30.0,57258,0,15760,0
SRSE_utilitypv_class1_moderate_1_anyQual_0,SRSE,UtilityPV_Class1_Moderate_,1_anyQual_0,1490,23,1,0,1,0,0,0,0,0,0.0,0.0,0,0,0.0,8702.0,0.0,0.0,0.0,-1,1.0,0,8703.1,-1.0,0,0,0,0.0,0.0,871935.36,58171,96312,0.0,0,0,0.0,0.0,0,0,0.0,0.0,0.0,0.0,0.0,None,0.0,0.0,1.0,1.0,0.0,0.0,0.0,0.0,0.0,0.0,0.0,0,0,0,0.0,0,0.0,0.0,0.0,0.0,0.0,1.0,1.0,0,0,0.0,0.0,0,0,0,0,2700.998,52811.056,0.965,0.2470477372407913,0,0,0,0,0,0,0,0,0,0,0,0,0.8,0.0,0,0,0,0,0,0,0,1,0,0,0,0.0,0,0.0,0.0,1,0.0,0,0,0.0,0,0,1,0,0.0,0,0.0,0.0,0.0,30.0,0.05,30.0,57417,0,15760,0
SRSE_utilitypv_class1_moderate_2_anyQual_1,SRSE,UtilityPV_Class1_Moderate_,2_anyQual_1,1491,23,1,0,1,0,0,0,0,0,0.0,0.0,0,0,0.0,4384.0,0.0,0.0,0.0,-1,1.0,0,4384.5,-1.0,0,0,0,0.0,0.0,871935.36,57949,96090,0.0,0,0,0.0,0.0,0,0,0.0,0.0,0.0,0.0,0.0,None,0.0,0.0,1.0,1.0,0.0,0.0,0.0,0.0,0.0,0.0,0.0,0,0,0,0.0,0,0.0,0.0,0.0,0.0,0.0,1.0,1.0,0,0,0.0,0.0,0,0,0,0,2526.517,49399.534,0.965,0.2468384355306625,0,0,0,0,0,0,0,0,0,0,0,0,0.8,0.0,0,0,0,0,0,0,0,1,0,0,0,0.0,0,0.0,0.0,1,0.0,0,0,0.0,0,0,1,0,0.0,0,0.0,0.0,0.0,30.0,0.05,30.0,57243,0,15760,0
SRSE_utilitypv_class1_moderate_3_anyQual_0,SRSE,UtilityPV_Class1_Moderate_,3_anyQual_0,1492,23,1,0,1,0,0,0,0,0,0.0,0.0,0,0,0.0,0.0,0.0,0.0,0.0,-1,1.0,0,17293.0,-1.0,0,0,0,0.0,0.0,871935.36,61411,0,0.0,0,0,0.0,0.0,0,0,0.0,0.0,0.0,0.0,0.0,None,0.0,0.0,1.0,1.0,0.0,0.0,0.0,0.0,0.0,0.0,0.0,0,0,0,0.0,0,0.0,0.0,0.0,0.0,0.0,1.0,1.0,0,0,0.0,0.0,0,0,0,0,5248.815,102627.065,0.965,0.2472298145294189,0,0,0,0,0,0,0,0,0,0,0,0,0.8,0.0,0,0,0,0,0,0,0,1,0,0,0,0.0,0,0.0,0.0,1,0.0,0,0,0.0,0,0,1,0,0.0,0,0.0,0.0,0.0,30.0,0.05,30.0,59965,0,15760,0
SRSE_utilitypv_class1_moderate_4_anyQual_0,SRSE,UtilityPV_Class1_Moderate_,4_anyQual_0,1493,23,1,0,1,0,0,0,0,0,0.0,0.0,0,0,0.0,0.0,0.0,0.0,0.0,-1,1.0,0,7536.5,-1.0,0,0,0,0.0,0.0,871935.36,60718,0,0.0,0,0,0.0,0.0,0,0,0.0,0.0,0.0,0.0,0.0,None,0.0,0.0,1.0,1.0,0.0,0.0,0.0,0.0,0.0,0.0,0.0,0,0,0,0.0,0,0.0,0.0,0.0,0.0,0.0,1.0,1.0,0,0,0.0,0.0,0,0,0,0,4703.799,91970.682,0.965,0.2453558295965194,0,0,0,0,0,0,0,0,0,0,0,0,0.8,0.0,0,0,0,0,0,0,0,1,0,0,0,0.0,0,0.0,0.0,1,0.0,0,0,0.0,0,0,1,0,0.0,0,0.0,0.0,0.0,30.0,0.05,30.0,59420,0,15760,0
SRSE_utilitypv_class1_moderate_5_anyQual_1,SRSE,UtilityPV_Class1_Moderate_,5_anyQual_1,1494,23,1,0,1,0,0,0,0,0,0.0,0.0,0,0,0.0,0.0,0.0,0.0,0.0,-1,1.0,0,5208.4,-1.0,0,0,0,0.0,0.0,871935.36,60941,0,0.0,0,0,0.0,0.0,0,0,0.0,0.0,0.0,0.0,0.0,None,0.0,0.0,1.0,1.0,0.0,0.0,0.0,0.0,0.0,0.0,0.0,0,0,0,0.0,0,0.0,0.0,0.0,0.0,0.0,1.0,1.0,0,0,0.0,0.0,0,0,0,0,4878.869,95393.723,0.965,0.2458453029394149,0,0,0,0,0,0,0,0,0,0,0,0,0.8,0.0,0,0,0,0,0,0,0,1,0,0,0,0.0,0,0.0,0.0,1,0.0,0,0,0.0,0,0,1,0,0.0,0,0.0,0.0,0.0,30.0,0.05,30.0,59595,0,15760,0
SRSE_utilitypv_class1_moderate_6_anyQual_0,SRSE,UtilityPV_Class1_Moderate_,6_anyQual_0,1495,23,1,0,1,0,0,0,0,0,0.0,0.0,0,0,0.0,0.0,0.0,0.0,0.0,-1,1.0,0,15001.3,-1.0,0,0,0,0.0,0.0,871935.36,64068,0,0.0,0,0,0.0,0.0,0,0,0.0,0.0,0.0,0.0,0.0,None,0.0,0.0,1.0,1.0,0.0,0.0,0.0,0.0,0.0,0.0,0.0,0,0,0,0.0,0,0.0,0.0,0.0,0.0,0.0,1.0,1.0,0,0,0.0,0.0,0,0,0,0,7337.514,143466.197,0.965,0.2477635145187378,0,0,0,0,0,0,0,0,0,0,0,0,0.8,0.0,0,0,0,0,0,0,0,1,0,0,0,0.0,0,0.0,0.0,1,0.0,0,0,0.0,0,0,1,0,0.0,0,0.0,0.0,0.0,30.0,0.05,30.0,62054,0,15760,0
SRSE_utilitypv_class1_moderate_7_anyQual_0,SRSE,UtilityPV_Class1_Moderate_,7_anyQual_0,1496,23,1,0,1,0,0,0,0,0,0.0,0.0,0,0,0.0,0.0,0.0,0.0,0.0,-1,1.0,0,7967.9,-1.0,0,0,0,0.0,0.0,871935.36,63312,0,0.0,0,0,0.0,0.0,0,0,0.0,0.0,0.0,0.0,0.0,None,0.0,0.0,1.0,1.0,0.0,0.0,0.0,0.0,0.0,0.0,0.0,0,0,0,0.0,0,0.0,0.0,0.0,0.0,0.0,1.0,1.0,0,0,0.0,0.0,0,0,0,0,6743.222,131846.334,0.965,0.2459561973810196,0,0,0,0,0,0,0,0,0,0,0,0,0.8,0.0,0,0,0,0,0,0,0,1,0,0,0,0.0,0,0.0,0.0,1,0.0,0,0,0.0,0,0,1,0,0.0,0,0.0,0.0,0.0,30.0,0.05,30.0,61460,0,15760,0
SRSE_utilitypv_class1_moderate_8_anyQual_1,SRSE,UtilityPV_Class1_Moderate_,8_anyQual_1,1497,23,1,0,1,0,0,0,0,0,0.0,0.0,0,0,0.0,0.0,0.0,0.0,0.0,-1,1.0,0,6982.9,-1.0,0,0,0,0.0,0.0,871935.36,63262,0,0.0,0,0,0.0,0.0,0,0,0.0,0.0,0.0,0.0,0.0,None,0.0,0.0,1.0,1.0,0.0,0.0,0.0,0.0,0.0,0.0,0.0,0,0,0,0.0,0,0.0,0.0,0.0,0.0,0.0,1.0,1.0,0,0,0.0,0.0,0,0,0,0,6703.796,131075.463,0.965,0.2458508014678955,0,0,0,0,0,0,0,0,0,0,0,0,0.8,0.0,0,0,0,0,0,0,0,1,0,0,0,0.0,0,0.0,0.0,1,0.0,0,0,0.0,0,0,1,0,0.0,0,0.0,0.0,0.0,30.0,0.05,30.0,61420,0,15760,0
SRSE_utilitypv_class1_moderate_9_anyQual_0,SRSE,UtilityPV_Class1_Moderate_,9_anyQual_0,1498,23,1,0,1,0,0,0,0,0,0.0,0.0,0,0,0.0,0.0,0.0,0.0,0.0,-1,1.0,0,15242.4,-1.0,0,0,0,0.0,0.0,871935.36,66058,0,0.0,0,0,0.0,0.0,0,0,0.0,0.0,0.0,0.0,0.0,None,0.0,0.0,1.0,1.0,0.0,0.0,0.0,0.0,0.0,0.0,0.0,0,0,0,0.0,0,0.0,0.0,0.0,0.0,0.0,1.0,1.0,0,0,0.0,0.0,0,0,0,0,8902.367,174062.867,0.965,0.2482019066810608,0,0,0,0,0,0,0,0,0,0,0,0,0.8,0.0,0,0,0,0,0,0,0,1,0,0,0,0.0,0,0.0,0.0,1,0.0,0,0,0.0,0,0,1,0,0.0,0,0.0,0.0,0.0,30.0,0.05,30.0,63619,0,15760,0
SRSE_utilitypv_class1_moderate_10_anyQual_0,SRSE,UtilityPV_Class1_Moderate_,10_anyQual_0,1499,23,1,0,1,0,0,0,0,0,0.0,0.0,0,0,0.0,0.0,0.0,0.0,0.0,-1,1.0,0,6689.9,-1.0,0,0,0,0.0,0.0,871935.36,65963,0,0.0,0,0,0.0,0.0,0,0,0.0,0.0,0.0,0.0,0.0,None,0.0,0.0,1.0,1.0,0.0,0.0,0.0,0.0,0.0,0.0,0.0,0,0,0,0.0,0,0.0,0.0,0.0,0.0,0.0,1.0,1.0,0,0,0.0,0.0,0,0,0,0,8826.991,172589.085,0.965,0.2479628771543502,0,0,0,0,0,0,0,0,0,0,0,0,0.8,0.0,0,0,0,0,0,0,0,1,0,0,0,0.0,0,0.0,0.0,1,0.0,0,0,0.0,0,0,1,0,0.0,0,0.0,0.0,0.0,30.0,0.05,30.0,63543,0,15760,0
SRSE_utilitypv_class1_moderate_11_anyQual_1,SRSE,UtilityPV_Class1_Moderate_,11_anyQual_1,1500,23,1,0,1,0,0,0,0,0,0.0,0.0,0,0,0.0,0.0,0.0,0.0,0.0,-1,1.0,0,8100.4,-1.0,0,0,0,0.0,0.0,871935.36,65574,0,0.0,0,0,0.0,0.0,0,0,0.0,0.0,0.0,0.0,0.0,None,0.0,0.0,1.0,1.0,0.0,0.0,0.0,0.0,0.0,0.0,0.0,0,0,0,0.0,0,0.0,0.0,0.0,0.0,0.0,1.0,1.0,0,0,0.0,0.0,0,0,0,0,8521.446,166614.922,0.965,0.2468891590833664,0,0,0,0,0,0,0,0,0,0,0,0,0.8,0.0,0,0,0,0,0,0,0,1,0,0,0,0.0,0,0.0,0.0,1,0.0,0,0,0.0,0,0,1,0,0.0,0,0.0,0.0,0.0,30.0,0.05,30.0,63238,0,15760,0
SRSE_utilitypv_class1_moderate_12_anyQual_0,SRSE,UtilityPV_Class1_Moderate_,12_anyQual_0,1501,23,1,0,1,0,0,0,0,0,0.0,0.0,0,0,0.0,0.0,0.0,0.0,0.0,-1,1.0,0,17087.9,-1.0,0,0,0,0.0,0.0,871935.36,67886,0,0.0,0,0,0.0,0.0,0,0,0.0,0.0,0.0,0.0,0.0,None,0.0,0.0,1.0,1.0,0.0,0.0,0.0,0.0,0.0,0.0,0.0,0,0,0,0.0,0,0.0,0.0,0.0,0.0,0.0,1.0,1.0,0,0,0.0,0.0,0,0,0,0,10339.464,202161.584,0.965,0.2483530789613723,0,0,0,0,0,0,0,0,0,0,0,0,0.8,0.0,0,0,0,0,0,0,0,1,0,0,0,0.0,0,0.0,0.0,1,0.0,0,0,0.0,0,0,1,0,0.0,0,0.0,0.0,0.0,30.0,0.05,30.0,65056,0,15760,0
SRSE_utilitypv_class1_moderate_13_anyQual_0,SRSE,UtilityPV_Class1_Moderate_,13_anyQual_0,1502,23,1,0,1,0,0,0,0,0,0.0,0.0,0,0,0.0,0.0,0.0,0.0,0.0,-1,1.0,0,5438.1,-1.0,0,0,0,0.0,0.0,871935.36,67772,0,0.0,0,0,0.0,0.0,0,0,0.0,0.0,0.0,0.0,0.0,None,0.0,0.0,1.0,1.0,0.0,0.0,0.0,0.0,0.0,0.0,0.0,0,0,0,0.0,0,0.0,0.0,0.0,0.0,0.0,1.0,1.0,0,0,0.0,0.0,0,0,0,0,10249.902,200410.721,0.965,0.2479897290468216,0,0,0,0,0,0,0,0,0,0,0,0,0.8,0.0,0,0,0,0,0,0,0,1,0,0,0,0.0,0,0.0,0.0,1,0.0,0,0,0.0,0,0,1,0,0.0,0,0.0,0.0,0.0,30.0,0.05,30.0,64966,0,15760,0
SRSE_utilitypv_class1_moderate_14_anyQual_1,SRSE,UtilityPV_Class1_Moderate_,14_anyQual_1,1503,23,1,0,1,0,0,0,0,0,0.0,0.0,0,0,0.0,0.0,0.0,0.0,0.0,-1,1.0,0,7443.4,-1.0,0,0,0,0.0,0.0,871935.36,67424,0,0.0,0,0,0.0,0.0,0,0,0.0,0.0,0.0,0.0,0.0,None,0.0,0.0,1.0,1.0,0.0,0.0,0.0,0.0,0.0,0.0,0.0,0,0,0,0.0,0,0.0,0.0,0.0,0.0,0.0,1.0,1.0,0,0,0.0,0.0,0,0,0,0,9976.021,195055.392,0.965,0.2471015751361847,0,0,0,0,0,0,0,0,0,0,0,0,0.8,0.0,0,0,0,0,0,0,0,1,0,0,0,0.0,0,0.0,0.0,1,0.0,0,0,0.0,0,0,1,0,0.0,0,0.0,0.0,0.0,30.0,0.05,30.0,64693,0,15760,0
SRSE_landbasedwind_class3_moderate_0_anyQual_0,SRSE,LandbasedWind_Class3_Moderate_,0_anyQual_0,1504,23,1,0,1,0,0,0,0,0,0.0,0.0,0,0,0.0,4593.0,0.0,0.0,0.0,-1,1.0,0,4593.3,-1.0,0,0,0,0.0,0.0,1065951.189,104792,143423,0.0,0,0,0.0,0.0,0,0,0.0,0.0,0.0,0.0,0.0,None,0.0,0.0,1.0,1.0,0.0,0.0,0.0,0.0,0.0,0.0,0.0,0,0,0,0.0,0,0.0,0.0,0.0,0.0,0.0,1.0,1.0,0,0,0.0,0.0,0,0,0,0,12006.799,234761.734,1.291,0.3408174216747284,0,0,0,0,0,0,0,0,0,0,0,0,0.8,0.0,0,0,0,0,0,0,0,1,0,0,0,0.0,0,0.0,0.0,1,0.0,0,0,0.0,0,0,1,0,0.0,0,0.0,0.0,0.0,30.0,0.05,30.0,101535,0,25258,0
SRSE_landbasedwind_class3_moderate_1_anyQual_1,SRSE,LandbasedWind_Class3_Moderate_,1_anyQual_1,1505,23,1,0,1,0,0,0,0,0,0.0,0.0,0,0,0.0,0.0,0.0,0.0,0.0,-1,1.0,0,4025.5,-1.0,0,0,0,0.0,0.0,1065951.189,110389,0,0.0,0,0,0.0,0.0,0,0,0.0,0.0,0.0,0.0,0.0,None,0.0,0.0,1.0,1.0,0.0,0.0,0.0,0.0,0.0,0.0,0.0,0,0,0,0.0,0,0.0,0.0,0.0,0.0,0.0,1.0,1.0,0,0,0.0,0.0,0,0,0,0,16407.688,320810.985,1.291,0.3275427520275116,0,0,0,0,0,0,0,0,0,0,0,0,0.8,0.0,0,0,0,0,0,0,0,1,0,0,0,0.0,0,0.0,0.0,1,0.0,0,0,0.0,0,0,1,0,0.0,0,0.0,0.0,0.0,30.0,0.05,30.0,105936,0,25258,0
SRSE_landbasedwind_class3_moderate_2_anyQual_0,SRSE,LandbasedWind_Class3_Moderate_,2_anyQual_0,1506,23,1,0,1,0,0,0,0,0,0.0,0.0,0,0,0.0,0.0,0.0,0.0,0.0,-1,1.0,0,6129.7,-1.0,0,0,0,0.0,0.0,1065951.189,111960,0,0.0,0,0,0.0,0.0,0,0,0.0,0.0,0.0,0.0,0.0,None,0.0,0.0,1.0,1.0,0.0,0.0,0.0,0.0,0.0,0.0,0.0,0,0,0,0.0,0,0.0,0.0,0.0,0.0,0.0,1.0,1.0,0,0,0.0,0.0,0,0,0,0,17642.382,344951.14,1.291,0.3263532817363739,0,0,0,0,0,0,0,0,0,0,0,0,0.8,0.0,0,0,0,0,0,0,0,1,0,0,0,0.0,0,0.0,0.0,1,0.0,0,0,0.0,0,0,1,0,0.0,0,0.0,0.0,0.0,30.0,0.05,30.0,107171,0,25258,0
SRSE_landbasedwind_class3_moderate_3_anyQual_1,SRSE,LandbasedWind_Class3_Moderate_,3_anyQual_1,1507,23,1,0,1,0,0,0,0,0,0.0,0.0,0,0,0.0,0.0,0.0,0.0,0.0,-1,1.0,0,2474.4,-1.0,0,0,0,0.0,0.0,1065951.189,110089,0,0.0,0,0,0.0,0.0,0,0,0.0,0.0,0.0,0.0,0.0,None,0.0,0.0,1.0,1.0,0.0,0.0,0.0,0.0,0.0,0.0,0.0,0,0,0,0.0,0,0.0,0.0,0.0,0.0,0.0,1.0,1.0,0,0,0.0,0.0,0,0,0,0,16171.63,316194.9,1.291,0.322313904762268,0,0,0,0,0,0,0,0,0,0,0,0,0.8,0.0,0,0,0,0,0,0,0,1,0,0,0,0.0,0,0.0,0.0,1,0.0,0,0,0.0,0,0,1,0,0.0,0,0.0,0.0,0.0,30.0,0.05,30.0,105700,0,25258,0
SRSE_landbasedwind_class3_moderate_4_anyQual_0,SRSE,LandbasedWind_Class3_Moderate_,4_anyQual_0,1508,23,1,0,1,0,0,0,0,0,0.0,0.0,0,0,0.0,0.0,0.0,0.0,0.0,-1,1.0,0,5823.9,-1.0,0,0,0,0.0,0.0,1065951.189,116842,0,0.0,0,0,0.0,0.0,0,0,0.0,0.0,0.0,0.0,0.0,None,0.0,0.0,1.0,1.0,0.0,0.0,0.0,0.0,0.0,0.0,0.0,0,0,0,0.0,0,0.0,0.0,0.0,0.0,0.0,1.0,1.0,0,0,0.0,0.0,0,0,0,0,21481.287,420011.993,1.291,0.318384438753128,0,0,0,0,0,0,0,0,0,0,0,0,0.8,0.0,0,0,0,0,0,0,0,1,0,0,0,0.0,0,0.0,0.0,1,0.0,0,0,0.0,0,0,1,0,0.0,0,0.0,0.0,0.0,30.0,0.05,30.0,111010,0,25258,0
SRSE_landbasedwind_class3_moderate_5_anyQual_1,SRSE,LandbasedWind_Class3_Moderate_,5_anyQual_1,1509,23,1,0,1,0,0,0,0,0,0.0,0.0,0,0,0.0,0.0,0.0,0.0,0.0,-1,1.0,0,2727.0,-1.0,0,0,0,0.0,0.0,1065951.189,117661,0,0.0,0,0,0.0,0.0,0,0,0.0,0.0,0.0,0.0,0.0,None,0.0,0.0,1.0,1.0,0.0,0.0,0.0,0.0,0.0,0.0,0.0,0,0,0,0.0,0,0.0,0.0,0.0,0.0,0.0,1.0,1.0,0,0,0.0,0.0,0,0,0,0,22124.53,432589.778,1.291,0.3209102749824524,0,0,0,0,0,0,0,0,0,0,0,0,0.8,0.0,0,0,0,0,0,0,0,1,0,0,0,0.0,0,0.0,0.0,1,0.0,0,0,0.0,0,0,1,0,0.0,0,0.0,0.0,0.0,30.0,0.05,30.0,111653,0,25258,0
SRSE_landbasedwind_class3_moderate_6_anyQual_0,SRSE,LandbasedWind_Class3_Moderate_,6_anyQual_0,1510,23,1,0,1,0,0,0,0,0,0.0,0.0,0,0,0.0,0.0,0.0,0.0,0.0,-1,1.0,0,5775.3,-1.0,0,0,0,0.0,0.0,1065951.189,118051,0,0.0,0,0,0.0,0.0,0,0,0.0,0.0,0.0,0.0,0.0,None,0.0,0.0,1.0,1.0,0.0,0.0,0.0,0.0,0.0,0.0,0.0,0,0,0,0.0,0,0.0,0.0,0.0,0.0,0.0,1.0,1.0,0,0,0.0,0.0,0,0,0,0,22431.494,438592.107,1.291,0.3089869618415832,0,0,0,0,0,0,0,0,0,0,0,0,0.8,0.0,0,0,0,0,0,0,0,1,0,0,0,0.0,0,0.0,0.0,1,0.0,0,0,0.0,0,0,1,0,0.0,0,0.0,0.0,0.0,30.0,0.05,30.0,111960,0,25258,0
SRSE_landbasedwind_class3_moderate_7_anyQual_1,SRSE,LandbasedWind_Class3_Moderate_,7_anyQual_1,1511,23,1,0,1,0,0,0,0,0,0.0,0.0,0,0,0.0,0.0,0.0,0.0,0.0,-1,1.0,0,2797.8,-1.0,0,0,0,0.0,0.0,1065951.189,119373,0,0.0,0,0,0.0,0.0,0,0,0.0,0.0,0.0,0.0,0.0,None,0.0,0.0,1.0,1.0,0.0,0.0,0.0,0.0,0.0,0.0,0.0,0,0,0,0.0,0,0.0,0.0,0.0,0.0,0.0,1.0,1.0,0,0,0.0,0.0,0,0,0,0,23471.01,458916.081,1.291,0.312210738658905,0,0,0,0,0,0,0,0,0,0,0,0,0.8,0.0,0,0,0,0,0,0,0,1,0,0,0,0.0,0,0.0,0.0,1,0.0,0,0,0.0,0,0,1,0,0.0,0,0.0,0.0,0.0,30.0,0.05,30.0,113000,0,25258,0
SRSE_landbasedwind_class3_moderate_8_anyQual_0,SRSE,LandbasedWind_Class3_Moderate_,8_anyQual_0,1512,23,1,0,1,0,0,0,0,0,0.0,0.0,0,0,0.0,0.0,0.0,0.0,0.0,-1,1.0,0,4802.7,-1.0,0,0,0,0.0,0.0,1065951.189,120533,0,0.0,0,0,0.0,0.0,0,0,0.0,0.0,0.0,0.0,0.0,None,0.0,0.0,1.0,1.0,0.0,0.0,0.0,0.0,0.0,0.0,0.0,0,0,0,0.0,0,0.0,0.0,0.0,0.0,0.0,1.0,1.0,0,0,0.0,0.0,0,0,0,0,24382.548,476740.831,1.291,0.3012520968914032,0,0,0,0,0,0,0,0,0,0,0,0,0.8,0.0,0,0,0,0,0,0,0,1,0,0,0,0.0,0,0.0,0.0,1,0.0,0,0,0.0,0,0,1,0,0.0,0,0.0,0.0,0.0,30.0,0.05,30.0,113911,0,25258,0
SRSE_landbasedwind_class3_moderate_9_anyQual_1,SRSE,LandbasedWind_Class3_Moderate_,9_anyQual_1,1513,23,1,0,1,0,0,0,0,0,0.0,0.0,0,0,0.0,0.0,0.0,0.0,0.0,-1,1.0,0,3780.7,-1.0,0,0,0,0.0,0.0,1065951.189,122685,0,0.0,0,0,0.0,0.0,0,0,0.0,0.0,0.0,0.0,0.0,None,0.0,0.0,1.0,1.0,0.0,0.0,0.0,0.0,0.0,0.0,0.0,0,0,0,0.0,0,0.0,0.0,0.0,0.0,0.0,1.0,1.0,0,0,0.0,0.0,0,0,0,0,26074.874,509829.232,1.291,0.3040643036365509,0,0,0,0,0,0,0,0,0,0,0,0,0.8,0.0,0,0,0,0,0,0,0,1,0,0,0,0.0,0,0.0,0.0,1,0.0,0,0,0.0,0,0,1,0,0.0,0,0.0,0.0,0.0,30.0,0.05,30.0,115603,0,25258,0
SRSE_landbasedwind_class3_moderate_10_anyQual_0,SRSE,LandbasedWind_Class3_Moderate_,10_anyQual_0,1514,23,1,0,1,0,0,0,0,0,0.0,0.0,0,0,0.0,0.0,0.0,0.0,0.0,-1,1.0,0,4374.4,-1.0,0,0,0,0.0,0.0,1065951.189,121042,0,0.0,0,0,0.0,0.0,0,0,0.0,0.0,0.0,0.0,0.0,None,0.0,0.0,1.0,1.0,0.0,0.0,0.0,0.0,0.0,0.0,0.0,0,0,0,0.0,0,0.0,0.0,0.0,0.0,0.0,1.0,1.0,0,0,0.0,0.0,0,0,0,0,24782.719,484563.19,1.291,0.2803848087787628,0,0,0,0,0,0,0,0,0,0,0,0,0.8,0.0,0,0,0,0,0,0,0,1,0,0,0,0.0,0,0.0,0.0,1,0.0,0,0,0.0,0,0,1,0,0.0,0,0.0,0.0,0.0,30.0,0.05,30.0,114311,0,25258,0
SRSE_landbasedwind_class3_moderate_11_anyQual_1,SRSE,LandbasedWind_Class3_Moderate_,11_anyQual_1,1515,23,1,0,1,0,0,0,0,0,0.0,0.0,0,0,0.0,0.0,0.0,0.0,0.0,-1,1.0,0,4207.5,-1.0,0,0,0,0.0,0.0,1065951.189,128861,0,0.0,0,0,0.0,0.0,0,0,0.0,0.0,0.0,0.0,0.0,None,0.0,0.0,1.0,1.0,0.0,0.0,0.0,0.0,0.0,0.0,0.0,0,0,0,0.0,0,0.0,0.0,0.0,0.0,0.0,1.0,1.0,0,0,0.0,0.0,0,0,0,0,30930.012,604761.623,1.291,0.2941429316997528,0,0,0,0,0,0,0,0,0,0,0,0,0.8,0.0,0,0,0,0,0,0,0,1,0,0,0,0.0,0,0.0,0.0,1,0.0,0,0,0.0,0,0,1,0,0.0,0,0.0,0.0,0.0,30.0,0.05,30.0,120459,0,25258,0
SRSE_offshorewind_class3_moderate_fixed_0_1,SRSE,OffShoreWind_Class3_Moderate_fixed_0,1,1516,23,1,0,1,0,0,0,0,0,0.0,0.0,0,0,0.0,0.0,0.0,0.0,0.0,-1,1.0,0,3644.0,-1.0,0,0,0,0.0,0.0,2642898.3,275346,0,0.0,0,0,0.0,0.0,0,0,0.0,0.0,0.0,0.0,0.0,None,0.0,0.0,1.0,1.0,0.0,0.0,0.0,0.0,0.0,0.0,0.0,0,0,0,0.0,0,0.0,0.0,0.0,0.0,0.0,1.0,1.0,0,0,0.0,0.0,0,0,0,0,79284.02,1550196.513,1.015,0.3108696341514587,0,0,0,0,0,0,0,0,0,0,0,0,0.8,0.0,0,0,0,0,0,0,0,1,0,0,0,0.0,0,0.0,0.0,1,0.0,0,0,0.0,0,0,1,0,0.0,0,0.0,0.0,0.0,30.0,0.05,30.0,253738,0,82811,0
SRSE_offshorewind_class3_moderate_fixed_0_2,SRSE,OffShoreWind_Class3_Moderate_fixed_0,2,1517,23,1,0,1,0,0,0,0,0,0.0,0.0,0,0,0.0,0.0,0.0,0.0,0.0,-1,1.0,0,3558.8,-1.0,0,0,0,0.0,0.0,2642898.3,279486,0,0.0,0,0,0.0,0.0,0,0,0.0,0.0,0.0,0.0,0.0,None,0.0,0.0,1.0,1.0,0.0,0.0,0.0,0.0,0.0,0.0,0.0,0,0,0,0.0,0,0.0,0.0,0.0,0.0,0.0,1.0,1.0,0,0,0.0,0.0,0,0,0,0,82539.542,1613849.516,1.015,0.3120403587818146,0,0,0,0,0,0,0,0,0,0,0,0,0.8,0.0,0,0,0,0,0,0,0,1,0,0,0,0.0,0,0.0,0.0,1,0.0,0,0,0.0,0,0,1,0,0.0,0,0.0,0.0,0.0,30.0,0.05,30.0,256993,0,82811,0
SRSE_offshorewind_class3_moderate_fixed_0_3,SRSE,OffShoreWind_Class3_Moderate_fixed_0,3,1518,23,1,0,1,0,0,0,0,0,0.0,0.0,0,0,0.0,0.0,0.0,0.0,0.0,-1,1.0,0,3569.5,-1.0,0,0,0,0.0,0.0,2642898.3,282893,0,0.0,0,0,0.0,0.0,0,0,0.0,0.0,0.0,0.0,0.0,None,0.0,0.0,1.0,1.0,0.0,0.0,0.0,0.0,0.0,0.0,0.0,0,0,0,0.0,0,0.0,0.0,0.0,0.0,0.0,1.0,1.0,0,0,0.0,0.0,0,0,0,0,85217.469,1666209.435,1.015,0.3142192959785461,0,0,0,0,0,0,0,0,0,0,0,0,0.8,0.0,0,0,0,0,0,0,0,1,0,0,0,0.0,0,0.0,0.0,1,0.0,0,0,0.0,0,0,1,0,0.0,0,0.0,0.0,0.0,30.0,0.05,30.0,259671,0,82811,0
SRSE_offshorewind_class12_moderate_floating_0_1,SRSE,OffShoreWind_Class12_Moderate_floating_0,1,1519,23,1,0,1,0,0,0,0,0,0.0,0.0,0,0,0.0,0.0,0.0,0.0,0.0,-1,1.0,0,640.0,-1.0,0,0,0,0.0,0.0,4211164.784,397443,0,0.0,0,0,0.0,0.0,0,0,0.0,0.0,0.0,0.0,0.0,None,0.0,0.0,1.0,1.0,0.0,0.0,0.0,0.0,0.0,0.0,0.0,0,0,0,0.0,0,0.0,0.0,0.0,0.0,0.0,1.0,1.0,0,0,0.0,0.0,0,0,0,0,93867.307,1835334.62,1.015,0.3154000043869018,0,0,0,0,0,0,0,0,0,0,0,0,0.8,0.0,0,0,0,0,0,0,0,1,0,0,0,0.0,0,0.0,0.0,1,0.0,0,0,0.0,0,0,1,0,0.0,0,0.0,0.0,0.0,30.0,0.05,30.0,371841,0,72317,0
SRSE_offshorewind_class12_moderate_floating_0_2,SRSE,OffShoreWind_Class12_Moderate_floating_0,2,1520,23,1,0,1,0,0,0,0,0,0.0,0.0,0,0,0.0,0.0,0.0,0.0,0.0,-1,1.0,0,638.6,-1.0,0,0,0,0.0,0.0,4211164.784,399118,0,0.0,0,0,0.0,0.0,0,0,0.0,0.0,0.0,0.0,0.0,None,0.0,0.0,1.0,1.0,0.0,0.0,0.0,0.0,0.0,0.0,0.0,0,0,0,0.0,0,0.0,0.0,0.0,0.0,0.0,1.0,1.0,0,0,0.0,0.0,0,0,0,0,95184.531,1861089.548,1.015,0.3159999847412109,0,0,0,0,0,0,0,0,0,0,0,0,0.8,0.0,0,0,0,0,0,0,0,1,0,0,0,0.0,0,0.0,0.0,1,0.0,0,0,0.0,0,0,1,0,0.0,0,0.0,0.0,0.0,30.0,0.05,30.0,373158,0,72317,0
SRSE_offshorewind_class12_moderate_floating_0_3,SRSE,OffShoreWind_Class12_Moderate_floating_0,3,1521,23,1,0,1,0,0,0,0,0,0.0,0.0,0,0,0.0,0.0,0.0,0.0,0.0,-1,1.0,0,512.0,-1.0,0,0,0,0.0,0.0,4211164.784,400096,0,0.0,0,0,0.0,0.0,0,0,0.0,0.0,0.0,0.0,0.0,None,0.0,0.0,1.0,1.0,0.0,0.0,0.0,0.0,0.0,0.0,0.0,0,0,0,0.0,0,0.0,0.0,0.0,0.0,0.0,1.0,1.0,0,0,0.0,0.0,0,0,0,0,95953.232,1876119.55,1.015,0.3162500262260437,0,0,0,0,0,0,0,0,0,0,0,0,0.8,0.0,0,0,0,0,0,0,0,1,0,0,0,0.0,0,0.0,0.0,1,0.0,0,0,0.0,0,0,1,0,0.0,0,0.0,0.0,0.0,30.0,0.05,30.0,373927,0,72317,0
SRSG_naturalgas_hframe_cc_95_ccs_moderate_0,SRSG,NaturalGas_H-Frame CC 95% CCS_Moderate,0,1522,24,0,1,0,0,0,0,0,0,0.0,0.93,0,0,0.0,0.0,0.0,0.0,0.0,-1,500.0,0,-1.0,-1.0,0,0,0,0.0,0.0,1943268.308,112661,0,0.0,0,0,16.97,0.0,0,0,106.0,2.0,6.78,0.0,0.0,mountain_naturalgas_ccs95,0.6,0.0,1.0,1.0,0.0,0.0,0.0,0.106666667,0.213333333,0.0,0.0,0,0,0,0.95,27,9440.731,110710.357,39.228,0.342,13.409,0.64,0.64,6,6,10.0,43330.0,0,0,0,0,0.0,0.0,0.861,0.0,0,0,0,0,0,0,0,0,0,0,0,0,0.0,0.0,0,0,0,0,0,0,0,0,0,0,0,0.0,0,0.0,0.0,0,0.0,0,0,0.0,0,0,0,1,0.0,0,0.0,0.0,0.0,30.0,0.05,30.0,120298,0,48512,0
SRSG_naturalgas_hframe_cc_moderate_0,SRSG,NaturalGas_H-Frame CC_Moderate,0,1523,24,0,1,0,0,0,0,0,0,0.0,0.93,0,0,0.0,0.0,0.0,0.0,0.0,-1,500.0,0,-1.0,-1.0,0,0,0,0.0,0.0,1096691.96,65528,0,0.0,0,0,1.72,0.0,0,0,106.0,2.0,6.09,0.0,0.0,mountain_naturalgas,0.3,0.0,1.0,1.0,0.0,0.0,0.0,0.0,0.0,0.0,0.0,0,0,0,0.0,0,0.0,0.0,0.0,0.0,0.0,0.64,0.64,6,6,10.0,43330.0,0,0,0,0,0.0,0.0,0.879,0.0,0,0,0,0,0,0,0,0,0,0,0,0,0.0,0.0,0,0,0,0,0,0,0,0,0,0,0,0.0,0,0.0,0.0,0,0.0,0,0,0.0,0,0,0,0,0.0,0,0.0,0.0,0.0,30.0,0.05,30.0,64803,0,26266,0
SRSG_naturalgas_fframe_ct_moderate_0,SRSG,NaturalGas_F-Frame CT_Moderate,0,1524,24,0,1,0,0,0,0,0,0,0.0,0.93,0,0,0.0,0.0,0.0,0.0,0.0,-1,100.0,0,-1.0,-1.0,0,0,0,0.0,0.0,977045.463,56017,0,0.0,0,0,6.15,0.0,0,0,137.0,3.5,9.72,0.0,0.0,mountain_naturalgas,0.3,0.0,1.0,1.0,0.0,0.0,0.0,0.0,0.0,0.0,0.0,0,0,0,0.0,0,0.0,0.0,0.0,0.0,0.0,3.78,3.78,1,1,10.0,43330.0,0,0,0,0,0.0,0.0,0.837,0.0,0,0,0,0,0,0,0,0,0,0,0,0,0.0,0.0,0,0,0,0,0,0,0,0,0,0,0,0.0,0,0.0,0.0,0,0.0,0,0,0.0,0,0,0,0,0.0,0,0.0,0.0,0.0,30.0,0.05,30.0,55236,0,21509,0
SRSG_battery_moderate_0,SRSG,Battery_*_Moderate,0,1525,24,0,0,0,0,1,0,0,0,0.0,0.95,0,0,0.0,0.0,0.0,0.0,0.0,-1,1.0,0,-1.0,-1.0,0,0,0,0.0,0.0,274910.679,26803,0,205428.952,20029,0,0.15,0.15,0,0,0.0,0.0,0.0,0.0,0.0,None,0.0,0.0,0.92,0.92,0.0,1.0,10.0,0.0,0.0,0.0,0.0,0,0,0,0.0,0,0.0,0.0,0.0,0.0,0.0,1.0,1.0,0,0,0.0,0.0,0,0,0,0,0.0,0.0,1.012,0.0,0,0,0,0,0,0,0,0,0,0,0,0,0.0,0.0,0,0,0,0,0,0,0,0,0,0,0,0.0,0,0.0,0.0,0,0.0,0,0,0.0,0,0,0,0,0.0,0,0.0,0.0,0.0,15.0,0.05,15.0,26811,20034,6872,5135
SRSG_nuclear_nuclear_moderate_0,SRSG,Nuclear_Nuclear_Moderate,0,1526,24,0,1,0,0,0,0,0,0,0.0,0.93,0,0,0.0,0.0,0.0,0.0,0.0,-1,2000.0,0,-1.0,-1.0,0,0,0,0.0,0.0,7229469.526,435631,0,0.0,0,0,2.36,0.0,0,0,285.0,0.0,10.45,0.0,0.0,mountain_uranium,0.5,0.0,1.0,1.0,0.0,0.0,0.0,0.041666667,0.083333333,0.0,0.0,0,0,0,0.0,0,0.0,0.0,0.0,0.0,0.0,0.25,0.25,24,24,50.0,216650.0,0,0,0,0,0.0,0.0,1.004,0.0,0,0,0,0,0,0,0,0,0,0,0,0,0.0,0.0,0,0,0,0,0,0,0,0,0,0,0,0.0,0,0.0,0.0,0,0.0,0,0,0.0,0,0,0,1,0.0,0,0.0,0.0,0.0,40.0,0.05,40.0,433298,0,145294,0
SRSG_hydrogen_fframe_ct_moderate_0,SRSG,Hydrogen_F-Frame CT_Moderate,0,1527,24,0,1,0,0,0,0,0,0,0.0,0.93,0,0,0.0,0.0,0.0,0.0,0.0,-1,100.0,0,-1.0,-1.0,0,0,0,0.0,0.0,1074750.009,58518,0,0.0,0,0,6.15,0.0,0,0,137.0,3.5,9.72,0.0,0.0,hydrogen,0.3,0.0,1.0,1.0,0.0,0.0,0.0,0.0,0.0,0.0,0.0,0,0,0,0.0,0,0.0,0.0,0.0,0.0,0.0,3.78,3.78,1,1,0.0,0.0,0,0,0,0,0.0,0.0,0.837,0.0,0,0,0,0,0,0,0,0,0,0,0,0,0.0,0.0,0,0,0,0,0,0,0,0,0,0,0,0.0,0,0.0,0.0,0,0.0,0,0,0.0,0,0,0,1,0.0,0,0.0,0.0,0.0,30.0,0.05,30.0,58491,0,21509,0
SRSG_hydrogen_hframe_cc_moderate_0,SRSG,Hydrogen_H-Frame CC_Moderate,0,1528,24,0,1,0,0,0,0,0,0,0.0,0.93,0,0,0.0,0.0,0.0,0.0,0.0,-1,500.0,0,-1.0,-1.0,0,0,0,0.0,0.0,1206361.156,68980,0,0.0,0,0,1.72,0.0,0,0,106.0,2.0,6.09,0.0,0.0,hydrogen,0.3,0.0,1.0,1.0,0.0,0.0,0.0,0.0,0.0,0.0,0.0,0,0,0,0.0,0,0.0,0.0,0.0,0.0,0.0,0.64,0.64,6,6,0.0,0.0,0,0,0,0,0.0,0.0,0.879,0.0,0,0,0,0,0,0,0,0,0,0,0,0,0.0,0.0,0,0,0,0,0,0,0,0,0,0,0,0.0,0,0.0,0.0,0,0.0,0,0,0.0,0,0,0,1,0.0,0,0.0,0.0,0.0,30.0,0.05,30.0,69015,0,26266,0
SRSG_landbasedwind_class3_moderate_0_anyQual_0,SRSG,LandbasedWind_Class3_Moderate_,0_anyQual_0,1529,24,1,0,1,0,0,0,0,0,0.0,0.8,0,0,0.0,4771.0,0.0,0.0,0.0,-1,1.0,0,4771.5,-1.0,0,0,0,0.0,0.0,1065951.189,84005,119704,0.0,0,0,0.0,0.0,0,0,0.0,0.0,0.0,0.0,0.0,None,0.0,0.0,1.0,1.0,0.0,0.0,0.0,0.0,0.0,0.0,0.0,0,0,0,0.0,0,0.0,0.0,0.0,0.0,0.0,1.0,1.0,0,0,0.0,0.0,0,0,0,0,13981.395,273371.725,0.955,0.3645825088024139,0,0,0,0,0,0,0,0,0,0,0,0,0.0,0.0,0,0,0,0,0,1,0,1,0,0,0,0.0,0,0.0,0.0,0,0.0,0,0,0.0,0,0,0,1,0.0,0,0.0,0.0,0.0,30.0,0.05,30.0,80220,0,25258,0
SRSG_landbasedwind_class3_moderate_1_anyQual_1,SRSG,LandbasedWind_Class3_Moderate_,1_anyQual_1,1530,24,1,0,1,0,0,0,0,0,0.0,0.8,0,0,0.0,5155.0,0.0,0.0,0.0,-1,1.0,0,5155.6,-1.0,0,0,0,0.0,0.0,1065951.189,100533,136232,0.0,0,0,0.0,0.0,0,0,0.0,0.0,0.0,0.0,0.0,None,0.0,0.0,1.0,1.0,0.0,0.0,0.0,0.0,0.0,0.0,0.0,0,0,0,0.0,0,0.0,0.0,0.0,0.0,0.0,1.0,1.0,0,0,0.0,0.0,0,0,0,0,26976.244,527454.678,0.955,0.4400554597377777,0,0,0,0,0,0,0,0,0,0,0,0,0.0,0.0,0,0,0,0,0,1,0,1,0,0,0,0.0,0,0.0,0.0,0,0.0,0,0,0.0,0,0,0,1,0.0,0,0.0,0.0,0.0,30.0,0.05,30.0,93215,0,25258,0
SRSG_landbasedwind_class3_moderate_2_anyQual_1,SRSG,LandbasedWind_Class3_Moderate_,2_anyQual_1,1531,24,1,0,1,0,0,0,0,0,0.0,0.8,0,0,0.0,6799.0,0.0,0.0,0.0,-1,1.0,0,6799.9,-1.0,0,0,0,0.0,0.0,1065951.189,95598,131296,0.0,0,0,0.0,0.0,0,0,0.0,0.0,0.0,0.0,0.0,None,0.0,0.0,1.0,1.0,0.0,0.0,0.0,0.0,0.0,0.0,0.0,0,0,0,0.0,0,0.0,0.0,0.0,0.0,0.0,1.0,1.0,0,0,0.0,0.0,0,0,0,0,23096.443,451594.374,0.955,0.3681295812129974,0,0,0,0,0,0,0,0,0,0,0,0,0.0,0.0,0,0,0,0,0,1,0,1,0,0,0,0.0,0,0.0,0.0,0,0.0,0,0,0.0,0,0,0,1,0.0,0,0.0,0.0,0.0,30.0,0.05,30.0,89335,0,25258,0
SRSG_landbasedwind_class3_moderate_3_anyQual_0,SRSG,LandbasedWind_Class3_Moderate_,3_anyQual_0,1532,24,1,0,1,0,0,0,0,0,0.0,0.8,0,0,0.0,0.0,0.0,0.0,0.0,-1,1.0,0,4656.4,-1.0,0,0,0,0.0,0.0,1065951.189,91174,0,0.0,0,0,0.0,0.0,0,0,0.0,0.0,0.0,0.0,0.0,None,0.0,0.0,1.0,1.0,0.0,0.0,0.0,0.0,0.0,0.0,0.0,0,0,0,0.0,0,0.0,0.0,0.0,0.0,0.0,1.0,1.0,0,0,0.0,0.0,0,0,0,0,19618.132,383584.2,0.955,0.317307561635971,0,0,0,0,0,0,0,0,0,0,0,0,0.0,0.0,0,0,0,0,0,1,0,1,0,0,0,0.0,0,0.0,0.0,0,0.0,0,0,0.0,0,0,0,1,0.0,0,0.0,0.0,0.0,30.0,0.05,30.0,85857,0,25258,0
SRSG_landbasedwind_class3_moderate_4_anyQual_1,SRSG,LandbasedWind_Class3_Moderate_,4_anyQual_1,1533,24,1,0,1,0,0,0,0,0,0.0,0.8,0,0,0.0,0.0,0.0,0.0,0.0,-1,1.0,0,9109.4,-1.0,0,0,0,0.0,0.0,1065951.189,100540,0,0.0,0,0,0.0,0.0,0,0,0.0,0.0,0.0,0.0,0.0,None,0.0,0.0,1.0,1.0,0.0,0.0,0.0,0.0,0.0,0.0,0.0,0,0,0,0.0,0,0.0,0.0,0.0,0.0,0.0,1.0,1.0,0,0,0.0,0.0,0,0,0,0,26981.906,527565.772,0.955,0.3343436121940613,0,0,0,0,0,0,0,0,0,0,0,0,0.0,0.0,0,0,0,0,0,1,0,1,0,0,0,0.0,0,0.0,0.0,0,0.0,0,0,0.0,0,0,0,1,0.0,0,0.0,0.0,0.0,30.0,0.05,30.0,93220,0,25258,0
SRSG_landbasedwind_class3_moderate_5_anyQual_1,SRSG,LandbasedWind_Class3_Moderate_,5_anyQual_1,1534,24,1,0,1,0,0,0,0,0,0.0,0.8,0,0,0.0,0.0,0.0,0.0,0.0,-1,1.0,0,2865.1,-1.0,0,0,0,0.0,0.0,1065951.189,126678,0,0.0,0,0,0.0,0.0,0,0,0.0,0.0,0.0,0.0,0.0,None,0.0,0.0,1.0,1.0,0.0,0.0,0.0,0.0,0.0,0.0,0.0,0,0,0,0.0,0,0.0,0.0,0.0,0.0,0.0,1.0,1.0,0,0,0.0,0.0,0,0,0,0,47531.347,929360.446,0.955,0.3876438438892364,0,0,0,0,0,0,0,0,0,0,0,0,0.0,0.0,0,0,0,0,0,1,0,1,0,0,0,0.0,0,0.0,0.0,0,0.0,0,0,0.0,0,0,0,1,0.0,0,0.0,0.0,0.0,30.0,0.05,30.0,113770,0,25258,0
SRSG_landbasedwind_class3_moderate_6_anyQual_0,SRSG,LandbasedWind_Class3_Moderate_,6_anyQual_0,1535,24,1,0,1,0,0,0,0,0,0.0,0.8,0,0,0.0,0.0,0.0,0.0,0.0,-1,1.0,0,6009.2,-1.0,0,0,0,0.0,0.0,1065951.189,92481,0,0.0,0,0,0.0,0.0,0,0,0.0,0.0,0.0,0.0,0.0,None,0.0,0.0,1.0,1.0,0.0,0.0,0.0,0.0,0.0,0.0,0.0,0,0,0,0.0,0,0.0,0.0,0.0,0.0,0.0,1.0,1.0,0,0,0.0,0.0,0,0,0,0,20645.591,403673.074,0.955,0.2981269657611847,0,0,0,0,0,0,0,0,0,0,0,0,0.0,0.0,0,0,0,0,0,1,0,1,0,0,0,0.0,0,0.0,0.0,0,0.0,0,0,0.0,0,0,0,1,0.0,0,0.0,0.0,0.0,30.0,0.05,30.0,86884,0,25258,0
SRSG_landbasedwind_class3_moderate_7_anyQual_1,SRSG,LandbasedWind_Class3_Moderate_,7_anyQual_1,1536,24,1,0,1,0,0,0,0,0,0.0,0.8,0,0,0.0,0.0,0.0,0.0,0.0,-1,1.0,0,5236.9,-1.0,0,0,0,0.0,0.0,1065951.189,124077,0,0.0,0,0,0.0,0.0,0,0,0.0,0.0,0.0,0.0,0.0,None,0.0,0.0,1.0,1.0,0.0,0.0,0.0,0.0,0.0,0.0,0.0,0,0,0,0.0,0,0.0,0.0,0.0,0.0,0.0,1.0,1.0,0,0,0.0,0.0,0,0,0,0,45486.589,889380.928,0.955,0.3503560721874237,0,0,0,0,0,0,0,0,0,0,0,0,0.0,0.0,0,0,0,0,0,1,0,1,0,0,0,0.0,0,0.0,0.0,0,0.0,0,0,0.0,0,0,0,1,0.0,0,0.0,0.0,0.0,30.0,0.05,30.0,111725,0,25258,0
SRSG_landbasedwind_class3_moderate_8_anyQual_1,SRSG,LandbasedWind_Class3_Moderate_,8_anyQual_1,1537,24,1,0,1,0,0,0,0,0,0.0,0.8,0,0,0.0,0.0,0.0,0.0,0.0,-1,1.0,0,5476.4,-1.0,0,0,0,0.0,0.0,1065951.189,101073,0,0.0,0,0,0.0,0.0,0,0,0.0,0.0,0.0,0.0,0.0,None,0.0,0.0,1.0,1.0,0.0,0.0,0.0,0.0,0.0,0.0,0.0,0,0,0,0.0,0,0.0,0.0,0.0,0.0,0.0,1.0,1.0,0,0,0.0,0.0,0,0,0,0,27401.259,535763.612,0.955,0.3129967153072357,0,0,0,0,0,0,0,0,0,0,0,0,0.0,0.0,0,0,0,0,0,1,0,1,0,0,0,0.0,0,0.0,0.0,0,0.0,0,0,0.0,0,0,0,1,0.0,0,0.0,0.0,0.0,30.0,0.05,30.0,93640,0,25258,0
SRSG_landbasedwind_class3_moderate_9_anyQual_0,SRSG,LandbasedWind_Class3_Moderate_,9_anyQual_0,1538,24,1,0,1,0,0,0,0,0,0.0,0.8,0,0,0.0,0.0,0.0,0.0,0.0,-1,1.0,0,5161.6,-1.0,0,0,0,0.0,0.0,1065951.189,93174,0,0.0,0,0,0.0,0.0,0,0,0.0,0.0,0.0,0.0,0.0,None,0.0,0.0,1.0,1.0,0.0,0.0,0.0,0.0,0.0,0.0,0.0,0,0,0,0.0,0,0.0,0.0,0.0,0.0,0.0,1.0,1.0,0,0,0.0,0.0,0,0,0,0,21190.963,414336.694,0.955,0.2855267822742462,0,0,0,0,0,0,0,0,0,0,0,0,0.0,0.0,0,0,0,0,0,1,0,1,0,0,0,0.0,0,0.0,0.0,0,0.0,0,0,0.0,0,0,0,1,0.0,0,0.0,0.0,0.0,30.0,0.05,30.0,87429,0,25258,0
SRSG_landbasedwind_class3_moderate_10_anyQual_1,SRSG,LandbasedWind_Class3_Moderate_,10_anyQual_1,1539,24,1,0,1,0,0,0,0,0,0.0,0.8,0,0,0.0,0.0,0.0,0.0,0.0,-1,1.0,0,8519.9,-1.0,0,0,0,0.0,0.0,1065951.189,119216,0,0.0,0,0,0.0,0.0,0,0,0.0,0.0,0.0,0.0,0.0,None,0.0,0.0,1.0,1.0,0.0,0.0,0.0,0.0,0.0,0.0,0.0,0,0,0,0.0,0,0.0,0.0,0.0,0.0,0.0,1.0,1.0,0,0,0.0,0.0,0,0,0,0,41665.231,814662.448,0.955,0.325360506772995,0,0,0,0,0,0,0,0,0,0,0,0,0.0,0.0,0,0,0,0,0,1,0,1,0,0,0,0.0,0,0.0,0.0,0,0.0,0,0,0.0,0,0,0,1,0.0,0,0.0,0.0,0.0,30.0,0.05,30.0,107904,0,25258,0
SRSG_landbasedwind_class3_moderate_11_anyQual_1,SRSG,LandbasedWind_Class3_Moderate_,11_anyQual_1,1540,24,1,0,1,0,0,0,0,0,0.0,0.8,0,0,0.0,0.0,0.0,0.0,0.0,-1,1.0,0,3014.8,-1.0,0,0,0,0.0,0.0,1065951.189,94843,0,0.0,0,0,0.0,0.0,0,0,0.0,0.0,0.0,0.0,0.0,None,0.0,0.0,1.0,1.0,0.0,0.0,0.0,0.0,0.0,0.0,0.0,0,0,0,0.0,0,0.0,0.0,0.0,0.0,0.0,1.0,1.0,0,0,0.0,0.0,0,0,0,0,22502.865,439988.585,0.955,0.2871465682983398,0,0,0,0,0,0,0,0,0,0,0,0,0.0,0.0,0,0,0,0,0,1,0,1,0,0,0,0.0,0,0.0,0.0,0,0.0,0,0,0.0,0,0,0,1,0.0,0,0.0,0.0,0.0,30.0,0.05,30.0,88741,0,25258,0
SRSG_landbasedwind_class3_moderate_12_anyQual_0,SRSG,LandbasedWind_Class3_Moderate_,12_anyQual_0,1541,24,1,0,1,0,0,0,0,0,0.0,0.8,0,0,0.0,0.0,0.0,0.0,0.0,-1,1.0,0,4786.4,-1.0,0,0,0,0.0,0.0,1065951.189,91147,0,0.0,0,0,0.0,0.0,0,0,0.0,0.0,0.0,0.0,0.0,None,0.0,0.0,1.0,1.0,0.0,0.0,0.0,0.0,0.0,0.0,0.0,0,0,0,0.0,0,0.0,0.0,0.0,0.0,0.0,1.0,1.0,0,0,0.0,0.0,0,0,0,0,19597.287,383176.502,0.955,0.2711445689201355,0,0,0,0,0,0,0,0,0,0,0,0,0.0,0.0,0,0,0,0,0,1,0,1,0,0,0,0.0,0,0.0,0.0,0,0.0,0,0,0.0,0,0,0,1,0.0,0,0.0,0.0,0.0,30.0,0.05,30.0,85836,0,25258,0
SRSG_landbasedwind_class3_moderate_13_anyQual_1,SRSG,LandbasedWind_Class3_Moderate_,13_anyQual_1,1542,24,1,0,1,0,0,0,0,0,0.0,0.8,0,0,0.0,0.0,0.0,0.0,0.0,-1,1.0,0,8881.8,-1.0,0,0,0,0.0,0.0,1065951.189,121129,0,0.0,0,0,0.0,0.0,0,0,0.0,0.0,0.0,0.0,0.0,None,0.0,0.0,1.0,1.0,0.0,0.0,0.0,0.0,0.0,0.0,0.0,0,0,0,0.0,0,0.0,0.0,0.0,0.0,0.0,1.0,1.0,0,0,0.0,0.0,0,0,0,0,43168.736,844060.078,0.955,0.3161840140819549,0,0,0,0,0,0,0,0,0,0,0,0,0.0,0.0,0,0,0,0,0,1,0,1,0,0,0,0.0,0,0.0,0.0,0,0.0,0,0,0.0,0,0,0,1,0.0,0,0.0,0.0,0.0,30.0,0.05,30.0,109407,0,25258,0
SRSG_landbasedwind_class3_moderate_14_anyQual_1,SRSG,LandbasedWind_Class3_Moderate_,14_anyQual_1,1543,24,1,0,1,0,0,0,0,0,0.0,0.8,0,0,0.0,0.0,0.0,0.0,0.0,-1,1.0,0,2948.1,-1.0,0,0,0,0.0,0.0,1065951.189,99659,0,0.0,0,0,0.0,0.0,0,0,0.0,0.0,0.0,0.0,0.0,None,0.0,0.0,1.0,1.0,0.0,0.0,0.0,0.0,0.0,0.0,0.0,0,0,0,0.0,0,0.0,0.0,0.0,0.0,0.0,1.0,1.0,0,0,0.0,0.0,0,0,0,0,26289.293,514021.736,0.955,0.2837740778923034,0,0,0,0,0,0,0,0,0,0,0,0,0.0,0.0,0,0,0,0,0,1,0,1,0,0,0,0.0,0,0.0,0.0,0,0.0,0,0,0.0,0,0,0,1,0.0,0,0.0,0.0,0.0,30.0,0.05,30.0,92528,0,25258,0
SRSG_landbasedwind_class3_moderate_15_anyQual_0,SRSG,LandbasedWind_Class3_Moderate_,15_anyQual_0,1544,24,1,0,1,0,0,0,0,0,0.0,0.8,0,0,0.0,0.0,0.0,0.0,0.0,-1,1.0,0,4649.5,-1.0,0,0,0,0.0,0.0,1065951.189,93557,0,0.0,0,0,0.0,0.0,0,0,0.0,0.0,0.0,0.0,0.0,None,0.0,0.0,1.0,1.0,0.0,0.0,0.0,0.0,0.0,0.0,0.0,0,0,0,0.0,0,0.0,0.0,0.0,0.0,0.0,1.0,1.0,0,0,0.0,0.0,0,0,0,0,21491.732,420217.589,0.955,0.2635390162467956,0,0,0,0,0,0,0,0,0,0,0,0,0.0,0.0,0,0,0,0,0,1,0,1,0,0,0,0.0,0,0.0,0.0,0,0.0,0,0,0.0,0,0,0,1,0.0,0,0.0,0.0,0.0,30.0,0.05,30.0,87730,0,25258,0
SRSG_landbasedwind_class3_moderate_16_anyQual_1,SRSG,LandbasedWind_Class3_Moderate_,16_anyQual_1,1545,24,1,0,1,0,0,0,0,0,0.0,0.8,0,0,0.0,0.0,0.0,0.0,0.0,-1,1.0,0,9288.3,-1.0,0,0,0,0.0,0.0,1065951.189,124128,0,0.0,0,0,0.0,0.0,0,0,0.0,0.0,0.0,0.0,0.0,None,0.0,0.0,1.0,1.0,0.0,0.0,0.0,0.0,0.0,0.0,0.0,0,0,0,0.0,0,0.0,0.0,0.0,0.0,0.0,1.0,1.0,0,0,0.0,0.0,0,0,0,0,45527.138,890173.902,0.955,0.3081009984016418,0,0,0,0,0,0,0,0,0,0,0,0,0.0,0.0,0,0,0,0,0,1,0,1,0,0,0,0.0,0,0.0,0.0,0,0.0,0,0,0.0,0,0,0,1,0.0,0,0.0,0.0,0.0,30.0,0.05,30.0,111766,0,25258,0
SRSG_landbasedwind_class3_moderate_17_anyQual_1,SRSG,LandbasedWind_Class3_Moderate_,17_anyQual_1,1546,24,1,0,1,0,0,0,0,0,0.0,0.8,0,0,0.0,0.0,0.0,0.0,0.0,-1,1.0,0,2720.3,-1.0,0,0,0,0.0,0.0,1065951.189,97360,0,0.0,0,0,0.0,0.0,0,0,0.0,0.0,0.0,0.0,0.0,None,0.0,0.0,1.0,1.0,0.0,0.0,0.0,0.0,0.0,0.0,0.0,0,0,0,0.0,0,0.0,0.0,0.0,0.0,0.0,1.0,1.0,0,0,0.0,0.0,0,0,0,0,24481.94,478682.938,0.955,0.2694975435733795,0,0,0,0,0,0,0,0,0,0,0,0,0.0,0.0,0,0,0,0,0,1,0,1,0,0,0,0.0,0,0.0,0.0,0,0.0,0,0,0.0,0,0,0,1,0.0,0,0.0,0.0,0.0,30.0,0.05,30.0,90720,0,25258,0
SRSG_utilitypv_class1_moderate_0_anyQual_0,SRSG,UtilityPV_Class1_Moderate_,0_anyQual_0,1547,24,1,0,1,0,0,0,0,0,0.0,0.8,0,0,0.0,2851.0,0.0,0.0,0.0,-1,1.0,0,17640.9,-1.0,0,0,0,0.0,0.0,871935.36,58005,96146,0.0,0,0,0.0,0.0,0,0,0.0,0.0,0.0,0.0,0.0,None,0.0,0.0,1.0,1.0,0.0,0.0,0.0,0.0,0.0,0.0,0.0,0,0,0,0.0,0,0.0,0.0,0.0,0.0,0.0,1.0,1.0,0,0,0.0,0.0,0,0,0,0,2570.381,50257.175,0.965,0.2928292453289032,0,0,0,0,0,0,0,0,0,0,0,0,0.0,0.0,0,0,0,0,0,1,0,1,0,0,0,0.0,0,0.0,0.0,0,0.0,0,0,0.0,0,0,0,1,0.0,0,0.0,0.0,0.0,30.0,0.05,30.0,57330,0,15760,0
SRSG_utilitypv_class1_moderate_1_anyQual_0,SRSG,UtilityPV_Class1_Moderate_,1_anyQual_0,1548,24,1,0,1,0,0,0,0,0,0.0,0.8,0,0,0.0,8133.0,0.0,0.0,0.0,-1,1.0,0,8133.6,-1.0,0,0,0,0.0,0.0,871935.36,58163,96303,0.0,0,0,0.0,0.0,0,0,0.0,0.0,0.0,0.0,0.0,None,0.0,0.0,1.0,1.0,0.0,0.0,0.0,0.0,0.0,0.0,0.0,0,0,0,0.0,0,0.0,0.0,0.0,0.0,0.0,1.0,1.0,0,0,0.0,0.0,0,0,0,0,2694.788,52689.64,0.965,0.3009922504425049,0,0,0,0,0,0,0,0,0,0,0,0,0.0,0.0,0,0,0,0,0,1,0,1,0,0,0,0.0,0,0.0,0.0,0,0.0,0,0,0.0,0,0,0,1,0.0,0,0.0,0.0,0.0,30.0,0.05,30.0,57454,0,15760,0
SRSG_utilitypv_class1_moderate_2_anyQual_1,SRSG,UtilityPV_Class1_Moderate_,2_anyQual_1,1549,24,1,0,1,0,0,0,0,0,0.0,0.8,0,0,0.0,4281.0,0.0,0.0,0.0,-1,1.0,0,4281.7,-1.0,0,0,0,0.0,0.0,871935.36,57853,95994,0.0,0,0,0.0,0.0,0,0,0.0,0.0,0.0,0.0,0.0,None,0.0,0.0,1.0,1.0,0.0,0.0,0.0,0.0,0.0,0.0,0.0,0,0,0,0.0,0,0.0,0.0,0.0,0.0,0.0,1.0,1.0,0,0,0.0,0.0,0,0,0,0,2451.229,47927.465,0.965,0.3021233677864074,0,0,0,0,0,0,0,0,0,0,0,0,0.0,0.0,0,0,0,0,0,1,0,1,0,0,0,0.0,0,0.0,0.0,0,0.0,0,0,0.0,0,0,0,1,0.0,0,0.0,0.0,0.0,30.0,0.05,30.0,57211,0,15760,0
SRSG_utilitypv_class1_moderate_3_anyQual_0,SRSG,UtilityPV_Class1_Moderate_,3_anyQual_0,1550,24,1,0,1,0,0,0,0,0,0.0,0.8,0,0,0.0,0.0,0.0,0.0,0.0,-1,1.0,0,13589.5,-1.0,0,0,0,0.0,0.0,871935.36,60476,0,0.0,0,0,0.0,0.0,0,0,0.0,0.0,0.0,0.0,0.0,None,0.0,0.0,1.0,1.0,0.0,0.0,0.0,0.0,0.0,0.0,0.0,0,0,0,0.0,0,0.0,0.0,0.0,0.0,0.0,1.0,1.0,0,0,0.0,0.0,0,0,0,0,4513.112,88242.285,0.965,0.2923083305358886,0,0,0,0,0,0,0,0,0,0,0,0,0.0,0.0,0,0,0,0,0,1,0,1,0,0,0,0.0,0,0.0,0.0,0,0.0,0,0,0.0,0,0,0,1,0.0,0,0.0,0.0,0.0,30.0,0.05,30.0,59273,0,15760,0
SRSG_utilitypv_class1_moderate_4_anyQual_0,SRSG,UtilityPV_Class1_Moderate_,4_anyQual_0,1551,24,1,0,1,0,0,0,0,0,0.0,0.8,0,0,0.0,0.0,0.0,0.0,0.0,-1,1.0,0,15587.7,-1.0,0,0,0,0.0,0.0,871935.36,60385,0,0.0,0,0,0.0,0.0,0,0,0.0,0.0,0.0,0.0,0.0,None,0.0,0.0,1.0,1.0,0.0,0.0,0.0,0.0,0.0,0.0,0.0,0,0,0,0.0,0,0.0,0.0,0.0,0.0,0.0,1.0,1.0,0,0,0.0,0.0,0,0,0,0,4441.899,86849.897,0.965,0.2914164662361145,0,0,0,0,0,0,0,0,0,0,0,0,0.0,0.0,0,0,0,0,0,1,0,1,0,0,0,0.0,0,0.0,0.0,0,0.0,0,0,0.0,0,0,0,1,0.0,0,0.0,0.0,0.0,30.0,0.05,30.0,59201,0,15760,0
SRSG_utilitypv_class1_moderate_5_anyQual_1,SRSG,UtilityPV_Class1_Moderate_,5_anyQual_1,1552,24,1,0,1,0,0,0,0,0,0.0,0.8,0,0,0.0,0.0,0.0,0.0,0.0,-1,1.0,0,818.3,-1.0,0,0,0,0.0,0.0,871935.36,59867,0,0.0,0,0,0.0,0.0,0,0,0.0,0.0,0.0,0.0,0.0,None,0.0,0.0,1.0,1.0,0.0,0.0,0.0,0.0,0.0,0.0,0.0,0,0,0,0.0,0,0.0,0.0,0.0,0.0,0.0,1.0,1.0,0,0,0.0,0.0,0,0,0,0,4034.799,78890.102,0.965,0.2901778817176819,0,0,0,0,0,0,0,0,0,0,0,0,0.0,0.0,0,0,0,0,0,1,0,1,0,0,0,0.0,0,0.0,0.0,0,0.0,0,0,0.0,0,0,0,1,0.0,0,0.0,0.0,0.0,30.0,0.05,30.0,58794,0,15760,0
SRSG_utilitypv_class1_moderate_6_anyQual_0,SRSG,UtilityPV_Class1_Moderate_,6_anyQual_0,1553,24,1,0,1,0,0,0,0,0,0.0,0.8,0,0,0.0,0.0,0.0,0.0,0.0,-1,1.0,0,13406.8,-1.0,0,0,0,0.0,0.0,871935.36,62354,0,0.0,0,0,0.0,0.0,0,0,0.0,0.0,0.0,0.0,0.0,None,0.0,0.0,1.0,1.0,0.0,0.0,0.0,0.0,0.0,0.0,0.0,0,0,0,0.0,0,0.0,0.0,0.0,0.0,0.0,1.0,1.0,0,0,0.0,0.0,0,0,0,0,5989.914,117117.348,0.965,0.2914819121360779,0,0,0,0,0,0,0,0,0,0,0,0,0.0,0.0,0,0,0,0,0,1,0,1,0,0,0,0.0,0,0.0,0.0,0,0.0,0,0,0.0,0,0,0,1,0.0,0,0.0,0.0,0.0,30.0,0.05,30.0,60749,0,15760,0
SRSG_utilitypv_class1_moderate_7_anyQual_0,SRSG,UtilityPV_Class1_Moderate_,7_anyQual_0,1554,24,1,0,1,0,0,0,0,0,0.0,0.8,0,0,0.0,0.0,0.0,0.0,0.0,-1,1.0,0,15862.5,-1.0,0,0,0,0.0,0.0,871935.36,63153,0,0.0,0,0,0.0,0.0,0,0,0.0,0.0,0.0,0.0,0.0,None,0.0,0.0,1.0,1.0,0.0,0.0,0.0,0.0,0.0,0.0,0.0,0,0,0,0.0,0,0.0,0.0,0.0,0.0,0.0,1.0,1.0,0,0,0.0,0.0,0,0,0,0,6617.986,129397.683,0.965,0.2936641275882721,0,0,0,0,0,0,0,0,0,0,0,0,0.0,0.0,0,0,0,0,0,1,0,1,0,0,0,0.0,0,0.0,0.0,0,0.0,0,0,0.0,0,0,0,1,0.0,0,0.0,0.0,0.0,30.0,0.05,30.0,61377,0,15760,0
SRSG_utilitypv_class1_moderate_8_anyQual_1,SRSG,UtilityPV_Class1_Moderate_,8_anyQual_1,1555,24,1,0,1,0,0,0,0,0,0.0,0.8,0,0,0.0,0.0,0.0,0.0,0.0,-1,1.0,0,779.0,-1.0,0,0,0,0.0,0.0,871935.36,63764,0,0.0,0,0,0.0,0.0,0,0,0.0,0.0,0.0,0.0,0.0,None,0.0,0.0,1.0,1.0,0.0,0.0,0.0,0.0,0.0,0.0,0.0,0,0,0,0.0,0,0.0,0.0,0.0,0.0,0.0,1.0,1.0,0,0,0.0,0.0,0,0,0,0,7098.662,138796.047,0.965,0.294136106967926,0,0,0,0,0,0,0,0,0,0,0,0,0.0,0.0,0,0,0,0,0,1,0,1,0,0,0,0.0,0,0.0,0.0,0,0.0,0,0,0.0,0,0,0,1,0.0,0,0.0,0.0,0.0,30.0,0.05,30.0,61858,0,15760,0
SRSG_utilitypv_class1_moderate_9_anyQual_0,SRSG,UtilityPV_Class1_Moderate_,9_anyQual_0,1556,24,1,0,1,0,0,0,0,0,0.0,0.8,0,0,0.0,0.0,0.0,0.0,0.0,-1,1.0,0,23362.0,-1.0,0,0,0,0.0,0.0,871935.36,65049,0,0.0,0,0,0.0,0.0,0,0,0.0,0.0,0.0,0.0,0.0,None,0.0,0.0,1.0,1.0,0.0,0.0,0.0,0.0,0.0,0.0,0.0,0,0,0,0.0,0,0.0,0.0,0.0,0.0,0.0,1.0,1.0,0,0,0.0,0.0,0,0,0,0,8108.575,158542.307,0.965,0.2939688861370086,0,0,0,0,0,0,0,0,0,0,0,0,0.0,0.0,0,0,0,0,0,1,0,1,0,0,0,0.0,0,0.0,0.0,0,0.0,0,0,0.0,0,0,0,1,0.0,0,0.0,0.0,0.0,30.0,0.05,30.0,62868,0,15760,0
SRSG_utilitypv_class1_moderate_10_anyQual_0,SRSG,UtilityPV_Class1_Moderate_,10_anyQual_0,1557,24,1,0,1,0,0,0,0,0,0.0,0.8,0,0,0.0,0.0,0.0,0.0,0.0,-1,1.0,0,4796.0,-1.0,0,0,0,0.0,0.0,871935.36,65017,0,0.0,0,0,0.0,0.0,0,0,0.0,0.0,0.0,0.0,0.0,None,0.0,0.0,1.0,1.0,0.0,0.0,0.0,0.0,0.0,0.0,0.0,0,0,0,0.0,0,0.0,0.0,0.0,0.0,0.0,1.0,1.0,0,0,0.0,0.0,0,0,0,0,8083.755,158057.007,0.965,0.2943925559520721,0,0,0,0,0,0,0,0,0,0,0,0,0.0,0.0,0,0,0,0,0,1,0,1,0,0,0,0.0,0,0.0,0.0,0,0.0,0,0,0.0,0,0,0,1,0.0,0,0.0,0.0,0.0,30.0,0.05,30.0,62843,0,15760,0
SRSG_utilitypv_class1_moderate_11_anyQual_1,SRSG,UtilityPV_Class1_Moderate_,11_anyQual_1,1558,24,1,0,1,0,0,0,0,0,0.0,0.8,0,0,0.0,0.0,0.0,0.0,0.0,-1,1.0,0,1813.8,-1.0,0,0,0,0.0,0.0,871935.36,64629,0,0.0,0,0,0.0,0.0,0,0,0.0,0.0,0.0,0.0,0.0,None,0.0,0.0,1.0,1.0,0.0,0.0,0.0,0.0,0.0,0.0,0.0,0,0,0,0.0,0,0.0,0.0,0.0,0.0,0.0,1.0,1.0,0,0,0.0,0.0,0,0,0,0,7778.31,152084.829,0.965,0.2927940189838409,0,0,0,0,0,0,0,0,0,0,0,0,0.0,0.0,0,0,0,0,0,1,0,1,0,0,0,0.0,0,0.0,0.0,0,0.0,0,0,0.0,0,0,0,1,0.0,0,0.0,0.0,0.0,30.0,0.05,30.0,62538,0,15760,0
SRSG_utilitypv_class1_moderate_12_anyQual_0,SRSG,UtilityPV_Class1_Moderate_,12_anyQual_0,1559,24,1,0,1,0,0,0,0,0,0.0,0.8,0,0,0.0,0.0,0.0,0.0,0.0,-1,1.0,0,22727.1,-1.0,0,0,0,0.0,0.0,871935.36,65941,0,0.0,0,0,0.0,0.0,0,0,0.0,0.0,0.0,0.0,0.0,None,0.0,0.0,1.0,1.0,0.0,0.0,0.0,0.0,0.0,0.0,0.0,0,0,0,0.0,0,0.0,0.0,0.0,0.0,0.0,1.0,1.0,0,0,0.0,0.0,0,0,0,0,8809.667,172250.354,0.965,0.2928162813186645,0,0,0,0,0,0,0,0,0,0,0,0,0.0,0.0,0,0,0,0,0,1,0,1,0,0,0,0.0,0,0.0,0.0,0,0.0,0,0,0.0,0,0,0,1,0.0,0,0.0,0.0,0.0,30.0,0.05,30.0,63569,0,15760,0
SRSG_utilitypv_class1_moderate_13_anyQual_0,SRSG,UtilityPV_Class1_Moderate_,13_anyQual_0,1560,24,1,0,1,0,0,0,0,0,0.0,0.8,0,0,0.0,0.0,0.0,0.0,0.0,-1,1.0,0,6472.4,-1.0,0,0,0,0.0,0.0,871935.36,66910,0,0.0,0,0,0.0,0.0,0,0,0.0,0.0,0.0,0.0,0.0,None,0.0,0.0,1.0,1.0,0.0,0.0,0.0,0.0,0.0,0.0,0.0,0,0,0,0.0,0,0.0,0.0,0.0,0.0,0.0,1.0,1.0,0,0,0.0,0.0,0,0,0,0,9571.945,187154.728,0.965,0.2958495616912842,0,0,0,0,0,0,0,0,0,0,0,0,0.0,0.0,0,0,0,0,0,1,0,1,0,0,0,0.0,0,0.0,0.0,0,0.0,0,0,0.0,0,0,0,1,0.0,0,0.0,0.0,0.0,30.0,0.05,30.0,64331,0,15760,0
SRSG_utilitypv_class1_moderate_14_anyQual_1,SRSG,UtilityPV_Class1_Moderate_,14_anyQual_1,1561,24,1,0,1,0,0,0,0,0,0.0,0.8,0,0,0.0,0.0,0.0,0.0,0.0,-1,1.0,0,760.1,-1.0,0,0,0,0.0,0.0,871935.36,66765,0,0.0,0,0,0.0,0.0,0,0,0.0,0.0,0.0,0.0,0.0,None,0.0,0.0,1.0,1.0,0.0,0.0,0.0,0.0,0.0,0.0,0.0,0,0,0,0.0,0,0.0,0.0,0.0,0.0,0.0,1.0,1.0,0,0,0.0,0.0,0,0,0,0,9457.854,184923.971,0.965,0.29561248421669,0,0,0,0,0,0,0,0,0,0,0,0,0.0,0.0,0,0,0,0,0,1,0,1,0,0,0,0.0,0,0.0,0.0,0,0.0,0,0,0.0,0,0,0,1,0.0,0,0.0,0.0,0.0,30.0,0.05,30.0,64217,0,15760,0
TRE_naturalgas_hframe_cc_95_ccs_moderate_0,TRE,NaturalGas_H-Frame CC 95% CCS_Moderate,0,1562,25,0,1,0,0,0,0,0,0,0.0,0.0,0,0,0.0,22606.0,0.0,0.0,0.0,-1,500.0,0,-1.0,-1.0,0,0,0,0.0,0.0,1943268.308,121463,194901,0.0,0,0,7.67,0.0,0,0,106.0,2.0,6.78,0.0,0.0,west_south_central_naturalgas_ccs95,0.6,0.0,1.0,1.0,0.0,0.0,0.0,0.106666667,0.213333333,0.0,0.0,0,0,0,0.95,27,1469.015,17226.965,12.011,0.342,4.106,0.64,0.64,6,6,10.0,43330.0,0,0,0,0,0.0,0.0,0.938,0.0,0,0,0,0,0,0,0,0,0,0,0,0,0.0,0.0,0,0,0,0,0,0,0,0,1,0,0,0.0,0,0.0,0.0,0,0.93,0,0,0.0,0,0,0,0,0.0,0,0.0,0.0,0.0,30.0,0.05,30.0,122070,0,46282,0
TRE_naturalgas_hframe_cc_moderate_0,TRE,NaturalGas_H-Frame CC_Moderate,0,1563,25,0,1,0,0,0,0,0,0,0.0,0.0,0,0,0.0,1494.0,0.0,0.0,0.0,-1,500.0,0,-1.0,-1.0,0,0,0,0.0,0.0,1096691.96,66241,99735,0.0,0,0,1.72,0.0,0,0,106.0,2.0,6.09,0.0,0.0,west_south_central_naturalgas,0.3,0.0,1.0,1.0,0.0,0.0,0.0,0.0,0.0,0.0,0.0,0,0,0,0.0,0,0.0,0.0,0.0,0.0,0.0,0.64,0.64,6,6,10.0,43330.0,0,0,0,0,0.0,0.0,0.889,0.0,0,0,0,0,0,0,0,0,0,0,0,0,0.0,0.0,0,0,0,0,0,0,0,0,0,0,0,0.0,0,0.0,0.0,0,0.93,0,0,0.0,0,0,0,0,0.0,0,0.0,0.0,0.0,30.0,0.05,30.0,65476,0,26266,0
TRE_naturalgas_fframe_ct_moderate_0,TRE,NaturalGas_F-Frame CT_Moderate,0,1564,25,0,1,0,0,0,0,0,0,0.0,0.0,0,0,0.0,0.0,0.0,0.0,0.0,-1,100.0,0,-1.0,-1.0,0,0,0,0.0,0.0,977045.463,58877,0,0.0,0,0,6.15,0.0,0,0,137.0,3.5,9.72,0.0,0.0,west_south_central_naturalgas,0.3,0.0,1.0,1.0,0.0,0.0,0.0,0.0,0.0,0.0,0.0,0,0,0,0.0,0,0.0,0.0,0.0,0.0,0.0,3.78,3.78,1,1,10.0,43330.0,0,0,0,0,0.0,0.0,0.882,0.0,0,0,0,0,0,0,0,0,0,0,0,0,0.0,0.0,0,0,0,0,0,0,0,0,0,0,0,0.0,0,0.0,0.0,0,0.93,0,0,0.0,0,0,0,0,0.0,0,0.0,0.0,0.0,30.0,0.05,30.0,58100,0,21509,0
TRE_battery_moderate_0,TRE,Battery_*_Moderate,0,1565,25,0,0,0,0,1,0,0,0,0.0,0.0,0,0,0.0,0.0,0.0,0.0,0.0,-1,1.0,0,-1.0,-1.0,0,0,0,0.0,0.0,274910.679,26486,0,205428.952,19791,0,0.15,0.15,0,0,0.0,0.0,0.0,0.0,0.0,None,0.0,0.0,0.92,0.92,0.0,1.0,10.0,0.0,0.0,0.0,0.0,0,0,0,0.0,0,0.0,0.0,0.0,0.0,0.0,1.0,1.0,0,0,0.0,0.0,0,0,0,0,0.0,0.0,1.0,0.0,0,0,0,0,0,0,0,0,0,0,0,0,0.0,0.0,0,0,0,0,0,0,0,0,0,0,0,0.0,0,0.0,0.0,0,0.95,0,0,0.0,0,0,0,0,0.0,0,0.0,0.0,0.0,15.0,0.05,15.0,26485,19791,6872,5135
TRE_nuclear_nuclear_moderate_0,TRE,Nuclear_Nuclear_Moderate,0,1566,25,0,1,0,0,0,0,0,0,0.0,0.0,0,0,0.0,0.0,0.0,0.0,0.0,-1,2000.0,0,-1.0,-1.0,0,0,0,0.0,0.0,7229469.526,410352,0,0.0,0,0,2.36,0.0,0,0,285.0,0.0,10.45,0.0,0.0,west_south_central_uranium,0.5,0.0,1.0,1.0,0.0,0.0,0.0,0.041666667,0.083333333,0.0,0.0,0,0,0,0.0,0,0.0,0.0,0.0,0.0,0.0,0.25,0.25,24,24,50.0,216650.0,0,0,0,0,0.0,0.0,0.944,0.0,0,0,0,0,0,0,0,0,0,0,0,0,0.0,0.0,0,0,0,0,0,0,0,0,1,0,0,0.0,0,0.0,0.0,0,0.93,0,0,0.0,0,0,0,0,0.0,0,0.0,0.0,0.0,40.0,0.05,40.0,408020,0,145294,0
TRE_hydrogen_fframe_ct_moderate_0,TRE,Hydrogen_F-Frame CT_Moderate,0,1567,25,0,1,0,0,0,0,0,0,0.0,0.0,0,0,0.0,0.0,0.0,0.0,0.0,-1,100.0,0,-1.0,-1.0,0,0,0,0.0,0.0,1074750.009,61664,0,0.0,0,0,6.15,0.0,0,0,137.0,3.5,9.72,0.0,0.0,hydrogen,0.3,0.0,1.0,1.0,0.0,0.0,0.0,0.0,0.0,0.0,0.0,0,0,0,0.0,0,0.0,0.0,0.0,0.0,0.0,3.78,3.78,1,1,0.0,0.0,0,0,0,0,0.0,0.0,0.882,0.0,0,0,0,0,0,0,0,0,0,0,0,0,0.0,0.0,0,0,0,0,0,0,0,0,1,0,0,0.0,0,0.0,0.0,0,0.93,0,0,0.0,0,0,0,0,0.0,0,0.0,0.0,0.0,30.0,0.05,30.0,61642,0,21509,0
TRE_hydrogen_hframe_cc_moderate_0,TRE,Hydrogen_H-Frame CC_Moderate,0,1568,25,0,1,0,0,0,0,0,0,0.0,0.0,0,0,0.0,0.0,0.0,0.0,0.0,-1,500.0,0,-1.0,-1.0,0,0,0,0.0,0.0,1206361.156,69765,0,0.0,0,0,1.72,0.0,0,0,106.0,2.0,6.09,0.0,0.0,hydrogen,0.3,0.0,1.0,1.0,0.0,0.0,0.0,0.0,0.0,0.0,0.0,0,0,0,0.0,0,0.0,0.0,0.0,0.0,0.0,0.64,0.64,6,6,0.0,0.0,0,0,0,0,0.0,0.0,0.889,0.0,0,0,0,0,0,0,0,0,0,0,0,0,0.0,0.0,0,0,0,0,0,0,0,0,1,0,0,0.0,0,0.0,0.0,0,0.93,0,0,0.0,0,0,0,0,0.0,0,0.0,0.0,0.0,30.0,0.05,30.0,69756,0,26266,0
TRE_landbasedwind_class3_moderate_0_anyQual_0,TRE,LandbasedWind_Class3_Moderate_,0_anyQual_0,1569,25,1,0,1,0,0,0,0,0,0.0,0.0,0,0,0.0,3240.0,0.0,0.0,0.0,-1,1.0,0,3240.5,-1.0,0,0,0,0.0,0.0,1065951.189,82120,117627,0.0,0,0,0.0,0.0,0,0,0.0,0.0,0.0,0.0,0.0,None,0.0,0.0,1.0,1.0,0.0,0.0,0.0,0.0,0.0,0.0,0.0,0,0,0,0.0,0,0.0,0.0,0.0,0.0,0.0,1.0,1.0,0,0,0.0,0.0,0,0,0,0,13699.039,267849.659,0.933,0.491123765707016,0,0,0,0,0,0,0,0,0,0,0,0,0.0,0.0,0,0,0,0,1,0,0,1,1,0,0,0.0,0,0.0,0.0,0,0.8,0,0,0.0,0,0,0,0,0.0,0,0.0,0.0,0.0,30.0,0.05,30.0,78414,0,25258,0
TRE_landbasedwind_class3_moderate_1_anyQual_1,TRE,LandbasedWind_Class3_Moderate_,1_anyQual_1,1570,25,1,0,1,0,0,0,0,0,0.0,0.0,0,0,0.0,9888.0,0.0,0.0,0.0,-1,1.0,0,9889.4,-1.0,0,0,0,0.0,0.0,1065951.189,86052,121559,0.0,0,0,0.0,0.0,0,0,0.0,0.0,0.0,0.0,0.0,None,0.0,0.0,1.0,1.0,0.0,0.0,0.0,0.0,0.0,0.0,0.0,0,0,0,0.0,0,0.0,0.0,0.0,0.0,0.0,1.0,1.0,0,0,0.0,0.0,0,0,0,0,16789.452,328303.397,0.933,0.4924328625202179,0,0,0,0,0,0,0,0,0,0,0,0,0.0,0.0,0,0,0,0,1,0,0,1,1,0,0,0.0,0,0.0,0.0,0,0.8,0,0,0.0,0,0,0,0,0.0,0,0.0,0.0,0.0,30.0,0.05,30.0,81504,0,25258,0
TRE_landbasedwind_class3_moderate_2_anyQual_1,TRE,LandbasedWind_Class3_Moderate_,2_anyQual_1,1571,25,1,0,1,0,0,0,0,0,0.0,0.0,0,0,0.0,511.6,0.0,0.0,0.0,-1,1.0,0,511.6,-1.0,0,0,0,0.0,0.0,1065951.189,73388,108895,0.0,0,0,0.0,0.0,0,0,0.0,0.0,0.0,0.0,0.0,None,0.0,0.0,1.0,1.0,0.0,0.0,0.0,0.0,0.0,0.0,0.0,0,0,0,0.0,0,0.0,0.0,0.0,0.0,0.0,1.0,1.0,0,0,0.0,0.0,0,0,0,0,6833.608,133613.608,0.933,0.447535365819931,0,0,0,0,0,0,0,0,0,0,0,0,0.0,0.0,0,0,0,0,1,0,0,1,1,0,0,0.0,0,0.0,0.0,0,0.8,0,0,0.0,0,0,0,0,0.0,0,0.0,0.0,0.0,30.0,0.05,30.0,71548,0,25258,0
TRE_landbasedwind_class3_moderate_3_anyQual_1,TRE,LandbasedWind_Class3_Moderate_,3_anyQual_1,1572,25,1,0,1,0,0,0,0,0,0.0,0.0,0,0,0.0,4494.0,0.0,0.0,0.0,-1,1.0,0,4494.9,-1.0,0,0,0,0.0,0.0,1065951.189,78015,113522,0.0,0,0,0.0,0.0,0,0,0.0,0.0,0.0,0.0,0.0,None,0.0,0.0,1.0,1.0,0.0,0.0,0.0,0.0,0.0,0.0,0.0,0,0,0,0.0,0,0.0,0.0,0.0,0.0,0.0,1.0,1.0,0,0,0.0,0.0,0,0,0,0,10471.688,204747.056,0.933,0.4705981612205505,0,0,0,0,0,0,0,0,0,0,0,0,0.0,0.0,0,0,0,0,1,0,0,1,1,0,0,0.0,0,0.0,0.0,0,0.8,0,0,0.0,0,0,0,0,0.0,0,0.0,0.0,0.0,30.0,0.05,30.0,75186,0,25258,0
TRE_landbasedwind_class3_moderate_4_anyQual_1,TRE,LandbasedWind_Class3_Moderate_,4_anyQual_1,1573,25,1,0,1,0,0,0,0,0,0.0,0.0,0,0,0.0,9090.0,0.0,0.0,0.0,-1,1.0,0,9090.4,-1.0,0,0,0,0.0,0.0,1065951.189,89939,125446,0.0,0,0,0.0,0.0,0,0,0.0,0.0,0.0,0.0,0.0,None,0.0,0.0,1.0,1.0,0.0,0.0,0.0,0.0,0.0,0.0,0.0,0,0,0,0.0,0,0.0,0.0,0.0,0.0,0.0,1.0,1.0,0,0,0.0,0.0,0,0,0,0,19846.311,388044.832,0.933,0.508874773979187,0,0,0,0,0,0,0,0,0,0,0,0,0.0,0.0,0,0,0,0,1,0,0,1,1,0,0,0.0,0,0.0,0.0,0,0.8,0,0,0.0,0,0,0,0,0.0,0,0.0,0.0,0.0,30.0,0.05,30.0,84561,0,25258,0
TRE_landbasedwind_class3_moderate_5_anyQual_1,TRE,LandbasedWind_Class3_Moderate_,5_anyQual_1,1574,25,1,0,1,0,0,0,0,0,0.0,0.0,0,0,0.0,2487.0,0.0,0.0,0.0,-1,1.0,0,2487.2,-1.0,0,0,0,0.0,0.0,1065951.189,92793,128300,0.0,0,0,0.0,0.0,0,0,0.0,0.0,0.0,0.0,0.0,None,0.0,0.0,1.0,1.0,0.0,0.0,0.0,0.0,0.0,0.0,0.0,0,0,0,0.0,0,0.0,0.0,0.0,0.0,0.0,1.0,1.0,0,0,0.0,0.0,0,0,0,0,22090.161,431916.588,0.933,0.53939288854599,0,0,0,0,0,0,0,0,0,0,0,0,0.0,0.0,0,0,0,0,1,0,0,1,1,0,0,0.0,0,0.0,0.0,0,0.8,0,0,0.0,0,0,0,0,0.0,0,0.0,0.0,0.0,30.0,0.05,30.0,86805,0,25258,0
TRE_landbasedwind_class3_moderate_6_anyQual_1,TRE,LandbasedWind_Class3_Moderate_,6_anyQual_1,1575,25,1,0,1,0,0,0,0,0,0.0,0.0,0,0,0.0,3638.0,0.0,0.0,0.0,-1,1.0,0,3638.2,-1.0,0,0,0,0.0,0.0,1065951.189,89809,125316,0.0,0,0,0.0,0.0,0,0,0.0,0.0,0.0,0.0,0.0,None,0.0,0.0,1.0,1.0,0.0,0.0,0.0,0.0,0.0,0.0,0.0,0,0,0,0.0,0,0.0,0.0,0.0,0.0,0.0,1.0,1.0,0,0,0.0,0.0,0,0,0,0,19744.214,386047.986,0.933,0.5233181118965149,0,0,0,0,0,0,0,0,0,0,0,0,0.0,0.0,0,0,0,0,1,0,0,1,1,0,0,0.0,0,0.0,0.0,0,0.8,0,0,0.0,0,0,0,0,0.0,0,0.0,0.0,0.0,30.0,0.05,30.0,84459,0,25258,0
TRE_landbasedwind_class3_moderate_7_anyQual_0,TRE,LandbasedWind_Class3_Moderate_,7_anyQual_0,1576,25,1,0,1,0,0,0,0,0,0.0,0.0,0,0,0.0,0.0,0.0,0.0,0.0,-1,1.0,0,4394.8,-1.0,0,0,0,0.0,0.0,1065951.189,85245,0,0.0,0,0,0.0,0.0,0,0,0.0,0.0,0.0,0.0,0.0,None,0.0,0.0,1.0,1.0,0.0,0.0,0.0,0.0,0.0,0.0,0.0,0,0,0,0.0,0,0.0,0.0,0.0,0.0,0.0,1.0,1.0,0,0,0.0,0.0,0,0,0,0,16155.816,315885.674,0.933,0.4567946195602417,0,0,0,0,0,0,0,0,0,0,0,0,0.0,0.0,0,0,0,0,1,0,0,1,1,0,0,0.0,0,0.0,0.0,0,0.8,0,0,0.0,0,0,0,0,0.0,0,0.0,0.0,0.0,30.0,0.05,30.0,80870,0,25258,0
TRE_landbasedwind_class3_moderate_8_anyQual_1,TRE,LandbasedWind_Class3_Moderate_,8_anyQual_1,1577,25,1,0,1,0,0,0,0,0,0.0,0.0,0,0,0.0,0.0,0.0,0.0,0.0,-1,1.0,0,11013.4,-1.0,0,0,0,0.0,0.0,1065951.189,94652,0,0.0,0,0,0.0,0.0,0,0,0.0,0.0,0.0,0.0,0.0,None,0.0,0.0,1.0,1.0,0.0,0.0,0.0,0.0,0.0,0.0,0.0,0,0,0,0.0,0,0.0,0.0,0.0,0.0,0.0,1.0,1.0,0,0,0.0,0.0,0,0,0,0,23547.597,460500.404,0.933,0.4819839596748352,0,0,0,0,0,0,0,0,0,0,0,0,0.0,0.0,0,0,0,0,1,0,0,1,1,0,0,0.0,0,0.0,0.0,0,0.8,0,0,0.0,0,0,0,0,0.0,0,0.0,0.0,0.0,30.0,0.05,30.0,88262,0,25258,0
TRE_landbasedwind_class3_moderate_9_anyQual_1,TRE,LandbasedWind_Class3_Moderate_,9_anyQual_1,1578,25,1,0,1,0,0,0,0,0,0.0,0.0,0,0,0.0,0.0,0.0,0.0,0.0,-1,1.0,0,5765.9,-1.0,0,0,0,0.0,0.0,1065951.189,82097,0,0.0,0,0,0.0,0.0,0,0,0.0,0.0,0.0,0.0,0.0,None,0.0,0.0,1.0,1.0,0.0,0.0,0.0,0.0,0.0,0.0,0.0,0,0,0,0.0,0,0.0,0.0,0.0,0.0,0.0,1.0,1.0,0,0,0.0,0.0,0,0,0,0,13681.169,267500.28,0.933,0.4447442889213562,0,0,0,0,0,0,0,0,0,0,0,0,0.0,0.0,0,0,0,0,1,0,0,1,1,0,0,0.0,0,0.0,0.0,0,0.8,0,0,0.0,0,0,0,0,0.0,0,0.0,0.0,0.0,30.0,0.05,30.0,78396,0,25258,0
TRE_landbasedwind_class3_moderate_10_anyQual_1,TRE,LandbasedWind_Class3_Moderate_,10_anyQual_1,1579,25,1,0,1,0,0,0,0,0,0.0,0.0,0,0,0.0,0.0,0.0,0.0,0.0,-1,1.0,0,8166.2,-1.0,0,0,0,0.0,0.0,1065951.189,89867,0,0.0,0,0,0.0,0.0,0,0,0.0,0.0,0.0,0.0,0.0,None,0.0,0.0,1.0,1.0,0.0,0.0,0.0,0.0,0.0,0.0,0.0,0,0,0,0.0,0,0.0,0.0,0.0,0.0,0.0,1.0,1.0,0,0,0.0,0.0,0,0,0,0,19784.993,386942.427,0.933,0.4641971886157989,0,0,0,0,0,0,0,0,0,0,0,0,0.0,0.0,0,0,0,0,1,0,0,1,1,0,0,0.0,0,0.0,0.0,0,0.8,0,0,0.0,0,0,0,0,0.0,0,0.0,0.0,0.0,30.0,0.05,30.0,84499,0,25258,0
TRE_landbasedwind_class3_moderate_11_anyQual_1,TRE,LandbasedWind_Class3_Moderate_,11_anyQual_1,1580,25,1,0,1,0,0,0,0,0,0.0,0.0,0,0,0.0,1864.0,0.0,0.0,0.0,-1,1.0,0,1864.3,-1.0,0,0,0,0.0,0.0,1065951.189,76309,111816,0.0,0,0,0.0,0.0,0,0,0.0,0.0,0.0,0.0,0.0,None,0.0,0.0,1.0,1.0,0.0,0.0,0.0,0.0,0.0,0.0,0.0,0,0,0,0.0,0,0.0,0.0,0.0,0.0,0.0,1.0,1.0,0,0,0.0,0.0,0,0,0,0,9130.442,178522.284,0.933,0.4263565242290497,0,0,0,0,0,0,0,0,0,0,0,0,0.0,0.0,0,0,0,0,1,0,0,1,1,0,0,0.0,0,0.0,0.0,0,0.8,0,0,0.0,0,0,0,0,0.0,0,0.0,0.0,0.0,30.0,0.05,30.0,73845,0,25258,0
TRE_landbasedwind_class3_moderate_12_anyQual_1,TRE,LandbasedWind_Class3_Moderate_,12_anyQual_1,1581,25,1,0,1,0,0,0,0,0,0.0,0.0,0,0,0.0,0.0,0.0,0.0,0.0,-1,1.0,0,2140.8,-1.0,0,0,0,0.0,0.0,1065951.189,101954,0,0.0,0,0,0.0,0.0,0,0,0.0,0.0,0.0,0.0,0.0,None,0.0,0.0,1.0,1.0,0.0,0.0,0.0,0.0,0.0,0.0,0.0,0,0,0,0.0,0,0.0,0.0,0.0,0.0,0.0,1.0,1.0,0,0,0.0,0.0,0,0,0,0,29292.509,572744.409,0.933,0.5068064332008362,0,0,0,0,0,0,0,0,0,0,0,0,0.0,0.0,0,0,0,0,1,0,0,1,1,0,0,0.0,0,0.0,0.0,0,0.8,0,0,0.0,0,0,0,0,0.0,0,0.0,0.0,0.0,30.0,0.05,30.0,94007,0,25258,0
TRE_landbasedwind_class3_moderate_13_anyQual_0,TRE,LandbasedWind_Class3_Moderate_,13_anyQual_0,1582,25,1,0,1,0,0,0,0,0,0.0,0.0,0,0,0.0,0.0,0.0,0.0,0.0,-1,1.0,0,3970.9,-1.0,0,0,0,0.0,0.0,1065951.189,85919,0,0.0,0,0,0.0,0.0,0,0,0.0,0.0,0.0,0.0,0.0,None,0.0,0.0,1.0,1.0,0.0,0.0,0.0,0.0,0.0,0.0,0.0,0,0,0,0.0,0,0.0,0.0,0.0,0.0,0.0,1.0,1.0,0,0,0.0,0.0,0,0,0,0,16686.183,326256.413,0.933,0.436741441488266,0,0,0,0,0,0,0,0,0,0,0,0,0.0,0.0,0,0,0,0,1,0,0,1,1,0,0,0.0,0,0.0,0.0,0,0.8,0,0,0.0,0,0,0,0,0.0,0,0.0,0.0,0.0,30.0,0.05,30.0,81401,0,25258,0
TRE_landbasedwind_class3_moderate_14_anyQual_1,TRE,LandbasedWind_Class3_Moderate_,14_anyQual_1,1583,25,1,0,1,0,0,0,0,0,0.0,0.0,0,0,0.0,1619.0,0.0,0.0,0.0,-1,1.0,0,5828.3,-1.0,0,0,0,0.0,0.0,1065951.189,82516,118023,0.0,0,0,0.0,0.0,0,0,0.0,0.0,0.0,0.0,0.0,None,0.0,0.0,1.0,1.0,0.0,0.0,0.0,0.0,0.0,0.0,0.0,0,0,0,0.0,0,0.0,0.0,0.0,0.0,0.0,1.0,1.0,0,0,0.0,0.0,0,0,0,0,14010.529,273940.312,0.933,0.422244668006897,0,0,0,0,0,0,0,0,0,0,0,0,0.0,0.0,0,0,0,0,1,0,0,1,1,0,0,0.0,0,0.0,0.0,0,0.8,0,0,0.0,0,0,0,0,0.0,0,0.0,0.0,0.0,30.0,0.05,30.0,78725,0,25258,0
TRE_landbasedwind_class3_moderate_15_anyQual_1,TRE,LandbasedWind_Class3_Moderate_,15_anyQual_1,1584,25,1,0,1,0,0,0,0,0,0.0,0.0,0,0,0.0,0.0,0.0,0.0,0.0,-1,1.0,0,9842.1,-1.0,0,0,0,0.0,0.0,1065951.189,94091,0,0.0,0,0,0.0,0.0,0,0,0.0,0.0,0.0,0.0,0.0,None,0.0,0.0,1.0,1.0,0.0,0.0,0.0,0.0,0.0,0.0,0.0,0,0,0,0.0,0,0.0,0.0,0.0,0.0,0.0,1.0,1.0,0,0,0.0,0.0,0,0,0,0,23098.255,451881.571,0.933,0.4523943066596985,0,0,0,0,0,0,0,0,0,0,0,0,0.0,0.0,0,0,0,0,1,0,0,1,1,0,0,0.0,0,0.0,0.0,0,0.8,0,0,0.0,0,0,0,0,0.0,0,0.0,0.0,0.0,30.0,0.05,30.0,87813,0,25258,0
TRE_landbasedwind_class3_moderate_16_anyQual_1,TRE,LandbasedWind_Class3_Moderate_,16_anyQual_1,1585,25,1,0,1,0,0,0,0,0,0.0,0.0,0,0,0.0,0.0,0.0,0.0,0.0,-1,1.0,0,6839.8,-1.0,0,0,0,0.0,0.0,1065951.189,97921,0,0.0,0,0,0.0,0.0,0,0,0.0,0.0,0.0,0.0,0.0,None,0.0,0.0,1.0,1.0,0.0,0.0,0.0,0.0,0.0,0.0,0.0,0,0,0,0.0,0,0.0,0.0,0.0,0.0,0.0,1.0,1.0,0,0,0.0,0.0,0,0,0,0,26115.433,510750.003,0.933,0.4672642648220062,0,0,0,0,0,0,0,0,0,0,0,0,0.0,0.0,0,0,0,0,1,0,0,1,1,0,0,0.0,0,0.0,0.0,0,0.8,0,0,0.0,0,0,0,0,0.0,0,0.0,0.0,0.0,30.0,0.05,30.0,90830,0,25258,0
TRE_landbasedwind_class3_moderate_17_anyQual_1,TRE,LandbasedWind_Class3_Moderate_,17_anyQual_1,1586,25,1,0,1,0,0,0,0,0,0.0,0.0,0,0,0.0,2001.0,0.0,0.0,0.0,-1,1.0,0,2001.1,-1.0,0,0,0,0.0,0.0,1065951.189,76129,111636,0.0,0,0,0.0,0.0,0,0,0.0,0.0,0.0,0.0,0.0,None,0.0,0.0,1.0,1.0,0.0,0.0,0.0,0.0,0.0,0.0,0.0,0,0,0,0.0,0,0.0,0.0,0.0,0.0,0.0,1.0,1.0,0,0,0.0,0.0,0,0,0,0,8988.777,175752.389,0.933,0.4044034481048584,0,0,0,0,0,0,0,0,0,0,0,0,0.0,0.0,0,0,0,0,1,0,0,1,1,0,0,0.0,0,0.0,0.0,0,0.8,0,0,0.0,0,0,0,0,0.0,0,0.0,0.0,0.0,30.0,0.05,30.0,73703,0,25258,0
TRE_landbasedwind_class3_moderate_18_anyQual_1,TRE,LandbasedWind_Class3_Moderate_,18_anyQual_1,1587,25,1,0,1,0,0,0,0,0,0.0,0.0,0,0,0.0,0.0,0.0,0.0,0.0,-1,1.0,0,4859.6,-1.0,0,0,0,0.0,0.0,1065951.189,89074,0,0.0,0,0,0.0,0.0,0,0,0.0,0.0,0.0,0.0,0.0,None,0.0,0.0,1.0,1.0,0.0,0.0,0.0,0.0,0.0,0.0,0.0,0,0,0,0.0,0,0.0,0.0,0.0,0.0,0.0,1.0,1.0,0,0,0.0,0.0,0,0,0,0,19164.676,374748.397,0.933,0.4385820925235748,0,0,0,0,0,0,0,0,0,0,0,0,0.0,0.0,0,0,0,0,1,0,0,1,1,0,0,0.0,0,0.0,0.0,0,0.8,0,0,0.0,0,0,0,0,0.0,0,0.0,0.0,0.0,30.0,0.05,30.0,83879,0,25258,0
TRE_landbasedwind_class3_moderate_19_anyQual_0,TRE,LandbasedWind_Class3_Moderate_,19_anyQual_0,1588,25,1,0,1,0,0,0,0,0,0.0,0.0,0,0,0.0,0.0,0.0,0.0,0.0,-1,1.0,0,4192.2,-1.0,0,0,0,0.0,0.0,1065951.189,84524,0,0.0,0,0,0.0,0.0,0,0,0.0,0.0,0.0,0.0,0.0,None,0.0,0.0,1.0,1.0,0.0,0.0,0.0,0.0,0.0,0.0,0.0,0,0,0,0.0,0,0.0,0.0,0.0,0.0,0.0,1.0,1.0,0,0,0.0,0.0,0,0,0,0,15589.644,304816.008,0.933,0.4126849174499511,0,0,0,0,0,0,0,0,0,0,0,0,0.0,0.0,0,0,0,0,1,0,0,1,1,0,0,0.0,0,0.0,0.0,0,0.8,0,0,0.0,0,0,0,0,0.0,0,0.0,0.0,0.0,30.0,0.05,30.0,80304,0,25258,0
TRE_landbasedwind_class3_moderate_20_anyQual_1,TRE,LandbasedWind_Class3_Moderate_,20_anyQual_1,1589,25,1,0,1,0,0,0,0,0,0.0,0.0,0,0,0.0,0.0,0.0,0.0,0.0,-1,1.0,0,8685.6,-1.0,0,0,0,0.0,0.0,1065951.189,90222,0,0.0,0,0,0.0,0.0,0,0,0.0,0.0,0.0,0.0,0.0,None,0.0,0.0,1.0,1.0,0.0,0.0,0.0,0.0,0.0,0.0,0.0,0,0,0,0.0,0,0.0,0.0,0.0,0.0,0.0,1.0,1.0,0,0,0.0,0.0,0,0,0,0,20065.95,392400.58,0.933,0.4214506447315216,0,0,0,0,0,0,0,0,0,0,0,0,0.0,0.0,0,0,0,0,1,0,0,1,1,0,0,0.0,0,0.0,0.0,0,0.8,0,0,0.0,0,0,0,0,0.0,0,0.0,0.0,0.0,30.0,0.05,30.0,84780,0,25258,0
TRE_landbasedwind_class3_moderate_21_anyQual_1,TRE,LandbasedWind_Class3_Moderate_,21_anyQual_1,1590,25,1,0,1,0,0,0,0,0,0.0,0.0,0,0,0.0,0.0,0.0,0.0,0.0,-1,1.0,0,6192.9,-1.0,0,0,0,0.0,0.0,1065951.189,82261,0,0.0,0,0,0.0,0.0,0,0,0.0,0.0,0.0,0.0,0.0,None,0.0,0.0,1.0,1.0,0.0,0.0,0.0,0.0,0.0,0.0,0.0,0,0,0,0.0,0,0.0,0.0,0.0,0.0,0.0,1.0,1.0,0,0,0.0,0.0,0,0,0,0,13810.387,270026.784,0.933,0.4023747146129608,0,0,0,0,0,0,0,0,0,0,0,0,0.0,0.0,0,0,0,0,1,0,0,1,1,0,0,0.0,0,0.0,0.0,0,0.8,0,0,0.0,0,0,0,0,0.0,0,0.0,0.0,0.0,30.0,0.05,30.0,78525,0,25258,0
TRE_landbasedwind_class3_moderate_22_anyQual_1,TRE,LandbasedWind_Class3_Moderate_,22_anyQual_1,1591,25,1,0,1,0,0,0,0,0,0.0,0.0,0,0,0.0,0.0,0.0,0.0,0.0,-1,1.0,0,9322.1,-1.0,0,0,0,0.0,0.0,1065951.189,97304,0,0.0,0,0,0.0,0.0,0,0,0.0,0.0,0.0,0.0,0.0,None,0.0,0.0,1.0,1.0,0.0,0.0,0.0,0.0,0.0,0.0,0.0,0,0,0,0.0,0,0.0,0.0,0.0,0.0,0.0,1.0,1.0,0,0,0.0,0.0,0,0,0,0,25624.314,501266.577,0.933,0.4422055780887604,0,0,0,0,0,0,0,0,0,0,0,0,0.0,0.0,0,0,0,0,1,0,0,1,1,0,0,0.0,0,0.0,0.0,0,0.8,0,0,0.0,0,0,0,0,0.0,0,0.0,0.0,0.0,30.0,0.05,30.0,90339,0,25258,0
TRE_landbasedwind_class3_moderate_23_anyQual_1,TRE,LandbasedWind_Class3_Moderate_,23_anyQual_1,1592,25,1,0,1,0,0,0,0,0,0.0,0.0,0,0,0.0,0.0,0.0,0.0,0.0,-1,1.0,0,3775.7,-1.0,0,0,0,0.0,0.0,1065951.189,78170,0,0.0,0,0,0.0,0.0,0,0,0.0,0.0,0.0,0.0,0.0,None,0.0,0.0,1.0,1.0,0.0,0.0,0.0,0.0,0.0,0.0,0.0,0,0,0,0.0,0,0.0,0.0,0.0,0.0,0.0,1.0,1.0,0,0,0.0,0.0,0,0,0,0,10594.051,207139.377,0.933,0.3909168243408203,0,0,0,0,0,0,0,0,0,0,0,0,0.0,0.0,0,0,0,0,1,0,0,1,1,0,0,0.0,0,0.0,0.0,0,0.8,0,0,0.0,0,0,0,0,0.0,0,0.0,0.0,0.0,30.0,0.05,30.0,75309,0,25258,0
TRE_landbasedwind_class3_moderate_24_anyQual_1,TRE,LandbasedWind_Class3_Moderate_,24_anyQual_1,1593,25,1,0,1,0,0,0,0,0,0.0,0.0,0,0,0.0,1144.0,0.0,0.0,0.0,-1,1.0,0,1144.1,-1.0,0,0,0,0.0,0.0,1065951.189,73578,109085,0.0,0,0,0.0,0.0,0,0,0.0,0.0,0.0,0.0,0.0,None,0.0,0.0,1.0,1.0,0.0,0.0,0.0,0.0,0.0,0.0,0.0,0,0,0,0.0,0,0.0,0.0,0.0,0.0,0.0,1.0,1.0,0,0,0.0,0.0,0,0,0,0,6983.415,136542.694,0.933,0.3788070380687713,0,0,0,0,0,0,0,0,0,0,0,0,0.0,0.0,0,0,0,0,1,0,0,1,1,0,0,0.0,0,0.0,0.0,0,0.8,0,0,0.0,0,0,0,0,0.0,0,0.0,0.0,0.0,30.0,0.05,30.0,71698,0,25258,0
TRE_landbasedwind_class3_moderate_25_anyQual_0,TRE,LandbasedWind_Class3_Moderate_,25_anyQual_0,1594,25,1,0,1,0,0,0,0,0,0.0,0.0,0,0,0.0,0.0,0.0,0.0,0.0,-1,1.0,0,3185.4,-1.0,0,0,0,0.0,0.0,1065951.189,83646,0,0.0,0,0,0.0,0.0,0,0,0.0,0.0,0.0,0.0,0.0,None,0.0,0.0,1.0,1.0,0.0,0.0,0.0,0.0,0.0,0.0,0.0,0,0,0,0.0,0,0.0,0.0,0.0,0.0,0.0,1.0,1.0,0,0,0.0,0.0,0,0,0,0,14899.262,291317.467,0.933,0.3907319903373718,0,0,0,0,0,0,0,0,0,0,0,0,0.0,0.0,0,0,0,0,1,0,0,1,1,0,0,0.0,0,0.0,0.0,0,0.8,0,0,0.0,0,0,0,0,0.0,0,0.0,0.0,0.0,30.0,0.05,30.0,79614,0,25258,0
TRE_landbasedwind_class3_moderate_26_anyQual_1,TRE,LandbasedWind_Class3_Moderate_,26_anyQual_1,1595,25,1,0,1,0,0,0,0,0,0.0,0.0,0,0,0.0,0.0,0.0,0.0,0.0,-1,1.0,0,7758.4,-1.0,0,0,0,0.0,0.0,1065951.189,80005,0,0.0,0,0,0.0,0.0,0,0,0.0,0.0,0.0,0.0,0.0,None,0.0,0.0,1.0,1.0,0.0,0.0,0.0,0.0,0.0,0.0,0.0,0,0,0,0.0,0,0.0,0.0,0.0,0.0,0.0,1.0,1.0,0,0,0.0,0.0,0,0,0,0,12036.194,235336.782,0.933,0.3802885115146637,0,0,0,0,0,0,0,0,0,0,0,0,0.0,0.0,0,0,0,0,1,0,0,1,1,0,0,0.0,0,0.0,0.0,0,0.8,0,0,0.0,0,0,0,0,0.0,0,0.0,0.0,0.0,30.0,0.05,30.0,76751,0,25258,0
TRE_landbasedwind_class3_moderate_27_anyQual_1,TRE,LandbasedWind_Class3_Moderate_,27_anyQual_1,1596,25,1,0,1,0,0,0,0,0,0.0,0.0,0,0,0.0,0.0,0.0,0.0,0.0,-1,1.0,0,7190.0,-1.0,0,0,0,0.0,0.0,1065951.189,89942,0,0.0,0,0,0.0,0.0,0,0,0.0,0.0,0.0,0.0,0.0,None,0.0,0.0,1.0,1.0,0.0,0.0,0.0,0.0,0.0,0.0,0.0,0,0,0,0.0,0,0.0,0.0,0.0,0.0,0.0,1.0,1.0,0,0,0.0,0.0,0,0,0,0,19847.951,388098.075,0.933,0.4041960537433624,0,0,0,0,0,0,0,0,0,0,0,0,0.0,0.0,0,0,0,0,1,0,0,1,1,0,0,0.0,0,0.0,0.0,0,0.8,0,0,0.0,0,0,0,0,0.0,0,0.0,0.0,0.0,30.0,0.05,30.0,84562,0,25258,0
TRE_landbasedwind_class3_moderate_28_anyQual_1,TRE,LandbasedWind_Class3_Moderate_,28_anyQual_1,1597,25,1,0,1,0,0,0,0,0,0.0,0.0,0,0,0.0,0.0,0.0,0.0,0.0,-1,1.0,0,5939.1,-1.0,0,0,0,0.0,0.0,1065951.189,97586,0,0.0,0,0,0.0,0.0,0,0,0.0,0.0,0.0,0.0,0.0,None,0.0,0.0,1.0,1.0,0.0,0.0,0.0,0.0,0.0,0.0,0.0,0,0,0,0.0,0,0.0,0.0,0.0,0.0,0.0,1.0,1.0,0,0,0.0,0.0,0,0,0,0,25840.262,505606.557,0.933,0.419283926486969,0,0,0,0,0,0,0,0,0,0,0,0,0.0,0.0,0,0,0,0,1,0,0,1,1,0,0,0.0,0,0.0,0.0,0,0.8,0,0,0.0,0,0,0,0,0.0,0,0.0,0.0,0.0,30.0,0.05,30.0,90555,0,25258,0
TRE_landbasedwind_class3_moderate_29_anyQual_1,TRE,LandbasedWind_Class3_Moderate_,29_anyQual_1,1598,25,1,0,1,0,0,0,0,0,0.0,0.0,0,0,0.0,0.0,0.0,0.0,0.0,-1,1.0,0,867.1,-1.0,0,0,0,0.0,0.0,1065951.189,73819,0,0.0,0,0,0.0,0.0,0,0,0.0,0.0,0.0,0.0,0.0,None,0.0,0.0,1.0,1.0,0.0,0.0,0.0,0.0,0.0,0.0,0.0,0,0,0,0.0,0,0.0,0.0,0.0,0.0,0.0,1.0,1.0,0,0,0.0,0.0,0,0,0,0,7172.976,140249.068,0.933,0.3636561036109924,0,0,0,0,0,0,0,0,0,0,0,0,0.0,0.0,0,0,0,0,1,0,0,1,1,0,0,0.0,0,0.0,0.0,0,0.8,0,0,0.0,0,0,0,0,0.0,0,0.0,0.0,0.0,30.0,0.05,30.0,71887,0,25258,0
TRE_landbasedwind_class3_moderate_30_anyQual_1,TRE,LandbasedWind_Class3_Moderate_,30_anyQual_1,1599,25,1,0,1,0,0,0,0,0,0.0,0.0,0,0,0.0,0.0,0.0,0.0,0.0,-1,1.0,0,5203.6,-1.0,0,0,0,0.0,0.0,1065951.189,84242,0,0.0,0,0,0.0,0.0,0,0,0.0,0.0,0.0,0.0,0.0,None,0.0,0.0,1.0,1.0,0.0,0.0,0.0,0.0,0.0,0.0,0.0,0,0,0,0.0,0,0.0,0.0,0.0,0.0,0.0,1.0,1.0,0,0,0.0,0.0,0,0,0,0,15367.598,300474.408,0.933,0.391295313835144,0,0,0,0,0,0,0,0,0,0,0,0,0.0,0.0,0,0,0,0,1,0,0,1,1,0,0,0.0,0,0.0,0.0,0,0.8,0,0,0.0,0,0,0,0,0.0,0,0.0,0.0,0.0,30.0,0.05,30.0,80082,0,25258,0
TRE_landbasedwind_class3_moderate_31_anyQual_1,TRE,LandbasedWind_Class3_Moderate_,31_anyQual_1,1600,25,1,0,1,0,0,0,0,0,0.0,0.0,0,0,0.0,0.0,0.0,0.0,0.0,-1,1.0,0,3241.2,-1.0,0,0,0,0.0,0.0,1065951.189,99910,0,0.0,0,0,0.0,0.0,0,0,0.0,0.0,0.0,0.0,0.0,None,0.0,0.0,1.0,1.0,0.0,0.0,0.0,0.0,0.0,0.0,0.0,0,0,0,0.0,0,0.0,0.0,0.0,0.0,0.0,1.0,1.0,0,0,0.0,0.0,0,0,0,0,27675.717,541335.487,0.933,0.4312308728694916,0,0,0,0,0,0,0,0,0,0,0,0,0.0,0.0,0,0,0,0,1,0,0,1,1,0,0,0.0,0,0.0,0.0,0,0.8,0,0,0.0,0,0,0,0,0.0,0,0.0,0.0,0.0,30.0,0.05,30.0,92390,0,25258,0
TRE_landbasedwind_class3_moderate_32_anyQual_0,TRE,LandbasedWind_Class3_Moderate_,32_anyQual_0,1601,25,1,0,1,0,0,0,0,0,0.0,0.0,0,0,0.0,0.0,0.0,0.0,0.0,-1,1.0,0,3741.8,-1.0,0,0,0,0.0,0.0,1065951.189,85510,0,0.0,0,0,0.0,0.0,0,0,0.0,0.0,0.0,0.0,0.0,None,0.0,0.0,1.0,1.0,0.0,0.0,0.0,0.0,0.0,0.0,0.0,0,0,0,0.0,0,0.0,0.0,0.0,0.0,0.0,1.0,1.0,0,0,0.0,0.0,0,0,0,0,16364.381,319964.734,0.933,0.3695071935653686,0,0,0,0,0,0,0,0,0,0,0,0,0.0,0.0,0,0,0,0,1,0,0,1,1,0,0,0.0,0,0.0,0.0,0,0.8,0,0,0.0,0,0,0,0,0.0,0,0.0,0.0,0.0,30.0,0.05,30.0,81079,0,25258,0
TRE_landbasedwind_class3_moderate_33_anyQual_1,TRE,LandbasedWind_Class3_Moderate_,33_anyQual_1,1602,25,1,0,1,0,0,0,0,0,0.0,0.0,0,0,0.0,0.0,0.0,0.0,0.0,-1,1.0,0,10037.1,-1.0,0,0,0,0.0,0.0,1065951.189,83468,0,0.0,0,0,0.0,0.0,0,0,0.0,0.0,0.0,0.0,0.0,None,0.0,0.0,1.0,1.0,0.0,0.0,0.0,0.0,0.0,0.0,0.0,0,0,0,0.0,0,0.0,0.0,0.0,0.0,0.0,1.0,1.0,0,0,0.0,0.0,0,0,0,0,14759.093,288576.275,0.933,0.3603657484054565,0,0,0,0,0,0,0,0,0,0,0,0,0.0,0.0,0,0,0,0,1,0,0,1,1,0,0,0.0,0,0.0,0.0,0,0.8,0,0,0.0,0,0,0,0,0.0,0,0.0,0.0,0.0,30.0,0.05,30.0,79474,0,25258,0
TRE_landbasedwind_class3_moderate_34_anyQual_1,TRE,LandbasedWind_Class3_Moderate_,34_anyQual_1,1603,25,1,0,1,0,0,0,0,0,0.0,0.0,0,0,0.0,0.0,0.0,0.0,0.0,-1,1.0,0,4956.7,-1.0,0,0,0,0.0,0.0,1065951.189,90446,0,0.0,0,0,0.0,0.0,0,0,0.0,0.0,0.0,0.0,0.0,None,0.0,0.0,1.0,1.0,0.0,0.0,0.0,0.0,0.0,0.0,0.0,0,0,0,0.0,0,0.0,0.0,0.0,0.0,0.0,1.0,1.0,0,0,0.0,0.0,0,0,0,0,20245.129,395842.432,0.933,0.383528470993042,0,0,0,0,0,0,0,0,0,0,0,0,0.0,0.0,0,0,0,0,1,0,0,1,1,0,0,0.0,0,0.0,0.0,0,0.8,0,0,0.0,0,0,0,0,0.0,0,0.0,0.0,0.0,30.0,0.05,30.0,84960,0,25258,0
TRE_landbasedwind_class3_moderate_35_anyQual_1,TRE,LandbasedWind_Class3_Moderate_,35_anyQual_1,1604,25,1,0,1,0,0,0,0,0,0.0,0.0,0,0,0.0,0.0,0.0,0.0,0.0,-1,1.0,0,5147.8,-1.0,0,0,0,0.0,0.0,1065951.189,98618,0,0.0,0,0,0.0,0.0,0,0,0.0,0.0,0.0,0.0,0.0,None,0.0,0.0,1.0,1.0,0.0,0.0,0.0,0.0,0.0,0.0,0.0,0,0,0,0.0,0,0.0,0.0,0.0,0.0,0.0,1.0,1.0,0,0,0.0,0.0,0,0,0,0,26666.722,521461.819,0.933,0.4038400650024414,0,0,0,0,0,0,0,0,0,0,0,0,0.0,0.0,0,0,0,0,1,0,0,1,1,0,0,0.0,0,0.0,0.0,0,0.8,0,0,0.0,0,0,0,0,0.0,0,0.0,0.0,0.0,30.0,0.05,30.0,91381,0,25258,0
TRE_landbasedwind_class3_moderate_36_anyQual_1,TRE,LandbasedWind_Class3_Moderate_,36_anyQual_1,1605,25,1,0,1,0,0,0,0,0,0.0,0.0,0,0,0.0,0.0,0.0,0.0,0.0,-1,1.0,0,2403.3,-1.0,0,0,0,0.0,0.0,1065951.189,79221,0,0.0,0,0,0.0,0.0,0,0,0.0,0.0,0.0,0.0,0.0,None,0.0,0.0,1.0,1.0,0.0,0.0,0.0,0.0,0.0,0.0,0.0,0,0,0,0.0,0,0.0,0.0,0.0,0.0,0.0,1.0,1.0,0,0,0.0,0.0,0,0,0,0,11419.955,223287.801,0.933,0.3444781005382538,0,0,0,0,0,0,0,0,0,0,0,0,0.0,0.0,0,0,0,0,1,0,0,1,1,0,0,0.0,0,0.0,0.0,0,0.8,0,0,0.0,0,0,0,0,0.0,0,0.0,0.0,0.0,30.0,0.05,30.0,76134,0,25258,0
TRE_landbasedwind_class3_moderate_37_anyQual_1,TRE,LandbasedWind_Class3_Moderate_,37_anyQual_1,1606,25,1,0,1,0,0,0,0,0,0.0,0.0,0,0,0.0,0.0,0.0,0.0,0.0,-1,1.0,0,6984.9,-1.0,0,0,0,0.0,0.0,1065951.189,85610,0,0.0,0,0,0.0,0.0,0,0,0.0,0.0,0.0,0.0,0.0,None,0.0,0.0,1.0,1.0,0.0,0.0,0.0,0.0,0.0,0.0,0.0,0,0,0,0.0,0,0.0,0.0,0.0,0.0,0.0,1.0,1.0,0,0,0.0,0.0,0,0,0,0,16443.469,321510.35,0.933,0.3731257021427154,0,0,0,0,0,0,0,0,0,0,0,0,0.0,0.0,0,0,0,0,1,0,0,1,1,0,0,0.0,0,0.0,0.0,0,0.8,0,0,0.0,0,0,0,0,0.0,0,0.0,0.0,0.0,30.0,0.05,30.0,81158,0,25258,0
TRE_utilitypv_class1_moderate_0_anyQual_0,TRE,UtilityPV_Class1_Moderate_,0_anyQual_0,1607,25,1,0,1,0,0,0,0,0,0.0,0.0,0,0,0.0,15573.0,0.0,0.0,0.0,-1,1.0,0,15574.2,-1.0,0,0,0,0.0,0.0,871935.36,58668,96866,0.0,0,0,0.0,0.0,0,0,0.0,0.0,0.0,0.0,0.0,None,0.0,0.0,1.0,1.0,0.0,0.0,0.0,0.0,0.0,0.0,0.0,0,0,0,0.0,0,0.0,0.0,0.0,0.0,0.0,1.0,1.0,0,0,0.0,0.0,0,0,0,0,2957.794,57832.036,0.968,0.2598559260368347,0,0,0,0,0,0,0,0,0,0,0,0,0.0,0.0,0,0,0,0,1,0,0,1,1,0,0,0.0,0,0.0,0.0,0,0.8,0,0,0.0,0,0,0,0,0.0,0,0.0,0.0,0.0,30.0,0.05,30.0,57887,0,15760,0
TRE_utilitypv_class1_moderate_3_anyQual_1,TRE,UtilityPV_Class1_Moderate_,3_anyQual_1,1608,25,1,0,1,0,0,0,0,0,0.0,0.0,0,0,0.0,3635.0,0.0,0.0,0.0,-1,1.0,0,4498.2,-1.0,0,0,0,0.0,0.0,871935.36,58910,97110,0.0,0,0,0.0,0.0,0,0,0.0,0.0,0.0,0.0,0.0,None,0.0,0.0,1.0,1.0,0.0,0.0,0.0,0.0,0.0,0.0,0.0,0,0,0,0.0,0,0.0,0.0,0.0,0.0,0.0,1.0,1.0,0,0,0.0,0.0,0,0,0,0,3148.727,61565.244,0.968,0.2580819427967071,0,0,0,0,0,0,0,0,0,0,0,0,0.0,0.0,0,0,0,0,1,0,0,1,1,0,0,0.0,0,0.0,0.0,0,0.8,0,0,0.0,0,0,0,0,0.0,0,0.0,0.0,0.0,30.0,0.05,30.0,58078,0,15760,0
TRE_utilitypv_class1_moderate_9_anyQual_0,TRE,UtilityPV_Class1_Moderate_,9_anyQual_0,1609,25,1,0,1,0,0,0,0,0,0.0,0.0,0,0,0.0,0.0,0.0,0.0,0.0,-1,1.0,0,12663.7,-1.0,0,0,0,0.0,0.0,871935.36,60395,0,0.0,0,0,0.0,0.0,0,0,0.0,0.0,0.0,0.0,0.0,None,0.0,0.0,1.0,1.0,0.0,0.0,0.0,0.0,0.0,0.0,0.0,0,0,0,0.0,0,0.0,0.0,0.0,0.0,0.0,1.0,1.0,0,0,0.0,0.0,0,0,0,0,4315.94,84387.083,0.968,0.2579261660575866,0,0,0,0,0,0,0,0,0,0,0,0,0.0,0.0,0,0,0,0,1,0,0,1,1,0,0,0.0,0,0.0,0.0,0,0.8,0,0,0.0,0,0,0,0,0.0,0,0.0,0.0,0.0,30.0,0.05,30.0,59245,0,15760,0
TRE_utilitypv_class1_moderate_19_anyQual_1,TRE,UtilityPV_Class1_Moderate_,19_anyQual_1,1610,25,1,0,1,0,0,0,0,0,0.0,0.0,0,0,0.0,0.0,0.0,0.0,0.0,-1,1.0,0,7302.9,-1.0,0,0,0,0.0,0.0,871935.36,60103,0,0.0,0,0,0.0,0.0,0,0,0.0,0.0,0.0,0.0,0.0,None,0.0,0.0,1.0,1.0,0.0,0.0,0.0,0.0,0.0,0.0,0.0,0,0,0,0.0,0,0.0,0.0,0.0,0.0,0.0,1.0,1.0,0,0,0.0,0.0,0,0,0,0,4086.564,79902.225,0.968,0.2570200860500335,0,0,0,0,0,0,0,0,0,0,0,0,0.0,0.0,0,0,0,0,1,0,0,1,1,0,0,0.0,0,0.0,0.0,0,0.8,0,0,0.0,0,0,0,0,0.0,0,0.0,0.0,0.0,30.0,0.05,30.0,59016,0,15760,0
TRE_utilitypv_class1_moderate_34_anyQual_0,TRE,UtilityPV_Class1_Moderate_,34_anyQual_0,1611,25,1,0,1,0,0,0,0,0,0.0,0.0,0,0,0.0,0.0,0.0,0.0,0.0,-1,1.0,0,12314.9,-1.0,0,0,0,0.0,0.0,871935.36,61112,0,0.0,0,0,0.0,0.0,0,0,0.0,0.0,0.0,0.0,0.0,None,0.0,0.0,1.0,1.0,0.0,0.0,0.0,0.0,0.0,0.0,0.0,0,0,0,0.0,0,0.0,0.0,0.0,0.0,0.0,1.0,1.0,0,0,0.0,0.0,0,0,0,0,4879.677,95409.515,0.968,0.2568012177944183,0,0,0,0,0,0,0,0,0,0,0,0,0.0,0.0,0,0,0,0,1,0,0,1,1,0,0,0.0,0,0.0,0.0,0,0.8,0,0,0.0,0,0,0,0,0.0,0,0.0,0.0,0.0,30.0,0.05,30.0,59809,0,15760,0
TRE_utilitypv_class1_moderate_55_anyQual_1,TRE,UtilityPV_Class1_Moderate_,55_anyQual_1,1612,25,1,0,1,0,0,0,0,0,0.0,0.0,0,0,0.0,0.0,0.0,0.0,0.0,-1,1.0,0,7737.1,-1.0,0,0,0,0.0,0.0,871935.36,60853,0,0.0,0,0,0.0,0.0,0,0,0.0,0.0,0.0,0.0,0.0,None,0.0,0.0,1.0,1.0,0.0,0.0,0.0,0.0,0.0,0.0,0.0,0,0,0,0.0,0,0.0,0.0,0.0,0.0,0.0,1.0,1.0,0,0,0.0,0.0,0,0,0,0,4675.987,91426.887,0.968,0.2560195326805115,0,0,0,0,0,0,0,0,0,0,0,0,0.0,0.0,0,0,0,0,1,0,0,1,1,0,0,0.0,0,0.0,0.0,0,0.8,0,0,0.0,0,0,0,0,0.0,0,0.0,0.0,0.0,30.0,0.05,30.0,59605,0,15760,0
TRE_utilitypv_class1_moderate_83_anyQual_0,TRE,UtilityPV_Class1_Moderate_,83_anyQual_0,1613,25,1,0,1,0,0,0,0,0,0.0,0.0,0,0,0.0,0.0,0.0,0.0,0.0,-1,1.0,0,13862.8,-1.0,0,0,0,0.0,0.0,871935.36,62009,0,0.0,0,0,0.0,0.0,0,0,0.0,0.0,0.0,0.0,0.0,None,0.0,0.0,1.0,1.0,0.0,0.0,0.0,0.0,0.0,0.0,0.0,0,0,0,0.0,0,0.0,0.0,0.0,0.0,0.0,1.0,1.0,0,0,0.0,0.0,0,0,0,0,5585.117,109202.587,0.968,0.2569981217384338,0,0,0,0,0,0,0,0,0,0,0,0,0.0,0.0,0,0,0,0,1,0,0,1,1,0,0,0.0,0,0.0,0.0,0,0.8,0,0,0.0,0,0,0,0,0.0,0,0.0,0.0,0.0,30.0,0.05,30.0,60515,0,15760,0
TRE_utilitypv_class1_moderate_119_anyQual_1,TRE,UtilityPV_Class1_Moderate_,119_anyQual_1,1614,25,1,0,1,0,0,0,0,0,0.0,0.0,0,0,0.0,0.0,0.0,0.0,0.0,-1,1.0,0,6118.0,-1.0,0,0,0,0.0,0.0,871935.36,62239,0,0.0,0,0,0.0,0.0,0,0,0.0,0.0,0.0,0.0,0.0,None,0.0,0.0,1.0,1.0,0.0,0.0,0.0,0.0,0.0,0.0,0.0,0,0,0,0.0,0,0.0,0.0,0.0,0.0,0.0,1.0,1.0,0,0,0.0,0.0,0,0,0,0,5765.32,112725.983,0.968,0.2577644288539886,0,0,0,0,0,0,0,0,0,0,0,0,0.0,0.0,0,0,0,0,1,0,0,1,1,0,0,0.0,0,0.0,0.0,0,0.8,0,0,0.0,0,0,0,0,0.0,0,0.0,0.0,0.0,30.0,0.05,30.0,60695,0,15760,0
TRE_utilitypv_class1_moderate_164_anyQual_0,TRE,UtilityPV_Class1_Moderate_,164_anyQual_0,1615,25,1,0,1,0,0,0,0,0,0.0,0.0,0,0,0.0,0.0,0.0,0.0,0.0,-1,1.0,0,12959.8,-1.0,0,0,0,0.0,0.0,871935.36,62773,0,0.0,0,0,0.0,0.0,0,0,0.0,0.0,0.0,0.0,0.0,None,0.0,0.0,1.0,1.0,0.0,0.0,0.0,0.0,0.0,0.0,0.0,0,0,0,0.0,0,0.0,0.0,0.0,0.0,0.0,1.0,1.0,0,0,0.0,0.0,0,0,0,0,6185.329,120938.179,0.968,0.2571477591991424,0,0,0,0,0,0,0,0,0,0,0,0,0.0,0.0,0,0,0,0,1,0,0,1,1,0,0,0.0,0,0.0,0.0,0,0.8,0,0,0.0,0,0,0,0,0.0,0,0.0,0.0,0.0,30.0,0.05,30.0,61115,0,15760,0
TRE_utilitypv_class1_moderate_219_anyQual_1,TRE,UtilityPV_Class1_Moderate_,219_anyQual_1,1616,25,1,0,1,0,0,0,0,0,0.0,0.0,0,0,0.0,0.0,0.0,0.0,0.0,-1,1.0,0,6987.0,-1.0,0,0,0,0.0,0.0,871935.36,63500,0,0.0,0,0,0.0,0.0,0,0,0.0,0.0,0.0,0.0,0.0,None,0.0,0.0,1.0,1.0,0.0,0.0,0.0,0.0,0.0,0.0,0.0,0,0,0,0.0,0,0.0,0.0,0.0,0.0,0.0,1.0,1.0,0,0,0.0,0.0,0,0,0,0,6756.85,132112.806,0.968,0.2590787708759308,0,0,0,0,0,0,0,0,0,0,0,0,0.0,0.0,0,0,0,0,1,0,0,1,1,0,0,0.0,0,0.0,0.0,0,0.8,0,0,0.0,0,0,0,0,0.0,0,0.0,0.0,0.0,30.0,0.05,30.0,61686,0,15760,0
TRE_offshorewind_class3_moderate_fixed_1_1,TRE,OffShoreWind_Class3_Moderate_fixed_1,1,1617,25,1,0,1,0,0,0,0,0,0.0,0.0,0,0,0.0,0.0,0.0,0.0,0.0,-1,1.0,0,63857.7,-1.0,0,0,0,0.0,0.0,2642898.3,244956,0,0.0,0,0,0.0,0.0,0,0,0.0,0.0,0.0,0.0,0.0,None,0.0,0.0,1.0,1.0,0.0,0.0,0.0,0.0,0.0,0.0,0.0,0,0,0,0.0,0,0.0,0.0,0.0,0.0,0.0,1.0,1.0,0,0,0.0,0.0,0,0,0,0,60528.01,1183469.348,0.977,0.3579683899879455,0,0,0,0,0,0,0,0,0,0,0,0,0.0,0.0,0,0,0,0,1,0,0,1,1,0,0,0.0,0,0.0,0.0,0,0.8,0,0,0.0,0,0,0,0,0.0,0,0.0,0.0,0.0,30.0,0.05,30.0,228443,0,82811,0
TRE_offshorewind_class3_moderate_fixed_1_2,TRE,OffShoreWind_Class3_Moderate_fixed_1,2,1618,25,1,0,1,0,0,0,0,0,0.0,0.0,0,0,0.0,0.0,0.0,0.0,0.0,-1,1.0,0,63727.3,-1.0,0,0,0,0.0,0.0,2642898.3,255435,0,0.0,0,0,0.0,0.0,0,0,0.0,0.0,0.0,0.0,0.0,None,0.0,0.0,1.0,1.0,0.0,0.0,0.0,0.0,0.0,0.0,0.0,0,0,0,0.0,0,0.0,0.0,0.0,0.0,0.0,1.0,1.0,0,0,0.0,0.0,0,0,0,0,68766.048,1344542.98,0.977,0.3624552488327026,0,0,0,0,0,0,0,0,0,0,0,0,0.0,0.0,0,0,0,0,1,0,0,1,1,0,0,0.0,0,0.0,0.0,0,0.8,0,0,0.0,0,0,0,0,0.0,0,0.0,0.0,0.0,30.0,0.05,30.0,236681,0,82811,0
TRE_offshorewind_class3_moderate_fixed_1_3,TRE,OffShoreWind_Class3_Moderate_fixed_1,3,1619,25,1,0,1,0,0,0,0,0,0.0,0.0,0,0,0.0,0.0,0.0,0.0,0.0,-1,1.0,0,63751.9,-1.0,0,0,0,0.0,0.0,2642898.3,269876,0,0.0,0,0,0.0,0.0,0,0,0.0,0.0,0.0,0.0,0.0,None,0.0,0.0,1.0,1.0,0.0,0.0,0.0,0.0,0.0,0.0,0.0,0,0,0,0.0,0,0.0,0.0,0.0,0.0,0.0,1.0,1.0,0,0,0.0,0.0,0,0,0,0,80120.479,1566549.63,0.977,0.3648613691329956,0,0,0,0,0,0,0,0,0,0,0,0,0.0,0.0,0,0,0,0,1,0,0,1,1,0,0,0.0,0,0.0,0.0,0,0.8,0,0,0.0,0,0,0,0,0.0,0,0.0,0.0,0.0,30.0,0.05,30.0,248035,0,82811,0
TRE_offshorewind_class12_moderate_floating_1_1,TRE,OffShoreWind_Class12_Moderate_floating_1,1,1620,25,1,0,1,0,0,0,0,0,0.0,0.0,0,0,0.0,0.0,0.0,0.0,0.0,-1,1.0,0,29981.6,-1.0,0,0,0,0.0,0.0,4211164.784,368838,0,0.0,0,0,0.0,0.0,0,0,0.0,0.0,0.0,0.0,0.0,None,0.0,0.0,1.0,1.0,0.0,0.0,0.0,0.0,0.0,0.0,0.0,0,0,0,0.0,0,0.0,0.0,0.0,0.0,0.0,1.0,1.0,0,0,0.0,0.0,0,0,0,0,79562.517,1555640.129,0.977,0.3770098388195038,0,0,0,0,0,0,0,0,0,0,0,0,0.0,0.0,0,0,0,0,1,0,0,1,1,0,0,0.0,0,0.0,0.0,0,0.8,0,0,0.0,0,0,0,0,0.0,0,0.0,0.0,0.0,30.0,0.05,30.0,347116,0,72317,0
TRE_offshorewind_class12_moderate_floating_1_2,TRE,OffShoreWind_Class12_Moderate_floating_1,2,1621,25,1,0,1,0,0,0,0,0,0.0,0.0,0,0,0.0,0.0,0.0,0.0,0.0,-1,1.0,0,29999.5,-1.0,0,0,0,0.0,0.0,4211164.784,377831,0,0.0,0,0,0.0,0.0,0,0,0.0,0.0,0.0,0.0,0.0,None,0.0,0.0,1.0,1.0,0.0,0.0,0.0,0.0,0.0,0.0,0.0,0,0,0,0.0,0,0.0,0.0,0.0,0.0,0.0,1.0,1.0,0,0,0.0,0.0,0,0,0,0,86632.976,1693884.75,0.977,0.4051313698291778,0,0,0,0,0,0,0,0,0,0,0,0,0.0,0.0,0,0,0,0,1,0,0,1,1,0,0,0.0,0,0.0,0.0,0,0.8,0,0,0.0,0,0,0,0,0.0,0,0.0,0.0,0.0,30.0,0.05,30.0,354186,0,72317,0
TRE_offshorewind_class12_moderate_floating_1_3,TRE,OffShoreWind_Class12_Moderate_floating_1,3,1622,25,1,0,1,0,0,0,0,0,0.0,0.0,0,0,0.0,0.0,0.0,0.0,0.0,-1,1.0,0,29945.2,-1.0,0,0,0,0.0,0.0,4211164.784,385769,0,0.0,0,0,0.0,0.0,0,0,0.0,0.0,0.0,0.0,0.0,None,0.0,0.0,1.0,1.0,0.0,0.0,0.0,0.0,0.0,0.0,0.0,0,0,0,0.0,0,0.0,0.0,0.0,0.0,0.0,1.0,1.0,0,0,0.0,0.0,0,0,0,0,92873.463,1815901.399,0.977,0.4034629464149475,0,0,0,0,0,0,0,0,0,0,0,0,0.0,0.0,0,0,0,0,1,0,0,1,1,0,0,0.0,0,0.0,0.0,0,0.8,0,0,0.0,0,0,0,0,0.0,0,0.0,0.0,0.0,30.0,0.05,30.0,360427,0,72317,0
TRE_offshorewind_class3_moderate_fixed_0_1,TRE,OffShoreWind_Class3_Moderate_fixed_0,1,1623,25,1,0,1,0,0,0,0,0,0.0,0.0,0,0,0.0,0.0,0.0,0.0,0.0,-1,1.0,0,226.0,-1.0,0,0,0,0.0,0.0,2642898.3,275978,0,0.0,0,0,0.0,0.0,0,0,0.0,0.0,0.0,0.0,0.0,None,0.0,0.0,1.0,1.0,0.0,0.0,0.0,0.0,0.0,0.0,0.0,0,0,0,0.0,0,0.0,0.0,0.0,0.0,0.0,1.0,1.0,0,0,0.0,0.0,0,0,0,0,84917.959,1660352.016,0.977,0.4137943983078003,0,0,0,0,0,0,0,0,0,0,0,0,0.0,0.0,0,0,0,0,1,0,0,1,1,0,0,0.0,0,0.0,0.0,0,0.8,0,0,0.0,0,0,0,0,0.0,0,0.0,0.0,0.0,30.0,0.05,30.0,252832,0,82811,0
TRE_offshorewind_class3_moderate_fixed_0_2,TRE,OffShoreWind_Class3_Moderate_fixed_0,2,1624,25,1,0,1,0,0,0,0,0,0.0,0.0,0,0,0.0,0.0,0.0,0.0,0.0,-1,1.0,0,184.1,-1.0,0,0,0,0.0,0.0,2642898.3,279709,0,0.0,0,0,0.0,0.0,0,0,0.0,0.0,0.0,0.0,0.0,None,0.0,0.0,1.0,1.0,0.0,0.0,0.0,0.0,0.0,0.0,0.0,0,0,0,0.0,0,0.0,0.0,0.0,0.0,0.0,1.0,1.0,0,0,0.0,0.0,0,0,0,0,87851.005,1717700.159,0.977,0.4144220054149627,0,0,0,0,0,0,0,0,0,0,0,0,0.0,0.0,0,0,0,0,1,0,0,1,1,0,0,0.0,0,0.0,0.0,0,0.8,0,0,0.0,0,0,0,0,0.0,0,0.0,0.0,0.0,30.0,0.05,30.0,255766,0,82811,0
TRE_offshorewind_class3_moderate_fixed_0_3,TRE,OffShoreWind_Class3_Moderate_fixed_0,3,1625,25,1,0,1,0,0,0,0,0,0.0,0.0,0,0,0.0,0.0,0.0,0.0,0.0,-1,1.0,0,98.7,-1.0,0,0,0,0.0,0.0,2642898.3,280266,0,0.0,0,0,0.0,0.0,0,0,0.0,0.0,0.0,0.0,0.0,None,0.0,0.0,1.0,1.0,0.0,0.0,0.0,0.0,0.0,0.0,0.0,0,0,0,0.0,0,0.0,0.0,0.0,0.0,0.0,1.0,1.0,0,0,0.0,0.0,0,0,0,0,88288.825,1726260.599,0.977,0.417243629693985,0,0,0,0,0,0,0,0,0,0,0,0,0.0,0.0,0,0,0,0,1,0,0,1,1,0,0,0.0,0,0.0,0.0,0,0.8,0,0,0.0,0,0,0,0,0.0,0,0.0,0.0,0.0,30.0,0.05,30.0,256203,0,82811,0
TRE_offshorewind_class12_moderate_floating_0_1,TRE,OffShoreWind_Class12_Moderate_floating_0,1,1626,25,1,0,1,0,0,0,0,0,0.0,0.0,0,0,0.0,0.0,0.0,0.0,0.0,-1,1.0,0,495.5,-1.0,0,0,0,0.0,0.0,4211164.784,391542,0,0.0,0,0,0.0,0.0,0,0,0.0,0.0,0.0,0.0,0.0,None,0.0,0.0,1.0,1.0,0.0,0.0,0.0,0.0,0.0,0.0,0.0,0,0,0,0.0,0,0.0,0.0,0.0,0.0,0.0,1.0,1.0,0,0,0.0,0.0,0,0,0,0,97412.535,1904651.279,0.977,0.3992190957069397,0,0,0,0,0,0,0,0,0,0,0,0,0.0,0.0,0,0,0,0,1,0,0,1,1,0,0,0.0,0,0.0,0.0,0,0.8,0,0,0.0,0,0,0,0,0.0,0,0.0,0.0,0.0,30.0,0.05,30.0,364966,0,72317,0
TRE_offshorewind_class12_moderate_floating_0_2,TRE,OffShoreWind_Class12_Moderate_floating_0,2,1627,25,1,0,1,0,0,0,0,0,0.0,0.0,0,0,0.0,0.0,0.0,0.0,0.0,-1,1.0,0,446.6,-1.0,0,0,0,0.0,0.0,4211164.784,392972,0,0.0,0,0,0.0,0.0,0,0,0.0,0.0,0.0,0.0,0.0,None,0.0,0.0,1.0,1.0,0.0,0.0,0.0,0.0,0.0,0.0,0.0,0,0,0,0.0,0,0.0,0.0,0.0,0.0,0.0,1.0,1.0,0,0,0.0,0.0,0,0,0,0,98537.14,1926640.28,0.977,0.4030346572399139,0,0,0,0,0,0,0,0,0,0,0,0,0.0,0.0,0,0,0,0,1,0,0,1,1,0,0,0.0,0,0.0,0.0,0,0.8,0,0,0.0,0,0,0,0,0.0,0,0.0,0.0,0.0,30.0,0.05,30.0,366091,0,72317,0
TRE_offshorewind_class12_moderate_floating_0_3,TRE,OffShoreWind_Class12_Moderate_floating_0,3,1628,25,1,0,1,0,0,0,0,0,0.0,0.0,0,0,0.0,0.0,0.0,0.0,0.0,-1,1.0,0,285.6,-1.0,0,0,0,0.0,0.0,4211164.784,394781,0,0.0,0,0,0.0,0.0,0,0,0.0,0.0,0.0,0.0,0.0,None,0.0,0.0,1.0,1.0,0.0,0.0,0.0,0.0,0.0,0.0,0.0,0,0,0,0.0,0,0.0,0.0,0.0,0.0,0.0,1.0,1.0,0,0,0.0,0.0,0,0,0,0,99958.719,1954436.227,0.977,0.4080000221729278,0,0,0,0,0,0,0,0,0,0,0,0,0.0,0.0,0,0,0,0,1,0,0,1,1,0,0,0.0,0,0.0,0.0,0,0.8,0,0,0.0,0,0,0,0,0.0,0,0.0,0.0,0.0,30.0,0.05,30.0,367512,0,72317,0
TREW_naturalgas_hframe_cc_95_ccs_moderate_0,TREW,NaturalGas_H-Frame CC 95% CCS_Moderate,0,1629,26,0,1,0,0,0,0,0,0,0.0,0.0,0,0,0.0,0.0,0.0,0.0,0.0,-1,500.0,0,-1.0,-1.0,0,0,0,0.0,0.0,1943268.308,121463,0,0.0,0,0,10.34,0.0,0,0,106.0,2.0,6.78,0.0,0.0,west_south_central_naturalgas_ccs95,0.6,0.0,1.0,1.0,0.0,0.0,0.0,0.106666667,0.213333333,0.0,0.0,0,0,0,0.95,27,1469.015,17226.965,19.839,0.342,6.781,0.64,0.64,6,6,10.0,43330.0,0,0,0,0,0.0,0.0,0.938,0.0,0,0,0,0,0,0,0,0,0,0,0,0,0.0,0.0,0,0,0,0,0,0,0,0,1,0,0,0.0,0,0.0,0.0,0,0.93,0,0,0.0,0,0,0,0,0.0,0,0.0,0.0,0.0,30.0,0.05,30.0,122070,0,46282,0
TREW_naturalgas_hframe_cc_moderate_0,TREW,NaturalGas_H-Frame CC_Moderate,0,1630,26,0,1,0,0,0,0,0,0,0.0,0.0,0,0,0.0,0.0,0.0,0.0,0.0,-1,500.0,0,-1.0,-1.0,0,0,0,0.0,0.0,1096691.96,66241,0,0.0,0,0,1.72,0.0,0,0,106.0,2.0,6.09,0.0,0.0,west_south_central_naturalgas,0.3,0.0,1.0,1.0,0.0,0.0,0.0,0.0,0.0,0.0,0.0,0,0,0,0.0,0,0.0,0.0,0.0,0.0,0.0,0.64,0.64,6,6,10.0,43330.0,0,0,0,0,0.0,0.0,0.889,0.0,0,0,0,0,0,0,0,0,0,0,0,0,0.0,0.0,0,0,0,0,0,0,0,0,0,0,0,0.0,0,0.0,0.0,0,0.93,0,0,0.0,0,0,0,0,0.0,0,0.0,0.0,0.0,30.0,0.05,30.0,65476,0,26266,0
TREW_naturalgas_fframe_ct_moderate_0,TREW,NaturalGas_F-Frame CT_Moderate,0,1631,26,0,1,0,0,0,0,0,0,0.0,0.0,0,0,0.0,0.0,0.0,0.0,0.0,-1,100.0,0,-1.0,-1.0,0,0,0,0.0,0.0,977045.463,58877,0,0.0,0,0,6.15,0.0,0,0,137.0,3.5,9.72,0.0,0.0,west_south_central_naturalgas,0.3,0.0,1.0,1.0,0.0,0.0,0.0,0.0,0.0,0.0,0.0,0,0,0,0.0,0,0.0,0.0,0.0,0.0,0.0,3.78,3.78,1,1,10.0,43330.0,0,0,0,0,0.0,0.0,0.882,0.0,0,0,0,0,0,0,0,0,0,0,0,0,0.0,0.0,0,0,0,0,0,0,0,0,0,0,0,0.0,0,0.0,0.0,0,0.93,0,0,0.0,0,0,0,0,0.0,0,0.0,0.0,0.0,30.0,0.05,30.0,58100,0,21509,0
TREW_battery_moderate_0,TREW,Battery_*_Moderate,0,1632,26,0,0,0,0,1,0,0,0,0.0,0.0,0,0,0.0,0.0,0.0,0.0,0.0,-1,1.0,0,-1.0,-1.0,0,0,0,0.0,0.0,274910.679,26486,0,205428.952,19791,0,0.15,0.15,0,0,0.0,0.0,0.0,0.0,0.0,None,0.0,0.0,0.92,0.92,0.0,1.0,10.0,0.0,0.0,0.0,0.0,0,0,0,0.0,0,0.0,0.0,0.0,0.0,0.0,1.0,1.0,0,0,0.0,0.0,0,0,0,0,0.0,0.0,1.0,0.0,0,0,0,0,0,0,0,0,0,0,0,0,0.0,0.0,0,0,0,0,0,0,0,0,0,0,0,0.0,0,0.0,0.0,0,0.95,0,0,0.0,0,0,0,0,0.0,0,0.0,0.0,0.0,15.0,0.05,15.0,26485,19791,6872,5135
TREW_nuclear_nuclear_moderate_0,TREW,Nuclear_Nuclear_Moderate,0,1633,26,0,1,0,0,0,0,0,0,0.0,0.0,0,0,0.0,0.0,0.0,0.0,0.0,-1,2000.0,0,-1.0,-1.0,0,0,0,0.0,0.0,7229469.526,410352,0,0.0,0,0,2.36,0.0,0,0,285.0,0.0,10.45,0.0,0.0,west_south_central_uranium,0.5,0.0,1.0,1.0,0.0,0.0,0.0,0.041666667,0.083333333,0.0,0.0,0,0,0,0.0,0,0.0,0.0,0.0,0.0,0.0,0.25,0.25,24,24,50.0,216650.0,0,0,0,0,0.0,0.0,0.944,0.0,0,0,0,0,0,0,0,0,0,0,0,0,0.0,0.0,0,0,0,0,0,0,0,0,1,0,0,0.0,0,0.0,0.0,0,0.93,0,0,0.0,0,0,0,0,0.0,0,0.0,0.0,0.0,40.0,0.05,40.0,408020,0,145294,0
TREW_hydrogen_fframe_ct_moderate_0,TREW,Hydrogen_F-Frame CT_Moderate,0,1634,26,0,1,0,0,0,0,0,0,0.0,0.0,0,0,0.0,0.0,0.0,0.0,0.0,-1,100.0,0,-1.0,-1.0,0,0,0,0.0,0.0,1074750.009,61664,0,0.0,0,0,6.15,0.0,0,0,137.0,3.5,9.72,0.0,0.0,hydrogen,0.3,0.0,1.0,1.0,0.0,0.0,0.0,0.0,0.0,0.0,0.0,0,0,0,0.0,0,0.0,0.0,0.0,0.0,0.0,3.78,3.78,1,1,0.0,0.0,0,0,0,0,0.0,0.0,0.882,0.0,0,0,0,0,0,0,0,0,0,0,0,0,0.0,0.0,0,0,0,0,0,0,0,0,1,0,0,0.0,0,0.0,0.0,0,0.93,0,0,0.0,0,0,0,0,0.0,0,0.0,0.0,0.0,30.0,0.05,30.0,61642,0,21509,0
TREW_hydrogen_hframe_cc_moderate_0,TREW,Hydrogen_H-Frame CC_Moderate,0,1635,26,0,1,0,0,0,0,0,0,0.0,0.0,0,0,0.0,0.0,0.0,0.0,0.0,-1,500.0,0,-1.0,-1.0,0,0,0,0.0,0.0,1206361.156,69765,0,0.0,0,0,1.72,0.0,0,0,106.0,2.0,6.09,0.0,0.0,hydrogen,0.3,0.0,1.0,1.0,0.0,0.0,0.0,0.0,0.0,0.0,0.0,0,0,0,0.0,0,0.0,0.0,0.0,0.0,0.0,0.64,0.64,6,6,0.0,0.0,0,0,0,0,0.0,0.0,0.889,0.0,0,0,0,0,0,0,0,0,0,0,0,0,0.0,0.0,0,0,0,0,0,0,0,0,1,0,0,0.0,0,0.0,0.0,0,0.93,0,0,0.0,0,0,0,0,0.0,0,0.0,0.0,0.0,30.0,0.05,30.0,69756,0,26266,0
TREW_landbasedwind_class3_moderate_0_anyQual_0,TREW,LandbasedWind_Class3_Moderate_,0_anyQual_0,1636,26,1,0,1,0,0,0,0,0,0.0,0.0,0,0,0.0,0.0,0.0,0.0,0.0,-1,1.0,0,3003.9,-1.0,0,0,0,0.0,0.0,1065951.189,83536,0,0.0,0,0,0.0,0.0,0,0,0.0,0.0,0.0,0.0,0.0,None,0.0,0.0,1.0,1.0,0.0,0.0,0.0,0.0,0.0,0.0,0.0,0,0,0,0.0,0,0.0,0.0,0.0,0.0,0.0,1.0,1.0,0,0,0.0,0.0,0,0,0,0,14812.548,289622.174,0.933,0.5193312168121338,0,0,0,0,0,0,0,0,0,0,0,0,0.0,0.0,0,0,0,0,1,0,0,1,1,0,0,0.0,0,0.0,0.0,0,0.8,0,0,0.0,0,0,0,0,0.0,0,0.0,0.0,0.0,30.0,0.05,30.0,79527,0,25258,0
TREW_landbasedwind_class3_moderate_1_anyQual_1,TREW,LandbasedWind_Class3_Moderate_,1_anyQual_1,1637,26,1,0,1,0,0,0,0,0,0.0,0.0,0,0,0.0,9110.0,0.0,0.0,0.0,-1,1.0,0,9111.2,-1.0,0,0,0,0.0,0.0,1065951.189,83597,119104,0.0,0,0,0.0,0.0,0,0,0.0,0.0,0.0,0.0,0.0,None,0.0,0.0,1.0,1.0,0.0,0.0,0.0,0.0,0.0,0.0,0.0,0,0,0,0.0,0,0.0,0.0,0.0,0.0,0.0,1.0,1.0,0,0,0.0,0.0,0,0,0,0,14860.686,290563.926,0.933,0.5278547406196594,0,0,0,0,0,0,0,0,0,0,0,0,0.0,0.0,0,0,0,0,1,0,0,1,1,0,0,0.0,0,0.0,0.0,0,0.8,0,0,0.0,0,0,0,0,0.0,0,0.0,0.0,0.0,30.0,0.05,30.0,79575,0,25258,0
TREW_landbasedwind_class3_moderate_2_anyQual_1,TREW,LandbasedWind_Class3_Moderate_,2_anyQual_1,1638,26,1,0,1,0,0,0,0,0,0.0,0.0,0,0,0.0,553.0,0.0,0.0,0.0,-1,1.0,0,4571.5,-1.0,0,0,0,0.0,0.0,1065951.189,75236,110743,0.0,0,0,0.0,0.0,0,0,0.0,0.0,0.0,0.0,0.0,None,0.0,0.0,1.0,1.0,0.0,0.0,0.0,0.0,0.0,0.0,0.0,0,0,0,0.0,0,0.0,0.0,0.0,0.0,0.0,1.0,1.0,0,0,0.0,0.0,0,0,0,0,8286.707,162025.624,0.933,0.4952253103256225,0,0,0,0,0,0,0,0,0,0,0,0,0.0,0.0,0,0,0,0,1,0,0,1,1,0,0,0.0,0,0.0,0.0,0,0.8,0,0,0.0,0,0,0,0,0.0,0,0.0,0.0,0.0,30.0,0.05,30.0,73001,0,25258,0
TREW_landbasedwind_class3_moderate_3_anyQual_0,TREW,LandbasedWind_Class3_Moderate_,3_anyQual_0,1639,26,1,0,1,0,0,0,0,0,0.0,0.0,0,0,0.0,0.0,0.0,0.0,0.0,-1,1.0,0,2873.7,-1.0,0,0,0,0.0,0.0,1065951.189,80975,0,0.0,0,0,0.0,0.0,0,0,0.0,0.0,0.0,0.0,0.0,None,0.0,0.0,1.0,1.0,0.0,0.0,0.0,0.0,0.0,0.0,0.0,0,0,0,0.0,0,0.0,0.0,0.0,0.0,0.0,1.0,1.0,0,0,0.0,0.0,0,0,0,0,12799.104,250254.492,0.933,0.4943915009498596,0,0,0,0,0,0,0,0,0,0,0,0,0.0,0.0,0,0,0,0,1,0,0,1,1,0,0,0.0,0,0.0,0.0,0,0.8,0,0,0.0,0,0,0,0,0.0,0,0.0,0.0,0.0,30.0,0.05,30.0,77514,0,25258,0
TREW_landbasedwind_class3_moderate_4_anyQual_1,TREW,LandbasedWind_Class3_Moderate_,4_anyQual_1,1640,26,1,0,1,0,0,0,0,0,0.0,0.0,0,0,0.0,0.0,0.0,0.0,0.0,-1,1.0,0,9763.2,-1.0,0,0,0,0.0,0.0,1065951.189,86155,0,0.0,0,0,0.0,0.0,0,0,0.0,0.0,0.0,0.0,0.0,None,0.0,0.0,1.0,1.0,0.0,0.0,0.0,0.0,0.0,0.0,0.0,0,0,0,0.0,0,0.0,0.0,0.0,0.0,0.0,1.0,1.0,0,0,0.0,0.0,0,0,0,0,16871.216,329874.143,0.933,0.510814905166626,0,0,0,0,0,0,0,0,0,0,0,0,0.0,0.0,0,0,0,0,1,0,0,1,1,0,0,0.0,0,0.0,0.0,0,0.8,0,0,0.0,0,0,0,0,0.0,0,0.0,0.0,0.0,30.0,0.05,30.0,81586,0,25258,0
TREW_landbasedwind_class3_moderate_5_anyQual_1,TREW,LandbasedWind_Class3_Moderate_,5_anyQual_1,1641,26,1,0,1,0,0,0,0,0,0.0,0.0,0,0,0.0,0.0,0.0,0.0,0.0,-1,1.0,0,4068.0,-1.0,0,0,0,0.0,0.0,1065951.189,75311,0,0.0,0,0,0.0,0.0,0,0,0.0,0.0,0.0,0.0,0.0,None,0.0,0.0,1.0,1.0,0.0,0.0,0.0,0.0,0.0,0.0,0.0,0,0,0,0.0,0,0.0,0.0,0.0,0.0,0.0,1.0,1.0,0,0,0.0,0.0,0,0,0,0,8345.794,163180.509,0.933,0.4788041710853576,0,0,0,0,0,0,0,0,0,0,0,0,0.0,0.0,0,0,0,0,1,0,0,1,1,0,0,0.0,0,0.0,0.0,0,0.8,0,0,0.0,0,0,0,0,0.0,0,0.0,0.0,0.0,30.0,0.05,30.0,73060,0,25258,0
TREW_landbasedwind_class3_moderate_6_anyQual_0,TREW,LandbasedWind_Class3_Moderate_,6_anyQual_0,1642,26,1,0,1,0,0,0,0,0,0.0,0.0,0,0,0.0,0.0,0.0,0.0,0.0,-1,1.0,0,3217.9,-1.0,0,0,0,0.0,0.0,1065951.189,83832,0,0.0,0,0,0.0,0.0,0,0,0.0,0.0,0.0,0.0,0.0,None,0.0,0.0,1.0,1.0,0.0,0.0,0.0,0.0,0.0,0.0,0.0,0,0,0,0.0,0,0.0,0.0,0.0,0.0,0.0,1.0,1.0,0,0,0.0,0.0,0,0,0,0,15045.011,294166.5,0.933,0.4924808442592621,0,0,0,0,0,0,0,0,0,0,0,0,0.0,0.0,0,0,0,0,1,0,0,1,1,0,0,0.0,0,0.0,0.0,0,0.8,0,0,0.0,0,0,0,0,0.0,0,0.0,0.0,0.0,30.0,0.05,30.0,79760,0,25258,0
TREW_landbasedwind_class3_moderate_7_anyQual_1,TREW,LandbasedWind_Class3_Moderate_,7_anyQual_1,1643,26,1,0,1,0,0,0,0,0,0.0,0.0,0,0,0.0,0.0,0.0,0.0,0.0,-1,1.0,0,6887.1,-1.0,0,0,0,0.0,0.0,1065951.189,77497,0,0.0,0,0,0.0,0.0,0,0,0.0,0.0,0.0,0.0,0.0,None,0.0,0.0,1.0,1.0,0.0,0.0,0.0,0.0,0.0,0.0,0.0,0,0,0,0.0,0,0.0,0.0,0.0,0.0,0.0,1.0,1.0,0,0,0.0,0.0,0,0,0,0,10064.822,196792.515,0.933,0.4717591106891632,0,0,0,0,0,0,0,0,0,0,0,0,0.0,0.0,0,0,0,0,1,0,0,1,1,0,0,0.0,0,0.0,0.0,0,0.8,0,0,0.0,0,0,0,0,0.0,0,0.0,0.0,0.0,30.0,0.05,30.0,74779,0,25258,0
TREW_landbasedwind_class3_moderate_8_anyQual_1,TREW,LandbasedWind_Class3_Moderate_,8_anyQual_1,1644,26,1,0,1,0,0,0,0,0,0.0,0.0,0,0,0.0,0.0,0.0,0.0,0.0,-1,1.0,0,6544.3,-1.0,0,0,0,0.0,0.0,1065951.189,90073,0,0.0,0,0,0.0,0.0,0,0,0.0,0.0,0.0,0.0,0.0,None,0.0,0.0,1.0,1.0,0.0,0.0,0.0,0.0,0.0,0.0,0.0,0,0,0,0.0,0,0.0,0.0,0.0,0.0,0.0,1.0,1.0,0,0,0.0,0.0,0,0,0,0,19951.619,390103.503,0.933,0.5084831714630127,0,0,0,0,0,0,0,0,0,0,0,0,0.0,0.0,0,0,0,0,1,0,0,1,1,0,0,0.0,0,0.0,0.0,0,0.8,0,0,0.0,0,0,0,0,0.0,0,0.0,0.0,0.0,30.0,0.05,30.0,84666,0,25258,0
TREW_landbasedwind_class3_moderate_9_anyQual_0,TREW,LandbasedWind_Class3_Moderate_,9_anyQual_0,1645,26,1,0,1,0,0,0,0,0,0.0,0.0,0,0,0.0,0.0,0.0,0.0,0.0,-1,1.0,0,3464.3,-1.0,0,0,0,0.0,0.0,1065951.189,81585,0,0.0,0,0,0.0,0.0,0,0,0.0,0.0,0.0,0.0,0.0,None,0.0,0.0,1.0,1.0,0.0,0.0,0.0,0.0,0.0,0.0,0.0,0,0,0,0.0,0,0.0,0.0,0.0,0.0,0.0,1.0,1.0,0,0,0.0,0.0,0,0,0,0,13278.321,259624.078,0.933,0.4743502140045166,0,0,0,0,0,0,0,0,0,0,0,0,0.0,0.0,0,0,0,0,1,0,0,1,1,0,0,0.0,0,0.0,0.0,0,0.8,0,0,0.0,0,0,0,0,0.0,0,0.0,0.0,0.0,30.0,0.05,30.0,77993,0,25258,0
TREW_landbasedwind_class3_moderate_10_anyQual_1,TREW,LandbasedWind_Class3_Moderate_,10_anyQual_1,1646,26,1,0,1,0,0,0,0,0,0.0,0.0,0,0,0.0,0.0,0.0,0.0,0.0,-1,1.0,0,10760.4,-1.0,0,0,0,0.0,0.0,1065951.189,90165,0,0.0,0,0,0.0,0.0,0,0,0.0,0.0,0.0,0.0,0.0,None,0.0,0.0,1.0,1.0,0.0,0.0,0.0,0.0,0.0,0.0,0.0,0,0,0,0.0,0,0.0,0.0,0.0,0.0,0.0,1.0,1.0,0,0,0.0,0.0,0,0,0,0,20024.238,391523.351,0.933,0.4960055351257324,0,0,0,0,0,0,0,0,0,0,0,0,0.0,0.0,0,0,0,0,1,0,0,1,1,0,0,0.0,0,0.0,0.0,0,0.8,0,0,0.0,0,0,0,0,0.0,0,0.0,0.0,0.0,30.0,0.05,30.0,84739,0,25258,0
TREW_landbasedwind_class3_moderate_11_anyQual_1,TREW,LandbasedWind_Class3_Moderate_,11_anyQual_1,1647,26,1,0,1,0,0,0,0,0,0.0,0.0,0,0,0.0,0.0,0.0,0.0,0.0,-1,1.0,0,2494.7,-1.0,0,0,0,0.0,0.0,1065951.189,73685,0,0.0,0,0,0.0,0.0,0,0,0.0,0.0,0.0,0.0,0.0,None,0.0,0.0,1.0,1.0,0.0,0.0,0.0,0.0,0.0,0.0,0.0,0,0,0,0.0,0,0.0,0.0,0.0,0.0,0.0,1.0,1.0,0,0,0.0,0.0,0,0,0,0,7067.466,138186.089,0.933,0.4504512548446655,0,0,0,0,0,0,0,0,0,0,0,0,0.0,0.0,0,0,0,0,1,0,0,1,1,0,0,0.0,0,0.0,0.0,0,0.8,0,0,0.0,0,0,0,0,0.0,0,0.0,0.0,0.0,30.0,0.05,30.0,71782,0,25258,0
TREW_landbasedwind_class3_moderate_12_anyQual_0,TREW,LandbasedWind_Class3_Moderate_,12_anyQual_0,1648,26,1,0,1,0,0,0,0,0,0.0,0.0,0,0,0.0,0.0,0.0,0.0,0.0,-1,1.0,0,2018.0,-1.0,0,0,0,0.0,0.0,1065951.189,86570,0,0.0,0,0,0.0,0.0,0,0,0.0,0.0,0.0,0.0,0.0,None,0.0,0.0,1.0,1.0,0.0,0.0,0.0,0.0,0.0,0.0,0.0,0,0,0,0.0,0,0.0,0.0,0.0,0.0,0.0,1.0,1.0,0,0,0.0,0.0,0,0,0,0,17197.916,336262.562,0.933,0.4787236750125885,0,0,0,0,0,0,0,0,0,0,0,0,0.0,0.0,0,0,0,0,1,0,0,1,1,0,0,0.0,0,0.0,0.0,0,0.8,0,0,0.0,0,0,0,0,0.0,0,0.0,0.0,0.0,30.0,0.05,30.0,81912,0,25258,0
TREW_landbasedwind_class3_moderate_13_anyQual_1,TREW,LandbasedWind_Class3_Moderate_,13_anyQual_1,1649,26,1,0,1,0,0,0,0,0,0.0,0.0,0,0,0.0,0.0,0.0,0.0,0.0,-1,1.0,0,10366.4,-1.0,0,0,0,0.0,0.0,1065951.189,92578,0,0.0,0,0,0.0,0.0,0,0,0.0,0.0,0.0,0.0,0.0,None,0.0,0.0,1.0,1.0,0.0,0.0,0.0,0.0,0.0,0.0,0.0,0,0,0,0.0,0,0.0,0.0,0.0,0.0,0.0,1.0,1.0,0,0,0.0,0.0,0,0,0,0,21921.452,428618.796,0.933,0.4944729804992676,0,0,0,0,0,0,0,0,0,0,0,0,0.0,0.0,0,0,0,0,1,0,0,1,1,0,0,0.0,0,0.0,0.0,0,0.8,0,0,0.0,0,0,0,0,0.0,0,0.0,0.0,0.0,30.0,0.05,30.0,86636,0,25258,0
TREW_landbasedwind_class3_moderate_14_anyQual_1,TREW,LandbasedWind_Class3_Moderate_,14_anyQual_1,1650,26,1,0,1,0,0,0,0,0,0.0,0.0,0,0,0.0,0.0,0.0,0.0,0.0,-1,1.0,0,4244.5,-1.0,0,0,0,0.0,0.0,1065951.189,75485,0,0.0,0,0,0.0,0.0,0,0,0.0,0.0,0.0,0.0,0.0,None,0.0,0.0,1.0,1.0,0.0,0.0,0.0,0.0,0.0,0.0,0.0,0,0,0,0.0,0,0.0,0.0,0.0,0.0,0.0,1.0,1.0,0,0,0.0,0.0,0,0,0,0,8482.414,165851.771,0.933,0.447258323431015,0,0,0,0,0,0,0,0,0,0,0,0,0.0,0.0,0,0,0,0,1,0,0,1,1,0,0,0.0,0,0.0,0.0,0,0.8,0,0,0.0,0,0,0,0,0.0,0,0.0,0.0,0.0,30.0,0.05,30.0,73197,0,25258,0
TREW_landbasedwind_class3_moderate_15_anyQual_0,TREW,LandbasedWind_Class3_Moderate_,15_anyQual_0,1651,26,1,0,1,0,0,0,0,0,0.0,0.0,0,0,0.0,0.0,0.0,0.0,0.0,-1,1.0,0,2956.9,-1.0,0,0,0,0.0,0.0,1065951.189,85389,0,0.0,0,0,0.0,0.0,0,0,0.0,0.0,0.0,0.0,0.0,None,0.0,0.0,1.0,1.0,0.0,0.0,0.0,0.0,0.0,0.0,0.0,0,0,0,0.0,0,0.0,0.0,0.0,0.0,0.0,1.0,1.0,0,0,0.0,0.0,0,0,0,0,16269.062,318100.713,0.933,0.4695829749107361,0,0,0,0,0,0,0,0,0,0,0,0,0.0,0.0,0,0,0,0,1,0,0,1,1,0,0,0.0,0,0.0,0.0,0,0.8,0,0,0.0,0,0,0,0,0.0,0,0.0,0.0,0.0,30.0,0.05,30.0,80984,0,25258,0
TREW_landbasedwind_class3_moderate_16_anyQual_1,TREW,LandbasedWind_Class3_Moderate_,16_anyQual_1,1652,26,1,0,1,0,0,0,0,0,0.0,0.0,0,0,0.0,0.0,0.0,0.0,0.0,-1,1.0,0,10667.0,-1.0,0,0,0,0.0,0.0,1065951.189,93509,0,0.0,0,0,0.0,0.0,0,0,0.0,0.0,0.0,0.0,0.0,None,0.0,0.0,1.0,1.0,0.0,0.0,0.0,0.0,0.0,0.0,0.0,0,0,0,0.0,0,0.0,0.0,0.0,0.0,0.0,1.0,1.0,0,0,0.0,0.0,0,0,0,0,22653.701,442936.004,0.933,0.489201158285141,0,0,0,0,0,0,0,0,0,0,0,0,0.0,0.0,0,0,0,0,1,0,0,1,1,0,0,0.0,0,0.0,0.0,0,0.8,0,0,0.0,0,0,0,0,0.0,0,0.0,0.0,0.0,30.0,0.05,30.0,87368,0,25258,0
TREW_landbasedwind_class3_moderate_17_anyQual_1,TREW,LandbasedWind_Class3_Moderate_,17_anyQual_1,1653,26,1,0,1,0,0,0,0,0,0.0,0.0,0,0,0.0,0.0,0.0,0.0,0.0,-1,1.0,0,3015.6,-1.0,0,0,0,0.0,0.0,1065951.189,76433,0,0.0,0,0,0.0,0.0,0,0,0.0,0.0,0.0,0.0,0.0,None,0.0,0.0,1.0,1.0,0.0,0.0,0.0,0.0,0.0,0.0,0.0,0,0,0,0.0,0,0.0,0.0,0.0,0.0,0.0,1.0,1.0,0,0,0.0,0.0,0,0,0,0,9228.03,180430.354,0.933,0.442820131778717,0,0,0,0,0,0,0,0,0,0,0,0,0.0,0.0,0,0,0,0,1,0,0,1,1,0,0,0.0,0,0.0,0.0,0,0.8,0,0,0.0,0,0,0,0,0.0,0,0.0,0.0,0.0,30.0,0.05,30.0,73943,0,25258,0
TREW_utilitypv_class1_moderate_0_anyQual_0,TREW,UtilityPV_Class1_Moderate_,0_anyQual_0,1654,26,1,0,1,0,0,0,0,0,0.0,0.0,0,0,0.0,0.0,0.0,0.0,0.0,-1,1.0,0,7225.2,-1.0,0,0,0,0.0,0.0,871935.36,58450,0,0.0,0,0,0.0,0.0,0,0,0.0,0.0,0.0,0.0,0.0,None,0.0,0.0,1.0,1.0,0.0,0.0,0.0,0.0,0.0,0.0,0.0,0,0,0,0.0,0,0.0,0.0,0.0,0.0,0.0,1.0,1.0,0,0,0.0,0.0,0,0,0,0,2786.313,54479.18,0.968,0.2856278121471405,0,0,0,0,0,0,0,0,0,0,0,0,0.0,0.0,0,0,0,0,1,0,0,1,1,0,0,0.0,0,0.0,0.0,0,0.8,0,0,0.0,0,0,0,0,0.0,0,0.0,0.0,0.0,30.0,0.05,30.0,57716,0,15760,0
TREW_utilitypv_class1_moderate_1_anyQual_1,TREW,UtilityPV_Class1_Moderate_,1_anyQual_1,1655,26,1,0,1,0,0,0,0,0,0.0,0.0,0,0,0.0,2880.9,0.0,0.0,0.0,-1,1.0,0,2880.9,-1.0,0,0,0,0.0,0.0,871935.36,57612,95810,0.0,0,0,0.0,0.0,0,0,0.0,0.0,0.0,0.0,0.0,None,0.0,0.0,1.0,1.0,0.0,0.0,0.0,0.0,0.0,0.0,0.0,0,0,0,0.0,0,0.0,0.0,0.0,0.0,0.0,1.0,1.0,0,0,0.0,0.0,0,0,0,0,2127.57,41599.149,0.968,0.2881158888339996,0,0,0,0,0,0,0,0,0,0,0,0,0.0,0.0,0,0,0,0,1,0,0,1,1,0,0,0.0,0,0.0,0.0,0,0.8,0,0,0.0,0,0,0,0,0.0,0,0.0,0.0,0.0,30.0,0.05,30.0,57057,0,15760,0
TREW_utilitypv_class1_moderate_2_anyQual_0,TREW,UtilityPV_Class1_Moderate_,2_anyQual_0,1656,26,1,0,1,0,0,0,0,0,0.0,0.0,0,0,0.0,0.0,0.0,0.0,0.0,-1,1.0,0,6511.7,-1.0,0,0,0,0.0,0.0,871935.36,59626,0,0.0,0,0,0.0,0.0,0,0,0.0,0.0,0.0,0.0,0.0,None,0.0,0.0,1.0,1.0,0.0,0.0,0.0,0.0,0.0,0.0,0.0,0,0,0,0.0,0,0.0,0.0,0.0,0.0,0.0,1.0,1.0,0,0,0.0,0.0,0,0,0,0,3711.195,72562.856,0.968,0.2851909399032593,0,0,0,0,0,0,0,0,0,0,0,0,0.0,0.0,0,0,0,0,1,0,0,1,1,0,0,0.0,0,0.0,0.0,0,0.8,0,0,0.0,0,0,0,0,0.0,0,0.0,0.0,0.0,30.0,0.05,30.0,58641,0,15760,0
TREW_utilitypv_class1_moderate_3_anyQual_1,TREW,UtilityPV_Class1_Moderate_,3_anyQual_1,1657,26,1,0,1,0,0,0,0,0,0.0,0.0,0,0,0.0,0.0,0.0,0.0,0.0,-1,1.0,0,3518.5,-1.0,0,0,0,0.0,0.0,871935.36,60657,0,0.0,0,0,0.0,0.0,0,0,0.0,0.0,0.0,0.0,0.0,None,0.0,0.0,1.0,1.0,0.0,0.0,0.0,0.0,0.0,0.0,0.0,0,0,0,0.0,0,0.0,0.0,0.0,0.0,0.0,1.0,1.0,0,0,0.0,0.0,0,0,0,0,4521.805,88412.261,0.968,0.288293719291687,0,0,0,0,0,0,0,0,0,0,0,0,0.0,0.0,0,0,0,0,1,0,0,1,1,0,0,0.0,0,0.0,0.0,0,0.8,0,0,0.0,0,0,0,0,0.0,0,0.0,0.0,0.0,30.0,0.05,30.0,59451,0,15760,0
TREW_utilitypv_class1_moderate_4_anyQual_0,TREW,UtilityPV_Class1_Moderate_,4_anyQual_0,1658,26,1,0,1,0,0,0,0,0,0.0,0.0,0,0,0.0,0.0,0.0,0.0,0.0,-1,1.0,0,5727.1,-1.0,0,0,0,0.0,0.0,871935.36,60461,0,0.0,0,0,0.0,0.0,0,0,0.0,0.0,0.0,0.0,0.0,None,0.0,0.0,1.0,1.0,0.0,0.0,0.0,0.0,0.0,0.0,0.0,0,0,0,0.0,0,0.0,0.0,0.0,0.0,0.0,1.0,1.0,0,0,0.0,0.0,0,0,0,0,4367.375,85392.764,0.968,0.2850590944290161,0,0,0,0,0,0,0,0,0,0,0,0,0.0,0.0,0,0,0,0,1,0,0,1,1,0,0,0.0,0,0.0,0.0,0,0.8,0,0,0.0,0,0,0,0,0.0,0,0.0,0.0,0.0,30.0,0.05,30.0,59297,0,15760,0
TREW_utilitypv_class1_moderate_5_anyQual_1,TREW,UtilityPV_Class1_Moderate_,5_anyQual_1,1659,26,1,0,1,0,0,0,0,0,0.0,0.0,0,0,0.0,0.0,0.0,0.0,0.0,-1,1.0,0,4284.6,-1.0,0,0,0,0.0,0.0,871935.36,61402,0,0.0,0,0,0.0,0.0,0,0,0.0,0.0,0.0,0.0,0.0,None,0.0,0.0,1.0,1.0,0.0,0.0,0.0,0.0,0.0,0.0,0.0,0,0,0,0.0,0,0.0,0.0,0.0,0.0,0.0,1.0,1.0,0,0,0.0,0.0,0,0,0,0,5107.717,99868.251,0.968,0.2878679037094116,0,0,0,0,0,0,0,0,0,0,0,0,0.0,0.0,0,0,0,0,1,0,0,1,1,0,0,0.0,0,0.0,0.0,0,0.8,0,0,0.0,0,0,0,0,0.0,0,0.0,0.0,0.0,30.0,0.05,30.0,60037,0,15760,0
TREW_utilitypv_class1_moderate_6_anyQual_0,TREW,UtilityPV_Class1_Moderate_,6_anyQual_0,1660,26,1,0,1,0,0,0,0,0,0.0,0.0,0,0,0.0,0.0,0.0,0.0,0.0,-1,1.0,0,4496.0,-1.0,0,0,0,0.0,0.0,871935.36,61184,0,0.0,0,0,0.0,0.0,0,0,0.0,0.0,0.0,0.0,0.0,None,0.0,0.0,1.0,1.0,0.0,0.0,0.0,0.0,0.0,0.0,0.0,0,0,0,0.0,0,0.0,0.0,0.0,0.0,0.0,1.0,1.0,0,0,0.0,0.0,0,0,0,0,4936.205,96514.783,0.968,0.2847176790237427,0,0,0,0,0,0,0,0,0,0,0,0,0.0,0.0,0,0,0,0,1,0,0,1,1,0,0,0.0,0,0.0,0.0,0,0.8,0,0,0.0,0,0,0,0,0.0,0,0.0,0.0,0.0,30.0,0.05,30.0,59866,0,15760,0
TREW_utilitypv_class1_moderate_7_anyQual_1,TREW,UtilityPV_Class1_Moderate_,7_anyQual_1,1661,26,1,0,1,0,0,0,0,0,0.0,0.0,0,0,0.0,0.0,0.0,0.0,0.0,-1,1.0,0,5387.6,-1.0,0,0,0,0.0,0.0,871935.36,62042,0,0.0,0,0,0.0,0.0,0,0,0.0,0.0,0.0,0.0,0.0,None,0.0,0.0,1.0,1.0,0.0,0.0,0.0,0.0,0.0,0.0,0.0,0,0,0,0.0,0,0.0,0.0,0.0,0.0,0.0,1.0,1.0,0,0,0.0,0.0,0,0,0,0,5611.009,109708.827,0.968,0.2871415019035339,0,0,0,0,0,0,0,0,0,0,0,0,0.0,0.0,0,0,0,0,1,0,0,1,1,0,0,0.0,0,0.0,0.0,0,0.8,0,0,0.0,0,0,0,0,0.0,0,0.0,0.0,0.0,30.0,0.05,30.0,60541,0,15760,0
TREW_utilitypv_class1_moderate_8_anyQual_0,TREW,UtilityPV_Class1_Moderate_,8_anyQual_0,1662,26,1,0,1,0,0,0,0,0,0.0,0.0,0,0,0.0,0.0,0.0,0.0,0.0,-1,1.0,0,3880.5,-1.0,0,0,0,0.0,0.0,871935.36,61659,0,0.0,0,0,0.0,0.0,0,0,0.0,0.0,0.0,0.0,0.0,None,0.0,0.0,1.0,1.0,0.0,0.0,0.0,0.0,0.0,0.0,0.0,0,0,0,0.0,0,0.0,0.0,0.0,0.0,0.0,1.0,1.0,0,0,0.0,0.0,0,0,0,0,5309.88,103821.033,0.968,0.2843338549137115,0,0,0,0,0,0,0,0,0,0,0,0,0.0,0.0,0,0,0,0,1,0,0,1,1,0,0,0.0,0,0.0,0.0,0,0.8,0,0,0.0,0,0,0,0,0.0,0,0.0,0.0,0.0,30.0,0.05,30.0,60239,0,15760,0
TREW_utilitypv_class1_moderate_9_anyQual_1,TREW,UtilityPV_Class1_Moderate_,9_anyQual_1,1663,26,1,0,1,0,0,0,0,0,0.0,0.0,0,0,0.0,0.0,0.0,0.0,0.0,-1,1.0,0,6106.7,-1.0,0,0,0,0.0,0.0,871935.36,62540,0,0.0,0,0,0.0,0.0,0,0,0.0,0.0,0.0,0.0,0.0,None,0.0,0.0,1.0,1.0,0.0,0.0,0.0,0.0,0.0,0.0,0.0,0,0,0,0.0,0,0.0,0.0,0.0,0.0,0.0,1.0,1.0,0,0,0.0,0.0,0,0,0,0,6002.663,117366.611,0.968,0.2862951159477234,0,0,0,0,0,0,0,0,0,0,0,0,0.0,0.0,0,0,0,0,1,0,0,1,1,0,0,0.0,0,0.0,0.0,0,0.8,0,0,0.0,0,0,0,0,0.0,0,0.0,0.0,0.0,30.0,0.05,30.0,60932,0,15760,0
